0.100000;-5.224001;2.874989;3.493912;3.527081;2.985126;3.357063;1.819701;3.153585;4.114652;1.573088;5.328950;1.705889;3.272893;2.328298;3.614770;4.056567;2.437703;1.874583;2.941949;3.791999;5.345981;2.805526;3.813299;4.124845;1.668096;3.864474;3.459936;2.682404;3.501601;2.964327;4.814399;2.994875;4.507063;4.891581;4.791721;1.902304;2.971404;1.334918;3.563698;5.671406;4.925500;1.507946;5.126108;1.916384;5.016623;3.265675;4.032055;4.402672;5.600252;3.655838;2.756374;5.384548;2.707603;1.809950;3.114430;3.368779;3.827986;4.577974;1.863506;5.109792;1.349322;2.697669;1.689563;2.579500;4.130883;4.798460;3.454229;4.090679;3.190164;4.741444;5.123562;3.798409;4.280781;3.245230;2.108795;4.542710;2.148777;1.529732;1.576952;5.039578;1.856512;2.441523;4.164658;4.821740;1.498953;4.118468;2.760990;1.686087;4.312622;4.763063;4.884456;3.158047;4.751801;1.465984;3.609986;3.958326;1.621572;5.541276;6.032647;4.183754;3.861065;3.372203;3.014429;2.152040;2.543631;4.017787;3.438098;4.754740;3.883723;4.184533;2.646994;3.408647;2.616395;5.469080;3.611872;4.961528;6.185650;6.079945;9.305991;5.597018;4.555468;9.105882;5.192174;4.724075;4.881924;7.450068;6.483579;7.228635;7.045109;8.917431;8.859853;7.042513;5.358422;5.083393;8.931564;5.298677;4.209920;8.194567;7.099729;6.066220;6.070352;6.536736;7.245923;9.006280;7.273582;7.081264;5.208484;7.930312;7.391194;8.733454;3.678324;4.274776;7.053365;8.437306;5.880402;6.782701;7.149525;8.838051;8.150104;9.378610;7.074769;3.267442;7.484194;4.546791;8.042129;3.796721;7.416223;8.679183;7.491256;5.075681;5.990993;5.938673;9.254684;8.581963;7.023064;3.654061
0.100000;-5.258485;2.875267;3.494717;3.527753;2.985747;3.358288;1.820218;3.156112;4.115006;1.573790;5.329429;1.706464;3.273936;2.328258;3.615624;4.058196;2.441988;1.875640;2.942414;3.793369;5.346754;2.806487;3.813546;4.125503;1.669026;3.866228;3.460778;2.684395;3.502606;2.965034;4.814400;2.996396;4.507538;4.891968;4.791943;1.902526;2.972340;1.335294;3.565034;5.673507;4.926321;1.508180;5.126452;1.916824;5.017988;3.266033;4.032233;4.403059;5.601430;3.656146;2.757160;5.385743;2.707989;1.810426;3.115416;3.369695;3.829325;4.578782;1.864115;5.110706;1.349302;2.698914;1.690537;2.579722;4.131510;4.799401;3.454769;4.091976;3.190464;4.741670;5.124377;3.798409;4.282617;3.246489;2.109417;4.544139;2.149570;1.529672;1.577173;5.040702;1.857129;2.441881;4.164839;4.822239;1.499217;4.119743;2.761527;1.686693;4.311085;4.765144;4.885374;3.159228;4.751996;1.465413;3.610328;3.958864;1.622114;5.543208;6.034445;4.183954;3.862403;3.371807;3.015194;2.152861;2.544170;4.018468;3.439045;4.755145;3.883869;4.185680;2.646994;3.409409;2.617061;5.469915;3.613728;4.961924;6.186179;6.080043;9.306435;5.597083;4.555748;9.106848;5.193286;4.724335;4.881887;7.450344;6.483766;7.231090;7.045123;8.918924;8.861213;7.042938;5.358460;5.084796;8.933198;5.298676;4.210433;8.194669;7.098355;6.066623;6.073390;6.538114;7.249620;9.006791;7.273589;7.081348;5.208728;7.931899;7.392106;8.733301;3.678462;4.276066;7.053916;8.437975;5.880942;6.786746;7.149960;8.838348;8.153628;9.379594;7.075825;3.267442;7.484316;4.549779;8.042363;3.797471;7.418063;8.681280;7.492964;5.075974;5.993836;5.940001;9.256640;8.583874;7.023180;3.654061
0.100000;-5.070943;2.876992;3.495016;3.528055;2.986046;3.358470;1.819406;3.154890;4.115244;1.574093;5.329707;1.706759;3.274188;2.328251;3.614956;4.058114;2.554446;1.875885;2.942685;3.793473;5.347058;2.806763;3.813732;4.125807;1.669306;3.864357;3.461074;2.683954;3.502873;2.965338;4.814400;2.996400;4.507812;4.892219;4.792115;1.902732;2.972619;1.335537;3.565156;5.672931;4.926619;1.508360;5.126684;1.917089;5.018093;3.266271;4.032378;4.403309;5.601633;3.656362;2.757461;5.385937;2.708238;1.810701;3.115686;3.369978;3.826178;4.578041;1.864414;5.110989;1.349304;2.699085;1.690808;2.579348;4.131809;4.799677;3.455057;4.092120;3.190676;4.741423;5.124676;3.798409;4.282347;3.246653;2.109718;4.544205;2.149876;1.531529;1.577344;5.040926;1.857429;2.441673;4.164986;4.822517;1.499413;4.119899;2.761817;1.686380;4.311093;4.764591;4.885657;3.159426;4.752152;1.465673;3.610557;3.959154;1.622403;5.542838;6.034211;4.184114;3.862522;3.372060;3.015494;2.153157;2.544458;4.018771;3.439321;4.755399;3.883994;4.185898;2.646994;3.409713;2.617365;5.470211;3.613431;4.961389;6.186463;6.080022;9.306700;5.597142;4.555952;9.107117;5.193511;4.724530;4.881950;7.450131;6.483469;7.229993;7.045156;8.918943;8.861323;7.043199;5.358376;5.084877;8.933105;5.298678;4.210361;8.194600;7.099972;6.066878;6.071080;6.538212;7.245313;9.007075;7.273589;7.081426;5.208912;7.931850;7.392386;8.733325;3.678332;4.276213;7.054210;8.438274;5.881234;6.781040;7.150221;8.838558;8.149921;9.379860;7.076070;3.267441;7.484179;4.547596;8.042542;3.797773;7.417780;8.680693;7.492814;5.076186;5.991980;5.940126;9.256232;8.583518;7.023281;3.654060
0.100000;-5.036522;2.878189;3.489326;3.523188;2.981496;3.350368;1.819403;3.140284;4.112475;1.569031;5.326077;1.702494;3.267098;2.328243;3.614799;4.047885;2.595797;1.868729;2.939179;3.784580;5.341549;2.800154;3.811751;4.121012;1.662894;3.864417;3.455173;2.671902;3.495965;2.960257;4.814400;2.986727;4.504232;4.889220;4.790326;1.904466;2.966151;1.332634;3.556447;5.660341;4.920826;1.506465;5.123995;1.913731;5.009222;3.263486;4.030920;4.400312;5.593775;3.653939;2.751873;5.377988;2.705244;1.807095;3.108895;3.363624;3.826119;4.578646;1.859935;5.104649;1.349301;2.690860;1.684117;2.579436;4.127224;4.793161;3.451038;4.083612;3.188310;4.742157;5.118929;3.798409;4.271068;3.238357;2.105153;4.535003;2.144223;1.530404;1.575559;5.033367;1.852902;2.442295;4.163504;4.818775;1.497300;4.111531;2.757797;1.686081;4.313060;4.752101;4.879286;3.151569;4.750554;1.465395;3.607899;3.955138;1.618363;5.531082;6.023113;4.182465;3.853810;3.372252;3.010060;2.147376;2.540450;4.013842;3.432796;4.752292;3.882776;4.178225;2.646994;3.404295;2.612528;5.464330;3.602049;4.961983;6.182538;6.080183;9.303333;5.596592;4.553721;9.100457;5.186020;4.722449;4.882032;7.450039;6.483897;7.215741;7.045175;8.909426;8.852510;7.039945;5.358490;5.075809;8.922831;5.298677;4.209747;8.194745;7.099891;6.063775;6.054164;6.529300;7.225591;9.003238;7.273589;7.080706;5.206949;7.921824;7.386060;8.733302;3.678294;4.267772;7.050094;8.433407;5.877181;6.759973;7.146902;8.836206;8.130913;9.373092;7.068910;3.267441;7.484202;4.530920;8.040652;3.792415;7.406463;8.668146;7.482176;5.073847;5.975919;5.931473;9.244340;8.571857;7.022323;3.654061
0.100000;-5.211933;2.874950;3.498058;3.530678;2.988505;3.362707;1.819239;3.162353;4.116767;1.576815;5.331686;1.709071;3.277929;2.328471;3.614603;4.063402;2.621968;1.879663;2.944597;3.798105;5.350003;2.810262;3.814831;4.128390;1.672709;3.865603;3.464222;2.690131;3.506521;2.968068;4.814400;3.001412;4.509766;4.893864;4.793111;1.903300;2.976055;1.337133;3.569701;5.679367;4.929712;1.509412;5.128167;1.918927;5.022715;3.267804;4.033192;4.404954;5.605755;3.657701;2.760449;5.390108;2.709882;1.812669;3.119275;3.373355;3.826137;4.578085;1.866837;5.114358;1.349445;2.703389;1.694354;2.579420;4.134289;4.803141;3.457240;4.096561;3.191983;4.741398;5.127748;3.798409;4.288143;3.250992;2.112184;4.548991;2.152889;1.530295;1.578338;5.044900;1.859875;2.441516;4.165813;4.824557;1.500582;4.124274;2.763999;1.686044;4.311063;4.770989;4.889042;3.163552;4.753044;1.468064;3.612023;3.961335;1.624598;5.548871;6.039920;4.185036;3.867070;3.372035;3.018406;2.156244;2.546636;4.021424;3.442785;4.757102;3.884675;4.189919;2.646994;3.412611;2.619971;5.473349;3.619291;4.960482;6.188602;6.080008;9.308542;5.597455;4.557186;9.110646;5.197455;4.725683;4.881894;7.450059;6.484040;7.237282;7.045241;8.923887;8.865916;7.044982;5.358466;5.089598;8.938426;5.298678;4.210374;8.194750;7.098654;6.068579;6.079803;6.542858;7.255771;9.009166;7.273589;7.081831;5.210006;7.937040;7.395758;8.733334;3.678291;4.280628;7.056444;8.440901;5.883438;6.792515;7.152041;8.839861;8.159911;9.383452;7.079857;3.267441;7.484176;4.556187;8.043592;3.800649;7.423606;8.687147;7.498301;5.077481;6.000223;5.944649;9.262342;8.589505;7.023817;3.654060
0.100000;-5.180281;2.875024;3.496319;3.529171;2.987090;3.360349;1.819212;3.158931;4.115883;1.575254;5.330540;1.707736;3.275820;2.328253;3.614577;4.060576;2.621968;1.877538;2.943490;3.795562;5.348317;2.808280;3.814191;4.126904;1.670781;3.864360;3.462425;2.686990;3.504461;2.966501;4.814399;2.998697;4.508634;4.892907;4.792532;1.902480;2.974107;1.336206;3.567199;5.676158;4.927946;1.508799;5.127305;1.917863;5.020175;3.266913;4.032718;4.404000;5.603455;3.656922;2.758741;5.387783;2.708928;1.811528;3.117245;3.371438;3.826636;4.578032;1.865441;5.112445;1.349318;2.701000;1.692347;2.579376;4.132861;4.801180;3.455979;4.094108;3.191224;4.741495;5.125993;3.798409;4.285129;3.248588;2.110763;4.546379;2.151164;1.529889;1.577759;5.042672;1.858464;2.441516;4.165331;4.823378;1.499901;4.121850;2.762741;1.686033;4.311400;4.767784;4.887120;3.161252;4.752525;1.465381;3.611172;3.960075;1.623332;5.545774;6.036934;4.184499;3.864565;3.372260;3.016741;2.154482;2.545377;4.019900;3.440821;4.756114;3.884277;4.187670;2.646994;3.410953;2.618471;5.471559;3.616254;4.960476;6.187365;6.079927;9.307474;5.597272;4.556468;9.108652;5.195245;4.725012;4.881923;7.450033;6.483732;7.233882;7.045201;8.921209;8.863393;7.043948;5.358370;5.087017;8.935593;5.298678;4.211749;8.194850;7.098397;6.067592;6.076366;6.540310;7.252758;9.007955;7.273589;7.081594;5.209370;7.934252;7.393846;8.733303;3.678426;4.278186;7.055153;8.439394;5.882163;6.789978;7.150989;8.839104;8.156726;9.381421;7.077729;3.267442;7.484229;4.552746;8.042981;3.799003;7.420579;8.683924;7.495397;5.076728;5.996756;5.942156;9.259220;8.586427;7.023505;3.654060
0.100000;-5.212640;2.874950;3.498528;3.531048;2.988843;3.363546;1.819396;3.164904;4.116937;1.577205;5.331929;1.709378;3.278600;2.328262;3.614700;4.064670;2.448390;1.880342;2.944831;3.799088;5.350450;2.810859;3.814944;4.128753;1.673277;3.864593;3.464719;2.691864;3.507161;2.968466;4.814400;3.002551;4.510005;4.894051;4.793210;1.903431;2.976630;1.337315;3.570650;5.681247;4.930195;1.509518;5.128330;1.919146;5.023695;3.267975;4.033270;4.405140;5.606549;3.657844;2.760907;5.390918;2.710072;1.812910;3.119897;3.373915;3.826293;4.578815;1.867165;5.114915;1.349587;2.704247;1.694961;2.579347;4.134627;4.803730;3.457522;4.097473;3.192122;4.741796;5.128225;3.798409;4.289669;3.251864;2.112521;4.550037;2.153358;1.530118;1.578436;5.045645;1.860209;2.441686;4.165892;4.824813;1.500704;4.125160;2.764280;1.687103;4.311074;4.772847;4.889604;3.164346;4.753129;1.465684;3.612184;3.961616;1.624884;5.550520;6.041398;4.185124;3.868018;3.371818;3.018845;2.156726;2.546916;4.021801;3.443366;4.757300;3.884738;4.190684;2.646994;3.413049;2.620340;5.473845;3.620842;4.960637;6.188871;6.079870;9.308764;5.597481;4.557314;9.111253;5.198188;4.725802;4.882044;7.450132;6.483516;7.239710;7.045475;8.925003;8.866888;7.045192;5.358412;5.090620;8.939713;5.298678;4.209540;8.194654;7.098688;6.068776;6.083317;6.543845;7.260800;9.009429;7.273582;7.081866;5.210114;7.938266;7.396314;8.733337;3.678325;4.281527;7.056737;8.441279;5.883720;6.798472;7.152256;8.839997;8.164509;9.384067;7.080536;3.267442;7.484960;4.559596;8.043699;3.801077;7.425139;8.689023;7.499670;5.077617;6.003351;5.945588;9.264030;8.591133;7.023865;3.654060
0.100000;-5.208579;2.874944;3.494016;3.527180;2.985221;3.357160;1.819582;3.153377;4.114717;1.573187;5.329031;1.705979;3.272994;2.328241;3.614662;4.056616;2.621968;1.874688;2.942029;3.792083;5.346084;2.805633;3.813349;4.124941;1.668205;3.864388;3.460045;2.682374;3.501708;2.964429;4.814400;2.994941;4.507144;4.891651;4.791767;1.902352;2.971511;1.334988;3.563787;5.671340;4.925603;1.507992;5.126172;1.916461;5.016704;3.265741;4.032092;4.402743;5.600351;3.655897;2.756476;5.384645;2.707671;1.810031;3.114531;3.368886;3.826095;4.578285;1.863599;5.109898;1.349642;2.697763;1.689670;2.579477;4.130978;4.798564;3.454318;4.090766;3.190223;4.741404;5.123668;3.798409;4.280791;3.245324;2.108889;4.542788;2.148880;1.531282;1.576998;5.039675;1.856606;2.442798;4.164697;4.821823;1.499005;4.118565;2.761074;1.686033;4.311249;4.763009;4.884562;3.158147;4.751841;1.465800;3.610051;3.958414;1.621661;5.541267;6.032663;4.183794;3.861153;3.372821;3.014532;2.152143;2.543719;4.017886;3.438208;4.754814;3.883754;4.184630;2.646994;3.408750;2.616493;5.469184;3.611879;4.960783;6.185740;6.080081;9.306070;5.597033;4.555522;9.105987;5.192275;4.724127;4.881902;7.450119;6.483442;7.228458;7.045699;8.917500;8.859942;7.042589;5.358380;5.083473;8.931615;5.298677;4.211204;8.194568;7.098351;6.066291;6.069888;6.536823;7.245025;9.006366;7.273585;7.081283;5.208532;7.930370;7.391301;8.733955;3.678427;4.274870;7.053455;8.437404;5.880489;6.781542;7.149601;8.838108;8.149334;9.378715;7.074876;3.267442;7.484282;4.546363;8.042176;3.796823;7.416231;8.679125;7.491291;5.075737;5.990636;5.938763;9.254664;8.581952;7.023091;3.654062
0.100000;-5.323802;2.876592;3.498313;3.530856;2.988657;3.363281;1.819714;3.164469;4.116808;1.577010;5.331771;1.709201;3.278358;2.328239;3.614617;4.064363;2.621968;1.880096;2.944677;3.798811;5.350241;2.810627;3.814846;4.128563;1.673046;3.864406;3.464503;2.691511;3.506921;2.968268;4.814400;3.002259;4.509850;4.893913;4.793119;1.902322;2.976400;1.337180;3.570374;5.680892;4.929980;1.509424;5.128203;1.918997;5.023417;3.267846;4.033195;4.405007;5.606289;3.657728;2.760696;5.390656;2.709934;1.812754;3.119663;3.373687;3.826111;4.577984;1.866983;5.114689;1.349305;2.703981;1.694727;2.579414;4.134442;4.803492;3.457353;4.097203;3.192010;4.741421;5.128011;3.798409;4.289337;3.251596;2.112339;4.549751;2.153145;1.529792;1.578346;5.045393;1.860025;2.441599;4.165816;4.824655;1.500600;4.124890;2.764108;1.688296;4.311848;4.772481;4.889377;3.164089;4.753047;1.466191;3.612059;3.961447;1.624712;5.550175;6.041071;4.185040;3.867741;3.372463;3.018637;2.156509;2.546747;4.021607;3.443137;4.757160;3.884674;4.190426;2.646994;3.412840;2.620146;5.473629;3.620504;4.961321;6.188706;6.080029;9.308614;5.597449;4.557206;9.111017;5.197937;4.725701;4.881894;7.450117;6.484045;7.239283;7.045121;8.924706;8.866609;7.045047;5.358526;5.090336;8.939389;5.298678;4.210127;8.194570;7.098951;6.068636;6.082767;6.543566;7.260040;9.009265;7.273589;7.081826;5.210018;7.937959;7.396086;8.733372;3.678525;4.281254;7.056562;8.441078;5.883553;6.797568;7.152111;8.839886;8.163805;9.383833;7.080290;3.267442;7.484307;4.559053;8.043605;3.800872;7.424808;8.688661;7.499352;5.077505;6.002849;5.945312;9.263682;8.590791;7.023814;3.654061
0.100000;-5.114380;2.875881;3.491485;3.525042;2.983232;3.353416;1.819227;3.145784;4.113540;1.570959;5.327469;1.704122;3.269775;2.328254;3.614885;4.051717;2.621968;1.871435;2.940522;3.787918;5.343641;2.802655;3.812515;4.122838;1.665322;3.864373;3.457412;2.676413;3.498574;2.962190;4.814400;2.990357;4.505602;4.890372;4.791017;1.902933;2.968600;1.333750;3.559719;5.665051;4.923023;1.507197;5.125029;1.915019;5.012551;3.264558;4.031484;4.401463;5.596736;3.654872;2.753996;5.380982;2.706393;1.808477;3.111465;3.366030;3.826189;4.579119;1.861643;5.107050;1.349311;2.693954;1.686647;2.579665;4.128973;4.795629;3.452572;4.086812;3.189222;4.741758;5.121109;3.798409;4.275293;3.241478;2.106894;4.538455;2.146372;1.529705;1.576248;5.036217;1.854629;2.441571;4.164077;4.820209;1.498114;4.114677;2.759333;1.688664;4.311079;4.756777;4.881697;3.154529;4.751173;1.467168;3.608923;3.956673;1.619908;5.535480;6.027266;4.183103;3.857086;3.371808;3.012125;2.149573;2.541983;4.015718;3.435265;4.753485;3.883248;4.181116;2.646994;3.406350;2.614369;5.466559;3.606308;4.964367;6.184039;6.079861;9.304624;5.596807;4.554582;9.102978;5.188846;4.723251;4.881917;7.450277;6.483440;7.221095;7.045223;8.912995;8.855817;7.041192;5.358417;5.079211;8.926680;5.298678;4.210443;8.194869;7.098849;6.064961;6.060631;6.532647;7.233417;9.004704;7.273585;7.080985;5.207705;7.925580;7.388455;8.733343;3.678920;4.270944;7.051668;8.435263;5.878729;6.768581;7.148170;8.837113;8.138372;9.375649;7.071615;3.267442;7.484177;4.537280;8.041382;3.794453;7.410694;8.672849;7.486155;5.074747;5.982013;5.934724;9.248790;8.576221;7.022694;3.654061
0.100000;-5.303098;2.876078;3.494194;3.527329;2.985362;3.357428;1.819269;3.154213;4.114809;1.573343;5.329144;1.706111;3.273224;2.328246;3.614711;4.057003;2.621968;1.874915;2.942139;3.792389;5.346251;2.805839;3.813416;4.125088;1.668401;3.864379;3.460228;2.682909;3.501918;2.964585;4.814400;2.995293;4.507258;4.891748;4.791830;1.902460;2.971713;1.335082;3.564082;5.671924;4.925783;1.508057;5.126261;1.916568;5.017009;3.265833;4.032143;4.402840;5.600606;3.655978;2.756649;5.384905;2.707769;1.810144;3.114747;3.369083;3.826255;4.578488;1.863739;5.110096;1.349306;2.698034;1.689880;2.579519;4.131120;4.798767;3.454442;4.091056;3.190301;4.741465;5.123844;3.798409;4.281256;3.245600;2.109031;4.543111;2.149051;1.530561;1.577058;5.039922;1.856745;2.441538;4.164747;4.821941;1.499074;4.118841;2.761200;1.686117;4.311387;4.763586;4.884760;3.158405;4.751895;1.479435;3.610137;3.958540;1.621784;5.541770;6.033115;4.183850;3.861448;3.371814;3.014698;2.152322;2.543845;4.018036;3.438409;4.754913;3.883797;4.184883;2.646994;3.408917;2.616641;5.469365;3.612352;4.960890;6.185861;6.079861;9.306179;5.597054;4.555597;9.106196;5.192515;4.724197;4.881887;7.450068;6.483749;7.229248;7.045773;8.917839;8.860246;7.042693;5.358396;5.083790;8.931996;5.298677;4.209679;8.194567;7.098378;6.066392;6.071150;6.537131;7.247046;9.006486;7.273585;7.081309;5.208599;7.930741;7.391497;8.733367;3.678335;4.275152;7.053584;8.437553;5.880614;6.784071;7.149704;8.838185;8.151125;9.378926;7.075100;3.267441;7.484175;4.547573;8.042239;3.796989;7.416697;8.679716;7.491711;5.075815;5.991717;5.939060;9.255184;8.582452;7.023125;3.654061
0.100000;-5.291257;2.875881;3.495599;3.528551;2.986511;3.359323;1.819218;3.156740;4.115525;1.574613;5.330075;1.707193;3.274924;2.328502;3.614622;4.059242;2.414048;1.876631;2.943040;3.794424;5.347622;2.807444;3.813934;4.126293;1.669969;3.864564;3.461681;2.685349;3.503587;2.965856;4.814400;2.997449;4.508174;4.892521;4.792297;1.902552;2.973287;1.335831;3.566085;5.674406;4.927213;1.508553;5.126959;1.917431;5.019042;3.266554;4.032526;4.403613;5.602460;3.656608;2.758034;5.386774;2.708543;1.811068;3.116387;3.370635;3.827018;4.577977;1.864871;5.111643;1.349325;2.699952;1.691500;2.579376;4.132277;4.800354;3.455467;4.093021;3.190917;4.741398;5.125266;3.798409;4.283623;3.247530;2.110182;4.545197;2.150452;1.530795;1.577526;5.041716;1.857889;2.441855;4.165137;4.822899;1.499627;4.120786;2.762225;1.686219;4.311759;4.766059;4.886314;3.160254;4.752316;1.473622;3.610828;3.959562;1.622816;5.544185;6.035461;4.184283;3.863456;3.372546;3.016051;2.153754;2.544866;4.019273;3.439996;4.755714;3.884118;4.186700;2.646994;3.410265;2.617857;5.470816;3.614727;4.961173;6.186862;6.079864;9.307043;5.597201;4.556177;9.107805;5.194297;4.724741;4.881904;7.450042;6.483642;7.231773;7.045155;8.919974;8.862265;7.043530;5.358405;5.085851;8.934241;5.298676;4.209526;8.194782;7.098417;6.067193;6.073467;6.539167;7.248565;9.007464;7.273582;7.081500;5.209113;7.932945;7.393044;8.733463;3.678304;4.277111;7.054629;8.438777;5.881653;6.784862;7.150561;8.838799;8.152929;9.380563;7.076821;3.267442;7.484473;4.549927;8.042735;3.798324;7.419065;8.682183;7.494001;5.076425;5.994153;5.941052;9.257606;8.584853;7.023378;3.654060
0.100000;-5.159595;2.875160;3.492329;3.525789;2.983939;3.354491;1.819521;3.147039;4.114002;1.571737;5.328054;1.704794;3.270761;2.328262;3.615436;4.052924;2.621968;1.872425;2.941091;3.789050;5.344466;2.803596;3.812856;4.123577;1.666242;3.864917;3.458277;2.677681;3.499546;2.962963;4.814400;2.991537;4.506179;4.890867;4.791327;1.902307;2.969525;1.334232;3.560837;5.666328;4.923879;1.507523;5.125480;1.915567;5.013684;3.265022;4.031739;4.401958;5.597789;3.655282;2.754829;5.382043;2.706889;1.809060;3.112422;3.366947;3.826098;4.578149;1.862343;5.107965;1.349338;2.695037;1.687597;2.579347;4.129685;4.796560;3.453213;4.087917;3.189623;4.741477;5.121961;3.798409;4.276543;3.242568;2.107604;4.539608;2.147210;1.532225;1.576558;5.037246;1.855333;2.441854;4.164337;4.820810;1.498477;4.115772;2.759971;1.686095;4.311053;4.758050;4.882616;3.155583;4.751450;1.468621;3.609368;3.957312;1.620550;5.536743;6.028510;4.183388;3.858204;3.371896;3.012940;2.150426;2.542620;4.016475;3.436197;4.753996;3.883462;4.182156;2.646994;3.407167;2.615114;5.467424;3.607562;4.961917;6.184667;6.079862;9.305173;5.596906;4.554960;9.103924;5.189868;4.723606;4.882052;7.450039;6.483770;7.222364;7.045126;8.914164;8.856946;7.041727;5.358378;5.080354;8.927890;5.298678;4.212227;8.194576;7.098805;6.065477;6.061762;6.533779;7.234224;9.005319;7.273593;7.081115;5.208045;7.926776;7.389370;8.733421;3.678317;4.272045;7.052320;8.436009;5.879373;6.769148;7.148717;8.837512;8.139275;9.376608;7.072610;3.267442;7.484233;4.538421;8.041708;3.795258;7.411947;8.674121;7.487385;5.075143;5.983208;5.935840;9.250057;8.577481;7.022865;3.654061
0.100000;-5.216213;2.874958;3.497514;3.530205;2.988063;3.361972;1.819420;3.161335;4.116491;1.576324;5.331326;1.708652;3.277273;2.328411;3.614613;4.062531;2.354803;1.879001;2.944250;3.797318;5.349477;2.809644;3.814631;4.127925;1.672106;3.864362;3.463660;2.689175;3.505880;2.967578;4.814400;3.000571;4.509412;4.893562;4.792927;1.903521;2.975445;1.336843;3.568926;5.678391;4.929160;1.509220;5.127896;1.918593;5.021929;3.267525;4.033044;4.404655;5.605041;3.657457;2.759915;5.389386;2.709583;1.812312;3.118637;3.372756;3.826176;4.578209;1.866399;5.113760;1.349935;2.702644;1.693726;2.579352;4.133841;4.802528;3.456846;4.095801;3.191746;4.741498;5.127199;3.798409;4.287219;3.250246;2.111739;4.548182;2.152351;1.529722;1.578157;5.044208;1.859433;2.442271;4.165662;4.824190;1.500370;4.123521;2.763603;1.686648;4.311758;4.770017;4.888441;3.162835;4.752881;1.466175;3.611755;3.960940;1.624201;5.547923;6.039007;4.184865;3.866292;3.372321;3.017884;2.155692;2.546242;4.020946;3.442169;4.756792;3.884551;4.189217;2.646994;3.412091;2.619501;5.472790;3.618360;4.960770;6.188213;6.080186;9.308208;5.597397;4.556960;9.110028;5.196769;4.725474;4.881940;7.450039;6.483489;7.236272;7.045128;8.923060;8.865132;7.044659;5.358540;5.088800;8.937560;5.298678;4.209544;8.194618;7.098694;6.068270;6.078825;6.542069;7.254985;9.008785;7.273589;7.081755;5.209805;7.936184;7.395157;8.733790;3.678413;4.279871;7.056040;8.440429;5.883036;6.791926;7.151711;8.839624;8.159050;9.382820;7.079194;3.267441;7.484208;4.555197;8.043401;3.800132;7.422680;8.686169;7.497414;5.077245;5.999213;5.943875;9.261391;8.588568;7.023720;3.654060
0.100000;-5.213784;2.874956;3.497036;3.529760;2.987632;3.361481;1.819308;3.161497;4.116186;1.575873;5.330953;1.708239;3.276770;2.328290;3.614778;4.062130;2.621968;1.878501;2.943886;3.796845;5.349005;2.809144;3.814401;4.127481;1.671613;3.865191;3.463176;2.688941;3.505377;2.967122;4.814399;3.000137;4.509042;4.893240;4.792717;1.903088;2.974948;1.336527;3.568446;5.678228;4.928679;1.508996;5.127598;1.918240;5.021456;3.267218;4.032867;4.404330;5.604542;3.657183;2.759440;5.388887;2.709260;1.811940;3.118142;3.372261;3.826779;4.578531;1.865974;5.113267;1.349336;2.702154;1.693228;2.579398;4.133408;4.802029;3.456449;4.095319;3.191477;4.742053;5.126719;3.763438;4.286905;3.249754;2.111309;4.547723;2.151875;1.530105;1.577945;5.043705;1.859003;2.441565;4.165483;4.823809;1.500124;4.123038;2.763203;1.687144;4.312110;4.769840;4.887947;3.162338;4.752689;1.465538;3.611460;3.960541;1.623805;5.547656;6.038674;4.184669;3.865814;3.371803;3.017415;2.155213;2.545843;4.020497;3.441674;4.756460;3.884400;4.188718;2.646994;3.411625;2.619056;5.472306;3.618057;4.962249;6.187820;6.080035;9.307856;5.597326;4.556705;9.109525;5.196265;4.725232;4.882284;7.450148;6.483567;7.236364;7.045516;8.922612;8.864660;7.044313;5.358469;5.088335;8.937151;5.298676;4.209771;8.194751;7.098424;6.067936;6.079525;6.541597;7.256633;9.008399;7.273589;7.081666;5.209574;7.935766;7.394664;8.733311;3.678298;4.279382;7.055634;8.439984;5.882638;6.794171;7.151361;8.839355;8.160420;9.382319;7.078685;3.267442;7.484254;4.555836;8.043180;3.799666;7.422370;8.685993;7.497039;5.076979;5.999696;5.943396;9.261139;8.588291;7.023600;3.654061
0.100000;-5.195312;2.874954;3.495475;3.528425;2.986386;3.359247;1.819198;3.157319;4.115427;1.574485;5.329961;1.707072;3.274819;2.328352;3.614588;4.059283;2.443660;1.876531;2.942927;3.794383;5.347494;2.807331;3.813857;4.126168;1.669847;3.865184;3.461558;2.685555;3.503480;2.965730;4.814400;2.997453;4.508062;4.892419;4.792228;1.902401;2.973172;1.335732;3.566036;5.674679;4.927088;1.508479;5.126862;1.917321;5.019000;3.266456;4.032467;4.403510;5.602376;3.656520;2.757908;5.386694;2.708440;1.810954;3.116276;3.370516;3.826410;4.578222;1.864747;5.111524;1.349780;2.699884;1.691388;2.579416;4.132152;4.800237;3.455347;4.092968;3.190829;4.741423;5.125142;3.689993;4.283750;3.247464;2.110059;4.545172;2.150327;1.529775;1.577456;5.041625;1.857765;2.441522;4.165077;4.822783;1.499547;4.120724;2.762103;1.686176;4.311084;4.766318;4.886196;3.160171;4.752251;1.465571;3.610733;3.959442;1.622694;5.544362;6.035572;4.184218;3.863403;3.373439;3.015925;2.153627;2.544746;4.019147;3.439883;4.755609;3.884066;4.186610;2.646994;3.410139;2.617734;5.470692;3.614865;4.960777;6.186742;6.079886;9.306934;5.597175;4.556094;9.107695;5.194201;4.724662;4.881894;7.450078;6.483594;7.232295;7.045103;8.919971;8.862218;7.043423;5.358382;5.085823;8.934288;5.298678;4.216497;8.194714;7.098608;6.067086;6.074577;6.539127;7.250691;9.007345;7.273589;7.081467;5.209036;7.932974;7.392923;8.733408;3.678511;4.277049;7.054507;8.438648;5.881528;6.787692;7.150453;8.838712;8.154749;9.380453;7.076716;3.267442;7.484687;4.550970;8.042663;3.798197;7.419197;8.682452;7.494071;5.076337;5.995041;5.940998;9.257794;8.585021;7.023337;3.654060
0.100000;-5.168736;2.875092;3.498635;3.531150;2.988941;3.363646;1.819237;3.164761;4.117009;1.577311;5.332016;1.709474;3.278705;2.328269;3.614574;4.064730;2.621968;1.880451;2.944914;3.799180;5.350557;2.810970;3.814998;4.128854;1.673388;3.864514;3.464831;2.691861;3.507271;2.968569;4.814400;3.002629;4.510091;4.894127;4.793260;1.902687;2.976739;1.337388;3.570743;5.681223;4.930303;1.509570;5.128398;1.919229;5.023786;3.268046;4.033312;4.405219;5.606654;3.657908;2.761013;5.391021;2.710147;1.812997;3.120008;3.374025;3.826129;4.579010;1.867264;5.115026;1.349321;2.704343;1.695071;2.579532;4.134727;4.803831;3.457616;4.097572;3.192186;4.741401;5.128333;3.798409;4.289696;3.251964;2.112623;4.550123;2.153463;1.530867;1.578486;5.045749;1.860306;2.441527;4.165935;4.824902;1.500762;4.125253;2.764371;1.686032;4.311674;4.772827;4.889714;3.164450;4.753176;1.465619;3.612253;3.961708;1.624975;5.550530;6.041435;4.185172;3.868108;3.371803;3.018954;2.156835;2.547008;4.021905;3.443478;4.757378;3.884773;4.190789;2.646994;3.413160;2.620439;5.473954;3.620867;4.962058;6.188963;6.079861;9.308846;5.597498;4.557374;9.111362;5.198297;4.725858;4.881991;7.450388;6.483476;7.239587;7.045497;8.925076;8.866980;7.045273;5.358393;5.090708;8.939768;5.298676;4.211458;8.194620;7.099778;6.068852;6.082972;6.543937;7.260079;9.009517;7.273585;7.081888;5.210168;7.938332;7.396421;8.733471;3.678501;4.281623;7.056830;8.441384;5.883814;6.797502;7.152340;8.840063;8.163898;9.384182;7.080641;3.267443;7.484537;4.559272;8.043751;3.801183;7.425169;8.689000;7.499722;5.077680;6.003091;5.945679;9.264035;8.591149;7.023894;3.654060
0.100000;-5.240030;2.875074;3.496218;3.529089;2.987016;3.360185;1.819282;3.158582;4.115848;1.575166;5.330488;1.707671;3.275683;2.328246;3.614756;4.060352;2.581163;1.877400;2.943440;3.795374;5.348222;2.808159;3.814170;4.126824;1.670658;3.864867;3.462319;2.686713;3.504325;2.966416;4.814400;2.998487;4.508581;4.892867;4.792512;1.903074;2.973984;1.336169;3.567017;5.675858;4.927843;1.508779;5.127271;1.917816;5.019990;3.266877;4.032703;4.403960;5.603297;3.656893;2.758641;5.387623;2.708888;1.811478;3.117115;3.371320;3.827365;4.578333;1.865369;5.112328;1.349317;2.700831;1.692221;2.579869;4.132785;4.801055;3.455918;4.093934;3.191196;4.741631;5.125891;3.797722;4.284873;3.248417;2.110690;4.546182;2.151067;1.530181;1.577741;5.042524;1.858392;2.441655;4.165317;4.823324;1.499878;4.121678;2.762675;1.686521;4.311635;4.767496;4.887003;3.161093;4.752509;1.468266;3.611138;3.960014;1.623270;5.545505;6.036687;4.184482;3.864384;3.373645;3.016644;2.154379;2.545317;4.019816;3.440697;4.756073;3.884267;4.187514;2.646994;3.410859;2.618392;5.471454;3.615997;4.963450;6.187304;6.079866;9.307425;5.597268;4.556441;9.108521;5.195098;4.724988;4.882042;7.450066;6.484243;7.233545;7.045116;8.921006;8.863210;7.043905;5.358387;5.086827;8.935367;5.298677;4.212173;8.194801;7.098519;6.067551;6.075936;6.540123;7.252180;9.007898;7.273585;7.081589;5.209347;7.934033;7.393729;8.734141;3.678354;4.278014;7.055091;8.439318;5.882106;6.789277;7.150943;8.839076;8.156197;9.381292;7.077587;3.267442;7.484260;4.552321;8.042962;3.798907;7.420326;8.683640;7.495169;5.076700;5.996365;5.941979;9.258951;8.586163;7.023496;3.654061
0.100000;-5.105872;2.876129;3.495419;3.528363;2.986322;3.359212;1.819234;3.157350;4.115372;1.574420;5.329899;1.707008;3.274780;2.328241;3.614848;4.059284;2.621968;1.876485;2.942865;3.794364;5.347435;2.807277;3.813812;4.126107;1.669796;3.865454;3.461500;2.685582;3.503431;2.965668;4.814400;2.997443;4.507999;4.892362;4.792185;1.903164;2.973118;1.335675;3.566015;5.674710;4.927032;1.508433;5.126806;1.917261;5.018980;3.266400;4.032430;4.403452;5.602339;3.656467;2.757847;5.386662;2.708381;1.810892;3.116227;3.370462;3.826293;4.578915;1.864682;5.111472;1.349323;2.699854;1.691338;2.579362;4.132090;4.800187;3.455284;4.092941;3.190778;4.741551;5.125082;3.798409;4.283771;3.247436;2.109995;4.545158;2.150267;1.531578;1.577412;5.041584;1.857702;2.442685;4.165040;4.822721;1.499499;4.120697;2.762043;1.686243;4.311062;4.766347;4.886144;3.160137;4.752212;1.465403;3.610678;3.959379;1.622630;5.544384;6.035588;4.184178;3.863384;3.371867;3.015864;2.153569;2.544683;4.019085;3.439829;4.755550;3.884035;4.186572;2.646994;3.410078;2.617670;5.470636;3.614886;4.960524;6.186681;6.079865;9.306871;5.597159;4.556045;9.107646;5.194161;4.724615;4.881889;7.450026;6.483459;7.232330;7.045114;8.919963;8.862201;7.043363;5.358381;5.085807;8.934292;5.298676;4.209579;8.194674;7.098355;6.067028;6.074552;6.539112;7.250449;9.007285;7.273585;7.081448;5.208992;7.932976;7.392872;8.733352;3.678292;4.277024;7.054442;8.438586;5.881462;6.787279;7.150390;8.838661;8.154582;9.380404;7.076674;3.267442;7.484175;4.550955;8.042618;3.798135;7.419219;8.682490;7.494079;5.076286;5.995043;5.940979;9.257822;8.585042;7.023311;3.654061
0.100000;-5.350795;2.877423;3.496710;3.529506;2.987405;3.360863;1.819757;3.159209;4.116073;1.575600;5.330791;1.708032;3.276291;2.328240;3.614624;4.061128;2.621968;1.878006;2.943731;3.796097;5.348695;2.808722;3.814326;4.127235;1.671210;3.864505;3.462830;2.687499;3.504919;2.966851;4.814400;2.999248;4.508882;4.893113;4.792653;1.902856;2.974540;1.336405;3.567729;5.676634;4.928341;1.508928;5.127491;1.918094;5.020711;3.267104;4.032816;4.404205;5.603958;3.657088;2.759123;5.388288;2.709134;1.811780;3.117697;3.371867;3.826425;4.578000;1.865752;5.112872;1.349305;2.701516;1.692795;2.579400;4.133178;4.801620;3.456258;4.094635;3.191386;4.741398;5.126386;3.690240;4.285662;3.249105;2.111079;4.546919;2.151552;1.529746;1.577880;5.043165;1.858779;2.441748;4.165431;4.823640;1.500045;4.122375;2.763016;1.686217;4.311051;4.768267;4.887550;3.161752;4.752632;1.470280;3.611354;3.960353;1.623610;5.546296;6.037475;4.184610;3.865099;3.371819;3.017114;2.154877;2.545656;4.020241;3.441260;4.756329;3.884359;4.188164;2.646994;3.411323;2.618807;5.471961;3.616783;4.963050;6.187639;6.079860;9.307707;5.597310;4.556620;9.109095;5.195729;4.725153;4.881889;7.450329;6.483440;7.234201;7.045685;8.921751;8.863920;7.044173;5.358386;5.087554;8.936134;5.298678;4.210234;8.195320;7.098583;6.067805;6.076176;6.540843;7.251540;9.008220;7.273589;7.081641;5.209502;7.934801;7.394270;8.733301;3.678411;4.278708;7.055440;8.439727;5.882445;6.787976;7.151218;8.839265;8.155828;9.381873;7.078198;3.267442;7.484583;4.552610;8.043110;3.799368;7.421111;8.684399;7.495944;5.076886;5.996764;5.942686;9.259732;8.586947;7.023568;3.654061
0.100000;-5.286648;2.875719;3.493020;3.526301;2.984391;3.355858;1.819257;3.151534;4.114184;1.572282;5.328351;1.705196;3.271817;2.328245;3.614830;4.055091;2.621968;1.873495;2.941370;3.790688;5.345112;2.804518;3.812958;4.124074;1.667109;3.864396;3.459017;2.680697;3.500544;2.963520;4.814400;2.993469;4.506473;4.891078;4.791413;1.902379;2.970405;1.334430;3.562410;5.669630;4.924591;1.507618;5.125652;1.915823;5.015315;3.265206;4.031800;4.402168;5.599075;3.655426;2.755494;5.383356;2.707099;1.809353;3.113389;3.367795;3.826118;4.578066;1.862781;5.108811;1.349453;2.696443;1.688537;2.579455;4.130143;4.797461;3.453572;4.089418;3.189761;4.741696;5.122663;3.747044;4.279178;3.243995;2.108057;4.541360;2.147889;1.529821;1.576643;5.038436;1.855782;2.441999;4.164399;4.821125;1.498588;4.117232;2.760328;1.686110;4.311110;4.761299;4.883471;3.156868;4.751521;1.465915;3.609537;3.957669;1.620912;5.539613;6.031061;4.183465;3.859779;3.371804;3.013574;2.151135;2.542977;4.016999;3.437094;4.754220;3.883508;4.183383;2.646994;3.407792;2.615620;5.468159;3.610248;4.960471;6.185009;6.079861;9.305429;5.596920;4.555085;9.104854;5.191037;4.723717;4.881916;7.450579;6.483526;7.226629;7.045135;8.916036;8.858543;7.041970;5.358374;5.082057;8.930077;5.298676;4.210234;8.194594;7.098403;6.065699;6.067916;6.535425;7.242905;9.005649;7.273582;7.081135;5.208146;7.928852;7.390211;8.733353;3.678465;4.273523;7.052693;8.436523;5.879738;6.779321;7.148970;8.837649;8.147255;9.377564;7.073678;3.267442;7.484631;4.544395;8.041801;3.795872;7.414604;8.677403;7.489725;5.075280;5.988703;5.937391;9.252994;8.580301;7.022894;3.654061
0.100000;-5.251090;2.875194;3.492925;3.526240;2.984343;3.355625;1.819417;3.150760;4.114182;1.572212;5.328329;1.705156;3.271646;2.328255;3.615259;4.054710;2.621968;1.873322;2.941351;3.790407;5.345026;2.804373;3.812964;4.124016;1.666975;3.864373;3.458909;2.680164;3.500385;2.963450;4.814399;2.993130;4.506453;4.891070;4.791419;1.902531;2.970274;1.334425;3.562141;5.669047;4.924490;1.507624;5.125651;1.915811;5.015033;3.265203;4.031810;4.402162;5.598859;3.655428;2.755403;5.383138;2.707093;1.809332;3.113239;3.367669;3.826301;4.577975;1.862735;5.108685;1.349301;2.696206;1.688393;2.579647;4.130094;4.797318;3.453539;4.089160;3.189764;4.741432;5.122564;3.798409;4.278708;3.243753;2.108009;4.541057;2.147796;1.529742;1.576650;5.038241;1.855732;2.441575;4.164407;4.821098;1.498595;4.116979;2.760297;1.686388;4.311220;4.760727;4.883342;3.156656;4.751531;1.465418;3.609535;3.957638;1.620880;5.539104;6.030612;4.183473;3.859509;3.373045;3.013489;2.151036;2.542946;4.016937;3.436957;4.754211;3.883518;4.183173;2.646994;3.407711;2.615561;5.468055;3.609776;4.961428;6.184980;6.079875;9.305420;5.596926;4.555090;9.104712;5.190849;4.723723;4.881887;7.450061;6.483453;7.225896;7.045114;8.915717;8.858279;7.041958;5.358428;5.081768;8.929699;5.298678;4.210530;8.194652;7.098824;6.065689;6.066933;6.535142;7.241666;9.005624;7.273593;7.081143;5.208151;7.928493;7.390093;8.733310;3.678348;4.273273;7.052660;8.436463;5.879709;6.777980;7.148956;8.837652;8.146079;9.377419;7.073509;3.267443;7.484277;4.543443;8.041808;3.795790;7.414132;8.676836;7.489315;5.075281;5.987802;5.937131;9.252477;8.579804;7.022905;3.654061
0.100000;-5.292827;2.875861;3.495337;3.528337;2.986312;3.358906;1.819657;3.155748;4.115414;1.574383;5.329923;1.707010;3.274578;2.328487;3.615063;4.058664;2.621968;1.876278;2.942894;3.793951;5.347367;2.807127;3.813857;4.126082;1.669662;3.864361;3.461406;2.684611;3.503252;2.965630;4.814400;2.996918;4.508026;4.892400;4.792229;1.902697;2.972980;1.335716;3.565627;5.673620;4.926946;1.508480;5.126850;1.917292;5.018571;3.266442;4.032471;4.403491;5.602061;3.656513;2.757779;5.386370;2.708420;1.810917;3.116062;3.370332;3.826121;4.577976;1.864676;5.111343;1.349357;2.699527;1.691180;2.579857;4.132077;4.800050;3.455295;4.092579;3.190823;4.741436;5.125001;3.798409;4.282958;3.247102;2.109983;4.544700;2.150191;1.530365;1.577457;5.041335;1.857693;2.441810;4.165080;4.822742;1.499545;4.120354;2.762050;1.686076;4.311297;4.765281;4.886014;3.159854;4.752254;1.465502;3.610721;3.959390;1.622640;5.543478;6.034810;4.184220;3.862994;3.371826;3.015803;2.153483;2.544695;4.019055;3.439684;4.755587;3.884072;4.186307;2.646994;3.410018;2.617643;5.470542;3.614053;4.961158;6.186697;6.079906;9.306903;5.597179;4.556091;9.107488;5.193923;4.724660;4.881962;7.450043;6.483868;7.230818;7.045343;8.919457;8.861798;7.043396;5.358607;5.085366;8.933665;5.298677;4.210459;8.194716;7.098814;6.067067;6.072204;6.538693;7.246942;9.007300;7.273593;7.081473;5.209037;7.932389;7.392744;8.733691;3.678526;4.276672;7.054453;8.438560;5.881475;6.783067;7.150422;8.838707;8.151400;9.380241;7.076467;3.267442;7.484190;4.548697;8.042663;3.798079;7.418396;8.681405;7.493392;5.076332;5.992993;5.940595;9.256886;8.584153;7.023343;3.654061
0.100000;-5.137876;2.875444;3.493395;3.526688;2.984776;3.356071;1.819198;3.150166;4.114494;1.572667;5.328708;1.705575;3.272120;2.328240;3.615064;4.054987;2.593172;1.873796;2.941723;3.790807;5.345493;2.804852;3.813204;4.124460;1.667459;3.864535;3.459386;2.680176;3.500863;2.963904;4.814400;2.993467;4.506830;4.891402;4.791638;1.902444;2.970754;1.334749;3.562553;5.668958;4.924965;1.507855;5.125957;1.916170;5.015433;3.265516;4.031992;4.402493;5.599316;3.655710;2.755873;5.383589;2.707424;1.809710;3.113719;3.368149;3.826626;4.578844;1.863165;5.109165;1.349349;2.696645;1.688872;2.579347;4.130527;4.797799;3.453944;4.089587;3.190040;4.741402;5.123037;3.798409;4.278847;3.244189;2.108442;4.541433;2.148266;1.533975;1.576869;5.038708;1.856165;2.441746;4.164593;4.821487;1.498848;4.117411;2.760701;1.686042;4.311057;4.760653;4.883822;3.157110;4.751728;1.466434;3.609838;3.958041;1.621285;5.539168;6.030777;4.183676;3.859921;3.372659;3.013954;2.151512;2.543348;4.017385;3.437438;4.754552;3.883673;4.183639;2.646994;3.408177;2.616005;5.468532;3.609896;4.961884;6.185378;6.080084;9.305780;5.597000;4.555353;9.105194;5.191317;4.723971;4.881980;7.450029;6.483484;7.225399;7.045677;8.916066;8.858682;7.042310;5.358376;5.082154;8.929968;5.298678;4.211054;8.194842;7.098366;6.066031;6.065475;6.535540;7.238632;9.006018;7.273582;7.081237;5.208388;7.928790;7.390571;8.734052;3.678503;4.273702;7.053067;8.436912;5.880111;6.773852;7.149312;8.837928;8.143514;9.377901;7.073983;3.267442;7.484210;4.542079;8.042037;3.796257;7.414268;8.676739;7.489544;5.075557;5.986701;5.937542;9.252513;8.579883;7.023029;3.654061
0.100000;-5.208692;2.874948;3.492596;3.525982;2.984108;3.355052;1.819238;3.149039;4.114061;1.571938;5.328158;1.704940;3.271188;2.328429;3.614607;4.053847;2.621968;1.872856;2.941188;3.789735;5.344714;2.803959;3.812885;4.123764;1.666585;3.864627;3.458567;2.678993;3.499944;2.963174;4.814400;2.992352;4.506284;4.890936;4.791348;1.902326;2.969876;1.334297;3.561493;5.667765;4.924155;1.507550;5.125534;1.915655;5.014365;3.265081;4.031754;4.402029;5.598315;3.655325;2.755085;5.382582;2.706958;1.809162;3.112806;3.367281;3.826152;4.578156;1.862504;5.108298;1.349329;2.695618;1.687971;2.579409;4.129855;4.796914;3.453343;4.088538;3.189665;4.741509;5.122233;3.798409;4.277676;3.243158;2.107771;4.540345;2.147472;1.530198;1.576581;5.037731;1.855499;2.442280;4.164351;4.820920;1.498508;4.116374;2.760101;1.686037;4.311088;4.759472;4.882952;3.156110;4.751468;1.465385;3.609421;3.957440;1.620681;5.537989;6.029610;4.183409;3.858860;3.371812;3.013182;2.150700;2.542747;4.016672;3.436554;4.754072;3.883472;4.182657;2.646994;3.407406;2.615304;5.467712;3.608725;4.960680;6.184786;6.079861;9.305262;5.596906;4.554997;9.104295;5.190346;4.723639;4.882312;7.450482;6.484293;7.224261;7.045270;8.914959;8.857617;7.041809;5.358376;5.081071;8.928822;5.298678;4.209610;8.194798;7.098378;6.065550;6.064550;6.534467;7.238191;9.005435;7.273593;7.081118;5.208074;7.927663;7.389704;8.734035;3.678350;4.272658;7.052453;8.436207;5.879505;6.773798;7.148805;8.837553;8.142918;9.376992;7.073042;3.267442;7.484198;4.541127;8.041734;3.795493;7.413096;8.675554;7.488387;5.075186;5.985684;5.936488;9.251332;8.578705;7.022870;3.654061
0.100000;-5.195144;2.874955;3.492462;3.525844;2.983972;3.354982;1.819212;3.149775;4.113955;1.571803;5.328033;1.704808;3.271075;2.328419;3.615079;4.053925;2.621968;1.872749;2.941065;3.789708;5.344574;2.803840;3.812804;4.123625;1.666461;3.865192;3.458433;2.679280;3.499828;2.963037;4.814400;2.992381;4.506161;4.890825;4.791275;1.902694;2.969751;1.334190;3.561455;5.668134;4.924022;1.507472;5.125432;1.915536;5.014336;3.264976;4.031691;4.401917;5.598236;3.655230;2.754950;5.382506;2.706848;1.809039;3.112694;3.367156;3.827438;4.579482;1.862369;5.108173;1.349319;2.695554;1.687853;2.579624;4.129720;4.796789;3.453212;4.088490;3.189572;4.741400;5.122097;3.691930;4.277867;3.243098;2.107636;4.540338;2.147338;1.529672;1.576506;5.037642;1.855363;2.442364;4.164289;4.820793;1.498423;4.116315;2.759971;1.686137;4.311050;4.759822;4.882828;3.156029;4.751401;1.465612;3.609319;3.957310;1.620549;5.538234;6.029778;4.183340;3.858823;3.371977;3.013044;2.150570;2.542618;4.016535;3.436431;4.753959;3.883420;4.182567;2.646994;3.407268;2.615170;5.467578;3.608920;4.963577;6.184660;6.079934;9.305142;5.596882;4.554908;9.104177;5.190249;4.723555;4.881925;7.450586;6.483475;7.224923;7.045104;8.914975;8.857586;7.041693;5.358406;5.081055;8.928904;5.298677;4.210107;8.194574;7.098538;6.065436;6.065908;6.534441;7.240660;9.005309;7.273589;7.081086;5.207993;7.927718;7.389575;8.733407;3.678288;4.272605;7.052322;8.436068;5.879375;6.777000;7.148688;8.837460;8.145057;9.376873;7.072932;3.267442;7.484622;4.542413;8.041656;3.795356;7.413285;8.675919;7.488503;5.075093;5.986784;5.936447;9.251598;8.578938;7.022828;3.654060
0.100000;-5.194588;2.874954;3.493181;3.526476;2.984565;3.355924;1.819338;3.150931;4.114333;1.572453;5.328518;1.705369;3.271934;2.328249;3.615757;4.055008;2.555847;1.873611;2.941535;3.790711;5.345279;2.804648;3.813078;4.124249;1.667253;3.866985;3.459177;2.680433;3.500668;2.963692;4.814400;2.993432;4.506641;4.891233;4.791524;1.902339;2.970549;1.334584;3.562445;5.669303;4.924752;1.507734;5.125799;1.915989;5.015338;3.265356;4.031895;4.402323;5.599156;3.655564;2.755658;5.383437;2.707252;1.809521;3.113519;3.367943;3.826121;4.578011;1.862956;5.108958;1.349635;2.696507;1.688672;2.579360;4.130317;4.797593;3.453745;4.089463;3.189897;4.741997;5.122823;3.798409;4.278997;3.244055;2.108233;4.541362;2.148052;1.530364;1.576754;5.038535;1.855956;2.441518;4.164496;4.821295;1.498716;4.117279;2.760501;1.686676;4.311488;4.760983;4.883616;3.156954;4.751624;1.465396;3.609683;3.957843;1.621085;5.539380;6.030898;4.183569;3.859814;3.371863;3.013739;2.151298;2.543149;4.017172;3.437235;4.754379;3.883591;4.183476;2.646994;3.407961;2.615795;5.468318;3.610057;4.961691;6.185181;6.079906;9.305596;5.596960;4.555218;9.104994;5.191142;4.723843;4.882230;7.450039;6.483443;7.226085;7.045115;8.916019;8.858581;7.042132;5.358372;5.082065;8.929991;5.298679;4.209537;8.194666;7.098763;6.065860;6.066948;6.535446;7.241370;9.005817;7.273582;7.081187;5.208265;7.928794;7.390361;8.733946;3.678346;4.273574;7.052868;8.436700;5.879910;6.777462;7.149133;8.837784;8.145877;9.377701;7.073796;3.267441;7.484208;4.543474;8.041916;3.796041;7.414423;8.677080;7.489608;5.075415;5.987887;5.937432;9.252747;8.580081;7.022963;3.654061
0.100000;-5.306815;2.876135;3.496364;3.529171;2.987080;3.360587;1.819260;3.160193;4.115834;1.575263;5.330502;1.707718;3.275964;2.328517;3.614583;4.061069;2.348973;1.877682;2.943449;3.795884;5.348350;2.808383;3.814144;4.126903;1.670869;3.864518;3.462485;2.687764;3.504588;2.966514;4.814400;2.999116;4.508596;4.892861;4.792486;1.902393;2.974201;1.336159;3.567500;5.677016;4.927995;1.508753;5.127256;1.917820;5.020495;3.266866;4.032677;4.403952;5.603665;3.656872;2.758779;5.388005;2.708880;1.811493;3.117358;3.371525;3.826208;4.578094;1.865429;5.112531;1.349303;2.701247;1.692459;2.579764;4.132853;4.801277;3.455951;4.094386;3.191174;4.741604;5.126041;3.705889;4.285779;3.248843;2.110754;4.546737;2.151207;1.529835;1.577714;5.042855;1.858454;2.441639;4.165289;4.823345;1.499853;4.122114;2.762710;1.686037;4.311335;4.768635;4.887208;3.161462;4.752481;1.465969;3.611122;3.960047;1.623303;5.546494;6.037554;4.184455;3.864867;3.372305;3.016769;2.154531;2.545350;4.019904;3.440920;4.756069;3.884241;4.187860;2.646994;3.410980;2.618474;5.471615;3.616919;4.961527;6.187335;6.079936;9.307434;5.597254;4.556418;9.108762;5.195422;4.724963;4.882047;7.450070;6.483566;7.235072;7.045101;8.921606;8.863706;7.043906;5.358626;5.087359;8.936095;5.298677;4.210103;8.194829;7.098642;6.067547;6.078156;6.540634;7.255278;9.007926;7.273589;7.081569;5.209321;7.934721;7.393932;8.733315;3.678653;4.278459;7.055130;8.439398;5.882139;6.792885;7.150948;8.839055;8.159056;9.381542;7.077875;3.267442;7.484325;4.554476;8.042933;3.799029;7.421238;8.684789;7.495954;5.076678;5.998344;5.942454;9.259974;8.587136;7.023474;3.654061
0.100000;-5.184218;2.874986;3.493795;3.527024;2.985088;3.356678;1.819243;3.151747;4.114682;1.573018;5.328957;1.705866;3.272633;2.328308;3.615400;4.055832;2.621968;1.874320;2.941961;3.791497;5.345876;2.805324;3.813338;4.124792;1.667917;3.864771;3.459802;2.681276;3.501364;2.964257;4.814399;2.994242;4.507073;4.891606;4.791760;1.903397;2.971216;1.334946;3.563223;5.670155;4.925373;1.507983;5.126140;1.916399;5.016123;3.265706;4.032091;4.402697;5.599900;3.655874;2.756264;5.384184;2.707627;1.809956;3.114207;3.368600;3.826163;4.577977;1.863473;5.109616;1.349305;2.697266;1.689352;2.579574;4.130843;4.798269;3.454219;4.090236;3.190201;4.741515;5.123441;3.790680;4.279832;3.244817;2.108756;4.542158;2.148660;1.529768;1.576991;5.039263;1.856475;2.443244;4.164694;4.821744;1.498991;4.118048;2.760979;1.686043;4.312442;4.761827;4.884275;3.157695;4.751837;1.467087;3.610020;3.958317;1.621562;5.540225;6.031735;4.183789;3.860593;3.372112;3.014332;2.151914;2.543622;4.017725;3.437905;4.754762;3.883756;4.184214;2.646994;3.408552;2.616341;5.468944;3.610897;4.962485;6.185647;6.079893;9.306008;5.597036;4.555504;9.105668;5.191864;4.724114;4.882202;7.450290;6.483453;7.226905;7.045337;8.916824;8.859362;7.042531;5.358421;5.082861;8.930815;5.298676;4.210003;8.195124;7.098367;6.066242;6.067681;6.536233;7.241934;9.006274;7.273585;7.081287;5.208522;7.929608;7.391017;8.733788;3.678326;4.274343;7.053349;8.437248;5.880391;6.777910;7.149539;8.838087;8.146495;9.378385;7.074503;3.267442;7.484257;4.544220;8.042167;3.796629;7.415258;8.677920;7.490440;5.075715;5.988649;5.938203;9.253588;8.580923;7.023095;3.654061
0.100000;-5.202679;2.874944;3.491334;3.524907;2.983104;3.353228;1.819201;3.145691;4.113459;1.570819;5.327366;1.704003;3.269601;2.328445;3.614636;4.051524;2.621968;1.871251;2.940421;3.787726;5.343494;2.802488;3.812458;4.122706;1.665153;3.864473;3.457255;2.676241;3.498398;2.962051;4.814400;2.990159;4.505501;4.890285;4.790965;1.902339;2.968433;1.333665;3.559526;5.664896;4.922869;1.507141;5.124949;1.914922;5.012361;3.264477;4.031442;4.401375;5.596550;3.654802;2.753845;5.380795;2.706306;1.808373;3.111291;3.365866;3.826721;4.578363;1.861518;5.106886;1.349343;2.693764;1.686476;2.579347;4.128846;4.795458;3.452460;4.086619;3.189153;4.741412;5.120956;3.798409;4.275105;3.241288;2.106767;4.538261;2.146222;1.532120;1.576197;5.036031;1.854504;2.441672;4.164033;4.820101;1.498053;4.114483;2.759220;1.686066;4.313331;4.756616;4.881533;3.154344;4.751125;1.465488;3.608845;3.956561;1.619792;5.535301;6.027079;4.183055;3.856893;3.372126;3.011978;2.149418;2.541869;4.015584;3.435098;4.753395;3.883212;4.180933;2.646994;3.406203;2.614234;5.466404;3.606128;4.960606;6.183928;6.079966;9.304527;5.596790;4.554516;9.102807;5.188666;4.723190;4.881999;7.450130;6.483527;7.220988;7.045548;8.912802;8.855622;7.041100;5.358373;5.079018;8.926485;5.298676;4.209614;8.194855;7.098524;6.064877;6.060652;6.532454;7.233656;9.004597;7.273582;7.080965;5.207649;7.925384;7.388292;8.733369;3.678323;4.270755;7.051551;8.435130;5.878616;6.768954;7.148081;8.837046;8.138551;9.375481;7.071436;3.267441;7.484821;4.537295;8.041327;3.794307;7.410515;8.672689;7.485970;5.074680;5.981996;5.934534;9.248617;8.576044;7.022666;3.654061
0.100000;-5.188005;2.874977;3.493998;3.527136;2.985169;3.357259;1.819241;3.154124;4.114654;1.573150;5.328969;1.705924;3.273041;2.328525;3.614587;4.056884;2.594724;1.874734;2.941965;3.792239;5.346058;2.805651;3.813293;4.124896;1.668213;3.864363;3.460033;2.682822;3.501739;2.964390;4.814399;2.995159;4.507082;4.891587;4.791715;1.902308;2.971523;1.334923;3.563928;5.671850;4.925589;1.507937;5.126108;1.916396;5.016864;3.265678;4.032046;4.402677;5.600435;3.655835;2.756454;5.384737;2.707608;1.809967;3.114560;3.368892;3.826655;4.578018;1.863547;5.109903;1.349306;2.697874;1.689692;2.579408;4.130929;4.798584;3.454259;4.090897;3.190162;4.741399;5.123651;3.798409;4.281158;3.245437;2.108840;4.542967;2.148859;1.530343;1.576945;5.039745;1.856555;2.441534;4.164649;4.821764;1.498947;4.118685;2.761018;1.686330;4.312568;4.763502;4.884569;3.158231;4.751791;1.465551;3.609988;3.958354;1.621602;5.541685;6.033014;4.183743;3.861295;3.371851;3.014505;2.152128;2.543660;4.017842;3.438221;4.754748;3.883713;4.184708;2.646994;3.408725;2.616450;5.469170;3.612252;4.961417;6.185678;6.079867;9.306005;5.597012;4.555463;9.106002;5.192337;4.724070;4.882121;7.450212;6.483499;7.229155;7.045341;8.917703;8.860086;7.042524;5.358374;5.083639;8.931880;5.298676;4.210822;8.194573;7.098637;6.066226;6.070926;6.536979;7.246390;9.006301;7.273589;7.081256;5.208477;7.930611;7.391305;8.733309;3.678314;4.274993;7.053395;8.437359;5.880429;6.783017;7.149536;8.838047;8.150621;9.378738;7.074915;3.267442;7.484474;4.547362;8.042120;3.796792;7.416594;8.679619;7.491594;5.075676;5.991560;5.938901;9.255091;8.582355;7.023057;3.654062
0.100000;-5.160306;2.875193;3.497175;3.529879;2.987746;3.361664;1.819320;3.161756;4.116254;1.575998;5.331045;1.708347;3.276938;2.328250;3.614902;4.062346;2.621968;1.878666;2.943975;3.797042;5.349137;2.809304;3.814450;4.127601;1.671765;3.864380;3.463323;2.689175;3.505543;2.967249;4.814400;3.000347;4.509131;4.893315;4.792763;1.902822;2.975105;1.336601;3.568642;5.678466;4.928819;1.509046;5.127666;1.918325;5.021650;3.267288;4.032904;4.404407;5.604723;3.657244;2.759578;5.389069;2.709337;1.812032;3.118305;3.372415;3.826855;4.578203;1.866085;5.113420;1.349317;2.702340;1.693386;2.579479;4.133522;4.802189;3.456549;4.095509;3.191538;4.741431;5.126859;3.798409;4.287133;3.249943;2.111423;4.547925;2.152014;1.529708;1.577990;5.043880;1.859118;2.441993;4.165520;4.823905;1.500179;4.123221;2.763303;1.686925;4.311370;4.770076;4.888100;3.162519;4.752730;1.466834;3.611528;3.960643;1.623903;5.547894;6.038900;4.184712;3.866009;3.371804;3.017549;2.155353;2.545944;4.020622;3.441832;4.756539;3.884431;4.188901;2.646994;3.411757;2.619178;5.472449;3.618284;4.962864;6.187922;6.079872;9.307940;5.597340;4.556761;9.109687;5.196439;4.725284;4.881969;7.450826;6.483462;7.236618;7.045239;8.922822;8.864856;7.044395;5.358406;5.088537;8.937366;5.298676;4.209601;8.194571;7.098617;6.068016;6.079819;6.541794;7.257062;9.008494;7.273589;7.081683;5.209624;7.935980;7.394820;8.733469;3.678849;4.279574;7.055739;8.440105;5.882738;6.794748;7.151443;8.839417;8.160806;9.382479;7.078857;3.267441;7.484248;4.556132;8.043227;3.799798;7.422598;8.686231;7.497260;5.077036;5.999969;5.943590;9.261375;8.588524;7.023624;3.654061
0.100000;-5.299016;2.875985;3.499308;3.531675;2.989415;3.364845;1.819725;3.168249;4.117237;1.577871;5.332351;1.709902;3.279670;2.328289;3.614964;4.066530;2.438075;1.881427;2.945235;3.800587;5.351196;2.811823;3.815142;4.129367;1.674196;3.864361;3.465543;2.694281;3.508190;2.969129;4.814400;3.004257;4.510421;4.894383;4.793386;1.902761;2.977564;1.337631;3.572101;5.683855;4.930995;1.509706;5.128619;1.919529;5.025186;3.268276;4.033409;4.405473;5.607792;3.658098;2.761666;5.392181;2.710401;1.813331;3.120900;3.374827;3.826102;4.579694;1.867725;5.115826;1.349629;2.705576;1.695943;2.579441;4.135206;4.804671;3.458007;4.098874;3.192369;4.741398;5.129014;3.798409;4.291840;3.253212;2.113099;4.551614;2.154129;1.529753;1.578611;5.046818;1.860776;2.441947;4.166032;4.825254;1.500918;4.126526;2.764764;1.686342;4.311363;4.775413;4.890519;3.165589;4.753284;1.465494;3.612469;3.962100;1.625371;5.552842;6.043517;4.185285;3.869471;3.371859;3.019577;2.157525;2.547399;4.022439;3.444314;4.757647;3.884850;4.191875;2.646994;3.413780;2.620962;5.474660;3.623044;4.960471;6.189341;6.079935;9.309149;5.597528;4.557543;9.112226;5.199346;4.726012;4.881926;7.450036;6.483513;7.242916;7.045948;8.926659;8.868365;7.045560;5.358387;5.092162;8.941580;5.298678;4.214474;8.194569;7.098351;6.069119;6.087666;6.545350;7.266647;9.009882;7.273582;7.081929;5.210311;7.940065;7.397218;8.733320;3.678435;4.282909;7.057236;8.441900;5.884212;6.805198;7.152635;8.840244;8.169937;9.385074;7.081620;3.267442;7.484321;4.563831;8.043885;3.801794;7.427326;8.691607;7.501649;5.077861;6.007307;5.947026;9.266395;8.593427;7.023951;3.654061
0.100000;-5.133400;2.875499;3.495073;3.528128;2.986125;3.358430;1.819399;3.154522;4.115326;1.574164;5.329791;1.706841;3.274196;2.328425;3.615046;4.057976;2.621968;1.875893;2.942769;3.793403;5.347114;2.806787;3.813803;4.125879;1.669341;3.864676;3.461126;2.683716;3.502886;2.965406;4.814400;2.996289;4.507895;4.892300;4.792183;1.902735;2.972653;1.335621;3.565097;5.672655;4.926672;1.508429;5.126766;1.917176;5.018024;3.266353;4.032436;4.403392;5.601612;3.656440;2.757519;5.385913;2.708322;1.810786;3.115704;3.370015;3.826111;4.578385;1.864492;5.111027;1.349506;2.699047;1.690834;2.580155;4.131887;4.799712;3.455138;4.092070;3.190754;4.741398;5.124730;3.786248;4.282152;3.246612;2.109796;4.544120;2.149928;1.532455;1.577411;5.040914;1.857506;2.441541;4.165044;4.822602;1.499486;4.119856;2.761899;1.686052;4.312007;4.764330;4.885692;3.159407;4.752214;1.465420;3.610639;3.959238;1.622487;5.542613;6.034025;4.184179;3.862463;3.371808;3.015556;2.153211;2.544541;4.018843;3.439353;4.755484;3.884044;4.185879;2.646994;3.409775;2.617437;5.470262;3.613235;4.962281;6.186547;6.080021;9.306787;5.597170;4.556027;9.107143;5.193507;4.724602;4.882114;7.450030;6.483495;7.229645;7.045235;8.918846;8.861259;7.043286;5.358405;5.084802;8.932973;5.298677;4.212940;8.194575;7.098397;6.066964;6.070658;6.538142;7.244935;9.007161;7.273585;7.081459;5.208984;7.931727;7.392429;8.733943;3.678329;4.276165;7.054294;8.438353;5.881320;6.780799;7.150309;8.838637;8.149512;9.379886;7.076078;3.267442;7.484175;4.547184;8.042612;3.797838;7.417586;8.680444;7.492656;5.076264;5.991569;5.940073;9.256008;8.583303;7.023322;3.654061
0.100000;-5.104431;2.876082;3.497577;3.530248;2.988096;3.362130;1.819363;3.161795;4.116492;1.576374;5.331340;1.708680;3.277386;2.328241;3.614578;4.062782;2.621968;1.879115;2.944263;3.797505;5.349533;2.809737;3.814627;4.127965;1.672196;3.864366;3.463728;2.689516;3.505983;2.967626;4.814399;3.000794;4.509425;4.893570;4.792923;1.902722;2.975537;1.336848;3.569104;5.678762;4.929228;1.509216;5.127898;1.918604;5.022114;3.267526;4.033037;4.404659;5.605184;3.657455;2.759976;5.389533;2.709589;1.812326;3.118744;3.372842;3.826682;4.578036;1.866430;5.113846;1.349321;2.702802;1.693827;2.579579;4.133875;4.802626;3.456868;4.095971;3.191744;4.741426;5.127265;3.798409;4.287523;3.250406;2.111774;4.548385;2.152416;1.531067;1.578151;5.044338;1.859466;2.441904;4.165656;4.824208;1.500366;4.123689;2.763626;1.686864;4.311128;4.770378;4.888528;3.162980;4.752875;1.465420;3.611757;3.960962;1.624225;5.548250;6.039300;4.184862;3.866473;3.372016;3.017942;2.155764;2.546263;4.020988;3.442265;4.756799;3.884545;4.189357;2.646994;3.412149;2.619543;5.472860;3.618668;4.961085;6.188234;6.079956;9.308222;5.597394;4.556958;9.110124;5.196897;4.725469;4.881933;7.450076;6.484553;7.236711;7.045331;8.923275;8.865319;7.044666;5.358371;5.088996;8.937806;5.298677;4.209526;8.194655;7.098617;6.068280;6.079349;6.542255;7.255497;9.008804;7.273589;7.081751;5.209802;7.936426;7.395245;8.733486;3.678352;4.280038;7.056066;8.440472;5.883061;6.792343;7.151721;8.839622;8.159582;9.382919;7.079305;3.267442;7.484395;4.555719;8.043398;3.800185;7.422984;8.686539;7.497681;5.077241;5.999725;5.944052;9.261724;8.588889;7.023714;3.654061
0.100000;-5.350427;2.877396;3.498426;3.530916;2.988703;3.363607;1.819317;3.166034;4.116796;1.577082;5.331779;1.709231;3.278573;2.328386;3.615142;4.064984;2.448643;1.880326;2.944681;3.799236;5.350343;2.810804;3.814824;4.128619;1.673212;3.864506;3.464629;2.692464;3.507126;2.968338;4.814399;3.002793;4.509856;4.893907;4.793097;1.902529;2.976567;1.337169;3.570776;5.681953;4.930097;1.509402;5.128191;1.918998;5.023837;3.267832;4.033173;4.404997;5.606594;3.657711;2.760798;5.390967;2.709926;1.812761;3.119856;3.373845;3.826444;4.579708;1.867024;5.114847;1.349307;2.704324;1.694914;2.579356;4.134487;4.803663;3.457374;4.097578;3.191991;4.741535;5.128124;3.690570;4.290137;3.251947;2.112383;4.550219;2.153250;1.530057;1.578324;5.045659;1.860068;2.441514;4.165794;4.824665;1.500579;4.125253;2.764133;1.687701;4.311062;4.773530;4.889536;3.164388;4.753026;1.466173;3.612044;3.961467;1.624738;5.551073;6.041840;4.185019;3.868143;3.372877;3.018732;2.156625;2.546767;4.021671;3.443310;4.757154;3.884654;4.190707;2.646994;3.412933;2.620205;5.473751;3.621329;4.960473;6.188724;6.080193;9.308615;5.597438;4.557186;9.111200;5.198198;4.725678;4.882138;7.450459;6.483462;7.240758;7.045101;8.925221;8.867024;7.045045;5.358389;5.090787;8.940022;5.298676;4.209526;8.194787;7.098352;6.068630;6.085070;6.543994;7.263514;9.009278;7.273589;7.081811;5.209995;7.938549;7.396244;8.733878;3.678380;4.281622;7.056590;8.441145;5.883576;6.801758;7.152109;8.839869;8.166952;9.384027;7.080521;3.267442;7.484250;4.561274;8.043582;3.800961;7.425619;8.689718;7.500043;5.077487;6.004857;5.945706;9.264605;8.591666;7.023796;3.654061
0.100000;-5.037044;2.878237;3.494821;3.527885;2.985887;3.358212;1.819372;3.154859;4.115148;1.573917;5.329579;1.706611;3.273955;2.328242;3.615014;4.057852;2.621968;1.875648;2.942562;3.793208;5.346865;2.806541;3.813664;4.125638;1.669088;3.864370;3.460873;2.683736;3.502639;2.965160;4.814400;2.996132;4.507687;4.892114;4.792054;1.902915;2.972401;1.335437;3.564895;5.672737;4.926417;1.508296;5.126590;1.916973;5.017830;3.266175;4.032329;4.403204;5.601380;3.656279;2.757267;5.385686;2.708133;1.810575;3.115459;3.369762;3.826230;4.581397;1.864257;5.110774;1.349539;2.698827;1.690583;2.579446;4.131650;4.799455;3.454916;4.091861;3.190594;4.741426;5.124477;3.700679;4.282102;3.246395;2.109559;4.543939;2.149675;1.530364;1.577284;5.040679;1.857268;2.442471;4.164937;4.822390;1.499340;4.119642;2.761675;1.686073;4.311255;4.764393;4.885440;3.159178;4.752099;1.467135;3.610466;3.959013;1.622262;5.542609;6.033962;4.184059;3.862263;3.372323;3.015308;2.152960;2.544318;4.018599;3.439101;4.755291;3.883952;4.185645;2.646994;3.409524;2.617197;5.470009;3.613191;4.960511;6.186326;6.079868;9.306583;5.597124;4.555875;9.106894;5.193269;4.724458;4.881969;7.450051;6.483541;7.229925;7.045165;8.918679;8.861056;7.043085;5.358473;5.084613;8.932844;5.298678;4.209604;8.194579;7.098392;6.066769;6.071406;6.537949;7.246444;9.006939;7.273593;7.081401;5.208846;7.931583;7.392174;8.733311;3.678429;4.275954;7.054067;8.438107;5.881094;6.782811;7.150107;8.838478;8.150801;9.379635;7.075837;3.267442;7.484285;4.547876;8.042477;3.797589;7.417539;8.680510;7.492557;5.076105;5.992145;5.939864;9.256012;8.583286;7.023250;3.654063
0.100000;-5.246192;2.875148;3.499086;3.531508;2.989267;3.364401;1.819199;3.166777;4.117177;1.577689;5.332255;1.709771;3.279322;2.328264;3.615847;4.065831;2.353875;1.881078;2.945144;3.800056;5.350983;2.811525;3.815109;4.129205;1.673917;3.865258;3.465301;2.693305;3.507860;2.968950;4.814399;3.003633;4.510327;4.894314;4.793359;1.902570;2.977278;1.337568;3.571594;5.682785;4.930762;1.509677;5.128562;1.919445;5.024659;3.268216;4.033390;4.405406;5.607375;3.658051;2.761449;5.391756;2.710336;1.813235;3.120588;3.374550;3.826720;4.578250;1.867583;5.115550;1.349405;2.705121;1.695638;2.579376;4.135056;4.804378;3.457889;4.098388;3.192325;4.741404;5.128787;3.798409;4.290986;3.252749;2.112949;4.551049;2.153904;1.530125;1.578584;5.046430;1.860630;2.441672;4.166013;4.825151;1.500880;4.126054;2.764643;1.686155;4.311231;4.774362;4.890241;3.165173;4.753262;1.466126;3.612415;3.961983;1.625252;5.551914;6.042690;4.185262;3.868959;3.371979;3.019370;2.157292;2.547282;4.022268;3.444023;4.757574;3.884837;4.191480;2.646994;3.413574;2.620795;5.474422;3.622180;4.960961;6.189230;6.079873;9.309065;5.597525;4.557504;9.111928;5.198968;4.725977;4.881900;7.450066;6.483899;7.241519;7.045561;8.926057;8.867848;7.045481;5.358378;5.091611;8.940881;5.298678;4.211416;8.195633;7.098417;6.069050;6.085620;6.544819;7.263667;9.009776;7.273593;7.081922;5.210279;7.939398;7.396945;8.733306;3.678608;4.282433;7.057113;8.441734;5.884095;6.801633;7.152552;8.840200;8.167227;9.384758;7.081274;3.267442;7.484258;4.561852;8.043857;3.801592;7.426470;8.690554;7.500896;5.077817;6.005495;5.946524;9.265446;8.592515;7.023942;3.654063
0.100000;-5.178322;2.875031;3.499088;3.531553;2.989325;3.364214;1.819501;3.165296;4.117258;1.577726;5.332331;1.709836;3.279236;2.328247;3.614963;4.065341;2.621968;1.880982;2.945223;3.799767;5.351003;2.811472;3.815181;4.129253;1.673880;3.864383;3.465293;2.692469;3.507786;2.968986;4.814399;3.003230;4.510405;4.894395;4.793426;1.902524;2.977235;1.337647;3.571326;5.681832;4.930764;1.509746;5.128642;1.919524;5.024372;3.268296;4.033448;4.405485;5.607209;3.658129;2.761462;5.391579;2.710414;1.813312;3.120520;3.374515;3.827477;4.578010;1.867641;5.115515;1.349301;2.704915;1.695577;2.580794;4.135110;4.804331;3.457961;4.098148;3.192402;4.741609;5.128790;3.798409;4.290315;3.252533;2.113005;4.550717;2.153914;1.529691;1.578651;5.046293;1.860688;2.443438;4.166073;4.825227;1.500956;4.125831;2.764717;1.686930;4.311051;4.773427;4.890205;3.165006;4.753325;1.465460;3.612493;3.962052;1.625322;5.551141;6.042049;4.185323;3.868693;3.371973;3.019391;2.157296;2.547353;4.022311;3.443977;4.757655;3.884888;4.191339;2.646994;3.413595;2.620842;5.474418;3.621478;4.961321;6.189303;6.080073;9.309142;5.597550;4.557578;9.111868;5.198838;4.726049;4.881949;7.450453;6.483656;7.240134;7.045140;8.925678;8.867563;7.045560;5.358447;5.091300;8.940381;5.298678;4.209550;8.194570;7.098542;6.069128;6.083364;6.544523;7.260210;9.009851;7.273582;7.081955;5.210350;7.938939;7.396914;8.733359;3.678335;4.282198;7.057182;8.441787;5.884166;6.797466;7.152631;8.840277;8.164104;9.384691;7.081176;3.267442;7.484252;4.559681;8.043924;3.801616;7.425779;8.689601;7.500331;5.077892;6.003544;5.946261;9.264646;8.591760;7.023984;3.654060
0.100000;-5.270763;2.875453;3.495510;3.528465;2.986425;3.359247;1.819969;3.156898;4.115459;1.574524;5.329998;1.707111;3.274838;2.328551;3.614573;4.059209;2.618577;1.876549;2.942963;3.794361;5.347533;2.807357;3.813883;4.126208;1.669880;3.865221;3.461593;2.685374;3.503499;2.965770;4.814400;2.997404;4.508099;4.892454;4.792251;1.902566;2.973200;1.335766;3.566021;5.674453;4.927124;1.508503;5.126894;1.917358;5.018980;3.266488;4.032487;4.403545;5.602382;3.656549;2.757944;5.386698;2.708474;1.810992;3.116299;3.370546;3.826228;4.578087;1.864786;5.111557;1.349325;2.699881;1.691416;2.580184;4.132193;4.800269;3.455387;4.092957;3.190859;4.741445;5.125178;3.765157;4.283619;3.247459;2.110098;4.545140;2.150364;1.531126;1.577479;5.041636;1.857805;2.441684;4.165097;4.822824;1.499574;4.120716;2.762142;1.686944;4.311082;4.766103;4.886227;3.160177;4.752274;1.466555;3.610764;3.959481;1.622733;5.544200;6.035452;4.184238;3.863389;3.371869;3.015963;2.153662;2.544785;4.019187;3.439908;4.755644;3.884084;4.186618;2.646994;3.410177;2.617770;5.470726;3.614731;4.960871;6.186785;6.079867;9.306964;5.597184;4.556121;9.107719;5.194215;4.724686;4.882055;7.450068;6.483641;7.231915;7.045165;8.919924;8.862199;7.043458;5.358371;5.085793;8.934218;5.298676;4.213957;8.194589;7.098452;6.067123;6.073823;6.539107;7.249324;9.007386;7.273593;7.081478;5.209063;7.932916;7.392956;8.733371;3.678306;4.277042;7.054547;8.438693;5.881565;6.785932;7.150488;8.838741;8.153558;9.380479;7.076734;3.267441;7.484199;4.550258;8.042686;3.798235;7.419067;8.682234;7.493978;5.076366;5.994426;5.940984;9.257627;8.584867;7.023351;3.654060
0.100000;-5.246257;2.875159;3.497887;3.530494;2.988320;3.362641;1.819199;3.163084;4.116609;1.576632;5.331506;1.708887;3.277808;2.328280;3.614632;4.063511;2.621968;1.879544;2.944420;3.798093;5.349828;2.810117;3.814704;4.128206;1.672559;3.864486;3.464056;2.690454;3.506387;2.967886;4.814400;3.001465;4.509588;4.893698;4.792992;1.903057;2.975904;1.336971;3.569675;5.679768;4.929543;1.509287;5.128010;1.918752;5.022701;3.267644;4.033090;4.404788;5.605671;3.657553;2.760275;5.390028;2.709718;1.812490;3.119138;3.373201;3.826158;4.578431;1.866651;5.114203;1.349303;2.703330;1.694212;2.579353;4.134102;4.802992;3.457059;4.096524;3.191838;4.741409;5.127575;3.766161;4.288372;3.250936;2.111999;4.549004;2.152718;1.531306;1.578219;5.044802;1.859690;2.441537;4.165710;4.824378;1.500448;4.124227;2.763813;1.686636;4.311618;4.771376;4.888890;3.163468;4.752934;1.465744;3.611866;3.961151;1.624415;5.549155;6.040127;4.184921;3.867043;3.372008;3.018229;2.156075;2.546453;4.021241;3.442637;4.756933;3.884587;4.189829;2.646994;3.412434;2.619786;5.473181;3.619527;4.961354;6.188417;6.079960;9.308368;5.597411;4.557046;9.110508;5.197352;4.725552;4.881887;7.450037;6.483813;7.237937;7.045101;8.923922;8.865899;7.044811;5.358495;5.089602;8.938536;5.298678;4.211048;8.194831;7.100226;6.068412;6.081010;6.542848;7.257725;9.008982;7.273582;7.081776;5.209875;7.937130;7.395600;8.733389;3.678559;4.280581;7.056260;8.440716;5.883254;6.794916;7.151868;8.839717;8.161654;9.383309;7.079731;3.267441;7.484232;4.557345;8.043469;3.800470;7.423838;8.687537;7.498455;5.077337;6.001238;5.944618;9.262644;8.589783;7.023747;3.654061
0.100000;-5.035080;2.878299;3.495023;3.528057;2.986048;3.358525;1.819826;3.155637;4.115244;1.574097;5.329706;1.706761;3.274216;2.328239;3.615173;4.058282;2.551286;1.875917;2.942683;3.793563;5.347065;2.806781;3.813734;4.125808;1.669319;3.865861;3.461083;2.684290;3.502896;2.965341;4.814400;2.996526;4.507812;4.892218;4.792117;1.903067;2.972639;1.335537;3.565240;5.673328;4.926628;1.508361;5.126685;1.917087;5.018178;3.266272;4.032379;4.403307;5.601679;3.656363;2.757468;5.385992;2.708237;1.810701;3.115708;3.369994;3.828550;4.577991;1.864415;5.111006;1.349322;2.699146;1.690830;2.579440;4.131811;4.799700;3.455056;4.092196;3.190677;4.741758;5.124684;3.798409;4.282604;3.246719;2.109720;4.544311;2.149879;1.529671;1.577346;5.040967;1.857430;2.441647;4.164987;4.822520;1.499413;4.119965;2.761813;1.686033;4.311434;4.764986;4.885674;3.159478;4.752154;1.468192;3.610557;3.959153;1.622403;5.543138;6.034451;4.184118;3.862605;3.371883;3.015501;2.153168;2.544458;4.018774;3.439340;4.755398;3.883994;4.185937;2.646994;3.409718;2.617371;5.470222;3.613704;4.960652;6.186466;6.079908;9.306701;5.597145;4.555951;9.107141;5.193552;4.724532;4.881968;7.450024;6.483531;7.230674;7.045109;8.919072;8.861413;7.043200;5.358377;5.084981;8.933284;5.298676;4.209723;8.194746;7.098352;6.066878;6.072455;6.538305;7.247922;9.007075;7.273585;7.081427;5.208914;7.932005;7.392407;8.733302;3.678288;4.276286;7.054211;8.438280;5.881234;6.784562;7.150224;8.838561;8.152151;9.379888;7.076108;3.267442;7.484176;4.548899;8.042544;3.797780;7.418045;8.681117;7.493016;5.076188;5.993087;5.940210;9.256557;8.583816;7.023282;3.654061
0.100000;-5.300643;2.875971;3.495273;3.528293;2.986275;3.358760;1.819690;3.155407;4.115410;1.574339;5.329906;1.706981;3.274469;2.328250;3.614630;4.058434;2.444611;1.876169;2.942879;3.793774;5.347312;2.807035;3.813859;4.126041;1.669576;3.864503;3.461338;2.684320;3.503143;2.965582;4.814400;2.996707;4.508012;4.892392;4.792233;1.902303;2.972892;1.335709;3.565456;5.673313;4.926877;1.508481;5.126847;1.917279;5.018396;3.266438;4.032476;4.403484;5.601921;3.656512;2.757716;5.386229;2.708412;1.810901;3.115961;3.370248;3.826485;4.578725;1.864641;5.111259;1.349316;2.699377;1.691084;2.579401;4.132041;4.799953;3.455271;4.092418;3.190823;4.741916;5.124935;3.777164;4.282693;3.246948;2.109948;4.544512;2.150131;1.532498;1.577461;5.041210;1.857659;2.441543;4.165085;4.822724;1.499546;4.120199;2.762027;1.686241;4.311248;4.764976;4.885928;3.159718;4.752258;1.467537;3.610719;3.959367;1.622618;5.543194;6.034550;4.184224;3.862823;3.373182;3.015746;2.153415;2.544670;4.019009;3.439593;4.755579;3.884078;4.186186;2.646994;3.409964;2.617602;5.470472;3.613780;4.962950;6.186675;6.080118;9.306891;5.597183;4.556091;9.107392;5.193796;4.724661;4.882146;7.450117;6.484116;7.230485;7.045134;8.919254;8.861619;7.043386;5.358371;5.085183;8.933435;5.298676;4.210148;8.195664;7.098954;6.067055;6.071922;6.538516;7.246968;9.007281;7.273593;7.081477;5.209038;7.932169;7.392658;8.733330;3.678312;4.276510;7.054428;8.438516;5.881450;6.783398;7.150412;8.838707;8.151308;9.380138;7.076353;3.267442;7.484746;4.548398;8.042665;3.798024;7.418129;8.681097;7.493145;5.076333;5.992674;5.940428;9.256598;8.583874;7.023347;3.654062
0.100000;-5.091234;2.876448;3.494984;3.528057;2.986060;3.358286;1.819292;3.154114;4.115292;1.574090;5.329744;1.706782;3.274076;2.328246;3.615102;4.057757;2.599112;1.875771;2.942722;3.793230;5.347033;2.806679;3.813779;4.125811;1.669232;3.864794;3.461031;2.683425;3.502768;2.965332;4.814400;2.996091;4.507851;4.892262;4.792161;1.902340;2.972547;1.335584;3.564930;5.672344;4.926579;1.508406;5.126731;1.917131;5.017851;3.266318;4.032419;4.403354;5.601470;3.656410;2.757432;5.385768;2.708284;1.810739;3.115589;3.369913;3.826119;4.577975;1.864429;5.110923;1.350056;2.698894;1.690723;2.579380;4.131822;4.799603;3.455085;4.091908;3.190725;4.741433;5.124640;3.798409;4.281891;3.246458;2.109731;4.543937;2.149841;1.529684;1.577389;5.040784;1.857442;2.441638;4.165027;4.822553;1.499460;4.119697;2.761846;1.688986;4.312129;4.764021;4.885590;3.159266;4.752196;1.465393;3.610605;3.959182;1.622431;5.542336;6.033775;4.184159;3.862296;3.372610;3.015473;2.153121;2.544487;4.018771;3.439244;4.755444;3.884030;4.185742;2.646994;3.409689;2.617369;5.470170;3.612971;4.960471;6.186495;6.079912;9.306741;5.597164;4.555999;9.107038;5.193376;4.724577;4.881892;7.450080;6.483440;7.229256;7.045135;8.918652;8.861088;7.043243;5.358393;5.084624;8.932755;5.298677;4.209781;8.194577;7.098803;6.066921;6.070121;6.537970;7.244230;9.007108;7.273585;7.081450;5.208961;7.931511;7.392328;8.733306;3.678482;4.276008;7.054236;8.438282;5.881261;6.779998;7.150266;8.838609;8.148855;9.379774;7.075957;3.267441;7.484192;4.546654;8.042587;3.797757;7.417327;8.680133;7.492423;5.076234;5.991079;5.939908;9.255727;8.583030;7.023311;3.654062
0.100000;-5.223440;2.874983;3.499812;3.532150;2.989875;3.365327;1.819233;3.167730;4.117569;1.578354;5.332755;1.710347;3.280178;2.328454;3.617716;4.066850;2.621968;1.881935;2.945629;3.801024;5.351694;2.812331;3.815397;4.129839;1.674712;3.864479;3.466047;2.694345;3.508698;2.969614;4.814400;3.004634;4.510822;4.894736;4.793619;1.902304;2.978077;1.337977;3.572550;5.683824;4.931499;1.509951;5.128945;1.919913;5.025625;3.268611;4.033604;4.405827;5.608283;3.658398;2.762165;5.392667;2.710754;1.813733;3.121410;3.375338;3.826100;4.580150;1.868181;5.116336;1.349555;2.706052;1.696455;2.579474;4.135668;4.805179;3.458437;4.099335;3.192664;4.741498;5.129519;3.776029;4.292031;3.253684;2.113559;4.552031;2.154629;1.529826;1.578845;5.047315;1.861236;2.441748;4.166231;4.825668;1.501189;4.126995;2.765194;1.686034;4.311467;4.775395;4.891032;3.166080;4.753496;1.465424;3.612791;3.962530;1.625803;5.552957;6.043730;4.185502;3.869920;3.371958;3.020073;2.158029;2.547827;4.022919;3.444829;4.758010;3.885015;4.192379;2.646994;3.414273;2.621434;5.475167;3.623218;4.960635;6.189767;6.079883;9.309530;5.597607;4.557823;9.112741;5.199849;4.726279;4.882288;7.450076;6.483515;7.242494;7.045278;8.927049;8.868809;7.045935;5.358375;5.092589;8.941900;5.298679;4.211600;8.194619;7.098568;6.069486;6.086350;6.545786;7.263904;9.010300;7.273589;7.082030;5.210564;7.940409;7.397732;8.733328;3.678289;4.283374;7.057673;8.442379;5.884644;6.801516;7.153018;8.840537;8.167610;9.385582;7.082126;3.267442;7.485653;4.562617;8.044130;3.802288;7.427509;8.691576;7.501919;5.078153;6.006321;5.947477;9.266487;8.593555;7.024083;3.654061
0.100000;-5.212253;2.874948;3.498539;3.531035;2.988822;3.363671;1.819200;3.165786;4.116898;1.577201;5.331892;1.709350;3.278670;2.328349;3.614571;4.064966;2.344911;1.880422;2.944795;3.799272;5.350456;2.810906;3.814907;4.128738;1.673316;3.864677;3.464741;2.692358;3.507224;2.968458;4.814400;3.002799;4.509970;4.894012;4.793175;1.903257;2.976671;1.337275;3.570819;5.681817;4.930210;1.509482;5.128290;1.919109;5.023874;3.267935;4.033238;4.405103;5.606660;3.657804;2.760915;5.391036;2.710033;1.812876;3.119954;3.373951;3.828566;4.578624;1.867142;5.114952;1.349381;2.704382;1.695013;2.579347;4.134609;4.803769;3.457493;4.097627;3.192084;4.741398;5.128238;3.694731;4.290071;3.252004;2.112502;4.550244;2.153365;1.530476;1.578401;5.045739;1.860186;2.442415;4.165860;4.824781;1.500665;4.125304;2.764248;1.686045;4.311131;4.773399;4.889641;3.164461;4.753097;1.465606;3.612145;3.961585;1.624853;5.550981;6.041784;4.185089;3.868188;3.371822;3.018848;2.156740;2.546886;4.021790;3.443413;4.757262;3.884709;4.190781;2.646994;3.413049;2.620325;5.473863;3.621259;4.962496;6.188844;6.079932;9.308727;5.597466;4.557277;9.111306;5.198281;4.725765;4.881898;7.450083;6.483502;7.240532;7.045992;8.925233;8.867067;7.045154;5.358400;5.090817;8.940010;5.298678;4.209548;8.194582;7.099196;6.068738;6.084689;6.544032;7.263005;9.009396;7.273589;7.081846;5.210078;7.938541;7.396349;8.733753;3.678331;4.281678;7.056707;8.441267;5.883693;6.801235;7.152221;8.839960;8.166464;9.384123;7.080610;3.267442;7.484194;4.560911;8.043662;3.801079;7.425551;8.689597;7.500008;5.077579;6.004523;5.945753;9.264509;8.591582;7.023843;3.654062
0.100000;-5.098068;2.876235;3.495521;3.528489;2.986452;3.359194;1.819325;3.156532;4.115496;1.574543;5.330033;1.707141;3.274815;2.328253;3.614596;4.059077;2.598305;1.876522;2.942998;3.794283;5.347544;2.807347;3.813915;4.126233;1.669876;3.865103;3.461595;2.685158;3.503484;2.965790;4.814400;2.997291;4.508134;4.892489;4.792282;1.902563;2.973195;1.335801;3.565949;5.674212;4.927132;1.508535;5.126928;1.917392;5.018900;3.266523;4.032514;4.403580;5.602337;3.656583;2.757956;5.386652;2.708510;1.811026;3.116288;3.370543;3.826097;4.578131;1.864813;5.111552;1.349394;2.699826;1.691404;2.579353;4.132218;4.800261;3.455418;4.092889;3.190893;4.741549;5.125185;3.798409;4.283440;3.247403;2.110125;4.545052;2.150372;1.529684;1.577509;5.041601;1.857833;2.441714;4.165123;4.822855;1.499606;4.120654;2.762171;1.686037;4.311072;4.765864;4.886223;3.160134;4.752301;1.465396;3.610800;3.959513;1.622765;5.543996;6.035284;4.184267;3.863317;3.371888;3.015978;2.153670;2.544816;4.019208;3.439902;4.755680;3.884107;4.186579;2.646994;3.410189;2.617795;5.470732;3.614548;4.960497;6.186816;6.079950;9.307007;5.597196;4.556157;9.107714;5.194183;4.724723;4.881910;7.450114;6.483459;7.231573;7.045266;8.919830;8.862129;7.043495;5.358647;5.085711;8.934082;5.298677;4.211948;8.194659;7.098351;6.067160;6.073278;6.539028;7.248459;9.007418;7.273582;7.081494;5.209095;7.932794;7.392954;8.733684;3.678405;4.276981;7.054580;8.438712;5.881600;6.784838;7.150525;8.838776;8.152789;9.380467;7.076715;3.267441;7.484290;4.549736;8.042718;3.798250;7.418888;8.681993;7.493834;5.076401;5.993953;5.940916;9.257420;8.584671;7.023371;3.654060
0.100000;-5.153040;2.875294;3.497873;3.530441;2.988257;3.362842;1.819294;3.164937;4.116526;1.576589;5.331424;1.708816;3.277897;2.328268;3.614640;4.064053;2.621968;1.879641;2.944338;3.798402;5.349802;2.810168;3.814631;4.128150;1.672592;3.864504;3.464054;2.691429;3.506465;2.967843;4.814400;3.001904;4.509506;4.893614;4.792923;1.903288;2.975942;1.336886;3.569958;5.680903;4.929534;1.509218;5.127927;1.918670;5.023010;3.267561;4.033032;4.404705;5.605843;3.657474;2.760254;5.390211;2.709634;1.812408;3.119202;3.373231;3.826858;4.579249;1.866585;5.114233;1.349451;2.703546;1.694268;2.580132;4.134041;4.803039;3.456983;4.096774;3.191760;4.741417;5.127564;3.763914;4.289146;3.251163;2.111937;4.549362;2.152702;1.529729;1.578151;5.044939;1.859626;2.441528;4.165650;4.824297;1.500374;4.124461;2.763735;1.686420;4.311056;4.772475;4.888918;3.163640;4.752871;1.465399;3.611785;3.961075;1.624342;5.550050;6.040857;4.184857;3.867326;3.372272;3.018202;2.156067;2.546376;4.021189;3.442679;4.756850;3.884535;4.189985;2.646994;3.412409;2.619732;5.473178;3.620328;4.964713;6.188340;6.080200;9.308285;5.597385;4.556969;9.110559;5.197483;4.725477;4.882055;7.450062;6.484286;7.239660;7.045464;8.924324;8.866195;7.044726;5.358505;5.089939;8.939089;5.298677;4.210059;8.194662;7.098351;6.068328;6.084027;6.543159;7.262818;9.008903;7.273589;7.081742;5.209804;7.937630;7.395627;8.733343;3.678341;4.280827;7.056186;8.440664;5.883178;6.801391;7.151783;8.839639;8.166132;9.383374;7.079832;3.267442;7.484279;4.560228;8.043399;3.800437;7.424620;8.688664;7.499083;5.077258;6.003782;5.944893;9.263575;8.590652;7.023704;3.654061
0.100000;-5.204704;2.874944;3.495091;3.528132;2.986125;3.358542;1.819198;3.155425;4.115314;1.574169;5.329782;1.706837;3.274262;2.328410;3.615039;4.058239;2.621968;1.875959;2.942760;3.793560;5.347132;2.806837;3.813791;4.125883;1.669380;3.865193;3.461148;2.684177;3.502941;2.965415;4.814400;2.996499;4.507888;4.892290;4.792169;1.902409;2.972695;1.335609;3.565243;5.673192;4.926695;1.508416;5.126752;1.917164;5.018177;3.266340;4.032426;4.403380;5.601709;3.656428;2.757537;5.386014;2.708310;1.810778;3.115760;3.370054;3.826203;4.579638;1.864492;5.111065;1.349304;2.699162;1.690884;2.579592;4.131888;4.799755;3.455133;4.092202;3.190741;4.741523;5.124751;3.774299;4.282518;3.246733;2.109796;4.544300;2.149948;1.530262;1.577399;5.040998;1.857505;2.442006;4.165034;4.822595;1.499472;4.119977;2.761891;1.686057;4.311299;4.764854;4.885733;3.159505;4.752203;1.466863;3.610626;3.959231;1.622479;5.543037;6.034373;4.184165;3.862609;3.371846;3.015570;2.153232;2.544534;4.018847;3.439395;4.755471;3.884035;4.185964;2.646994;3.409783;2.617443;5.470285;3.613620;4.962285;6.186544;6.079866;9.306777;5.597164;4.556014;9.107194;5.193588;4.724588;4.881896;7.450254;6.483446;7.230479;7.045102;8.919048;8.861413;7.043274;5.358458;5.084970;8.933249;5.298676;4.211781;8.194568;7.098378;6.066951;6.072189;6.538304;7.247656;9.007153;7.273593;7.081453;5.208972;7.931974;7.392468;8.733710;3.678430;4.276298;7.054290;8.438362;5.881314;6.784375;7.150299;8.838625;8.151878;9.379942;7.076148;3.267442;7.484215;4.548635;8.042597;3.797851;7.417964;8.680988;7.492958;5.076251;5.992839;5.940216;9.256454;8.583719;7.023315;3.654060
0.100000;-5.037404;2.878256;3.493834;3.527040;2.985097;3.356822;1.820221;3.152387;4.114663;1.573040;5.328947;1.705868;3.272734;2.328270;3.614723;4.056108;2.420780;1.874417;2.941949;3.791687;5.345912;2.805398;3.813316;4.124805;1.667982;3.864540;3.459851;2.681686;3.501449;2.964280;4.814400;2.994479;4.507062;4.891590;4.791739;1.902589;2.971286;1.334928;3.563404;5.670594;4.925417;1.507961;5.126119;1.916387;5.016312;3.265687;4.032072;4.402681;5.600030;3.655854;2.756301;5.384323;2.707610;1.809946;3.114286;3.368667;3.826247;4.577981;1.863478;5.109680;1.349421;2.697415;1.689431;2.579367;4.130854;4.798335;3.454216;4.090403;3.190179;4.741525;5.123485;3.798409;4.280186;3.244974;2.108765;4.542367;2.148697;1.529681;1.576969;5.039378;1.856483;2.441591;4.164675;4.821734;1.498969;4.118207;2.760975;1.686300;4.312428;4.762273;4.884342;3.157830;4.751818;1.470168;3.609999;3.958313;1.621560;5.540606;6.032071;4.183768;3.860770;3.372226;3.014365;2.151959;2.543620;4.017743;3.437977;4.754748;3.883738;4.184327;2.646994;3.408583;2.616356;5.468994;3.611257;4.961252;6.185645;6.079956;9.305995;5.597028;4.555484;9.105750;5.191983;4.724092;4.881893;7.450276;6.483811;7.227518;7.045416;8.917057;8.859553;7.042516;5.358384;5.083064;8.931102;5.298678;4.214065;8.194918;7.098851;6.066226;6.068571;6.536427;7.243206;9.006270;7.273593;7.081275;5.208501;7.929872;7.391083;8.733412;3.678410;4.274510;7.053350;8.437267;5.880386;6.779434;7.149529;8.838065;8.147654;9.378471;7.074604;3.267441;7.484232;4.545079;8.042145;3.796662;7.415612;8.678391;7.490749;5.075696;5.989446;5.938390;9.253992;8.581306;7.023080;3.654061
0.100000;-5.366782;2.878033;3.495489;3.528415;2.986369;3.359356;1.819471;3.157912;4.115391;1.574481;5.329930;1.707048;3.274881;2.328337;3.614641;4.059514;2.351255;1.876598;2.942896;3.794532;5.347503;2.807374;3.813821;4.126157;1.669886;3.864535;3.461576;2.685916;3.503531;2.965725;4.814400;2.997649;4.508031;4.892384;4.792193;1.902373;2.973209;1.335695;3.566176;5.675087;4.927103;1.508444;5.126825;1.917287;5.019151;3.266419;4.032436;4.403474;5.602471;3.656482;2.757916;5.386796;2.708405;1.810921;3.116328;3.370549;3.826521;4.579977;1.864727;5.111558;1.349391;2.700001;1.691434;2.579576;4.132137;4.800284;3.455320;4.093095;3.190792;4.741795;5.125156;3.798409;4.284055;3.247582;2.110043;4.545338;2.150343;1.529681;1.577421;5.041708;1.857748;2.441540;4.165046;4.822755;1.499510;4.120845;2.762079;1.686094;4.311082;4.766714;4.886232;3.160266;4.752220;1.472286;3.610695;3.959414;1.622670;5.544704;6.035862;4.184185;3.863545;3.371826;3.015929;2.153643;2.544719;4.019137;3.439922;4.755574;3.884040;4.186704;2.646994;3.410146;2.617722;5.470710;3.615175;4.960720;6.186718;6.079866;9.306899;5.597160;4.556058;9.107738;5.194278;4.724625;4.881887;7.450331;6.483623;7.232842;7.045159;8.920154;8.862360;7.043388;5.358371;5.085978;8.934510;5.298677;4.209768;8.194571;7.098843;6.067051;6.075428;6.539278;7.251966;9.007318;7.273585;7.081449;5.209002;7.933187;7.392954;8.733314;3.678398;4.277174;7.054483;8.438641;5.881501;6.789246;7.150415;8.838675;8.155898;9.380498;7.076778;3.267442;7.484176;4.551788;8.042626;3.798197;7.419499;8.682849;7.494326;5.076301;5.995784;5.941134;9.258143;8.585349;7.023314;3.654061
0.100000;-5.080149;2.876777;3.493882;3.527050;2.985095;3.357041;1.819236;3.153484;4.114625;1.573059;5.328919;1.705858;3.272874;2.328490;3.617236;4.056547;2.543007;1.874555;2.941920;3.791977;5.345950;2.805503;3.813277;4.124813;1.668071;3.866474;3.459913;2.682369;3.501576;2.964298;4.814400;2.994856;4.507035;4.891551;4.791701;1.902542;2.971376;1.334892;3.563678;5.671360;4.925469;1.507923;5.126080;1.916354;5.016601;3.265648;4.032036;4.402644;5.600227;3.655813;2.756342;5.384525;2.707573;1.809918;3.114401;3.368751;3.826659;4.579139;1.863474;5.109764;1.349303;2.697646;1.689537;2.579410;4.130852;4.798432;3.454200;4.090658;3.190140;4.741412;5.123534;3.798409;4.280758;3.245208;2.108762;4.542690;2.148748;1.530072;1.576931;5.039553;1.856480;2.441662;4.164639;4.821710;1.498928;4.118448;2.760957;1.686978;4.311363;4.763021;4.884429;3.158023;4.751780;1.465408;3.609961;3.958294;1.621542;5.541249;6.032623;4.183732;3.861044;3.371961;3.014399;2.152011;2.543602;4.017755;3.438074;4.754712;3.883707;4.184510;2.646994;3.408620;2.616364;5.469051;3.611842;4.962562;6.185621;6.079955;9.305961;5.597011;4.555443;9.105850;5.192145;4.724053;4.881922;7.450957;6.483635;7.228550;7.045239;8.917411;8.859830;7.042483;5.358373;5.083371;8.931541;5.298678;4.210311;8.194857;7.098821;6.066192;6.070094;6.536717;7.245263;9.006248;7.273585;7.081253;5.208461;7.930288;7.391165;8.733315;3.678611;4.274756;7.053334;8.437273;5.880369;6.781713;7.149494;8.838026;8.149579;9.378577;7.074740;3.267442;7.484175;4.546553;8.042108;3.796690;7.416193;8.679137;7.491233;5.075655;5.990801;5.938652;9.254649;8.581931;7.023052;3.654061
0.100000;-5.135487;2.875504;3.499240;3.531651;2.989403;3.364600;1.819200;3.167121;4.117271;1.577834;5.332369;1.709901;3.279505;2.328316;3.614570;4.066061;2.438403;1.881261;2.945257;3.800267;5.351141;2.811698;3.815180;4.129346;1.674089;3.864562;3.465461;2.693570;3.508042;2.969097;4.814400;3.003851;4.510442;4.894413;4.793423;1.902340;2.977450;1.337664;3.571800;5.683062;4.930924;1.509743;5.128654;1.919554;5.024868;3.268310;4.033442;4.405506;5.607572;3.658134;2.761606;5.391950;2.710433;1.813350;3.120764;3.374719;3.826306;4.578485;1.867717;5.115717;1.349334;2.705321;1.695814;2.579465;4.135194;4.804546;3.458015;4.098591;3.192406;4.741453;5.128946;3.798409;4.291236;3.252951;2.113086;4.551264;2.154063;1.529682;1.578648;5.046619;1.860766;2.441526;4.166067;4.825269;1.500955;4.126261;2.764770;1.687011;4.312957;4.774634;4.890411;3.165367;4.753320;1.466959;3.612504;3.962107;1.625378;5.552172;6.042938;4.185319;3.869168;3.372130;3.019522;2.157450;2.547406;4.022414;3.444196;4.757676;3.884882;4.191675;2.646994;3.413724;2.620938;5.474586;3.622429;4.964468;6.189353;6.079865;9.309173;5.597545;4.557580;9.112101;5.199154;4.726050;4.882139;7.450237;6.483522;7.241851;7.045129;8.926271;8.868053;7.045586;5.358631;5.091825;8.941107;5.298677;4.210120;8.194807;7.098390;6.069152;6.086077;6.545026;7.264371;9.009897;7.273574;7.081949;5.210349;7.939618;7.397112;8.733380;3.678524;4.282634;7.057241;8.441873;5.884220;6.802535;7.152659;8.840281;8.167851;9.384935;7.081456;3.267441;7.485600;4.562289;8.043923;3.801746;7.426718;8.690826;7.501130;5.077898;6.005898;5.946729;9.265710;8.592771;7.023978;3.654060
0.100000;-5.195946;2.874949;3.498536;3.531071;2.988868;3.363468;1.819207;3.164065;4.116969;1.577231;5.331961;1.709406;3.278565;2.328592;3.614606;4.064437;2.598498;1.880306;2.944861;3.798959;5.350462;2.810839;3.814970;4.128778;1.673267;3.864599;3.464723;2.691432;3.507132;2.968483;4.814400;3.002368;4.510038;4.894083;4.793233;1.903401;2.976617;1.337346;3.570533;5.680755;4.930201;1.509544;5.128361;1.919178;5.023571;3.268005;4.033291;4.405175;5.606481;3.657872;2.760916;5.390843;2.710103;1.812942;3.119875;3.373904;3.826096;4.579591;1.867193;5.114907;1.349304;2.704157;1.694942;2.579347;4.134653;4.803710;3.457553;4.097367;3.192153;4.741405;5.128231;3.777871;4.289327;3.251772;2.112548;4.549887;2.153363;1.529748;1.578461;5.045588;1.860234;2.442781;4.165913;4.824847;1.500732;4.125062;2.764309;1.687532;4.311050;4.772357;4.889596;3.164278;4.753152;1.465606;3.612215;3.961645;1.624913;5.550127;6.041080;4.185144;3.867901;3.371947;3.018858;2.156732;2.546946;4.021822;3.443351;4.757333;3.884756;4.190625;2.646994;3.413062;2.620363;5.473848;3.620487;4.960500;6.188900;6.079862;9.308794;5.597490;4.557341;9.111232;5.198135;4.725829;4.881916;7.450373;6.483443;7.238930;7.045209;8.924823;8.866763;7.045224;5.358373;5.090477;8.939464;5.298678;4.209527;8.194590;7.098471;6.068809;6.081923;6.543715;7.258429;9.009460;7.273593;7.081876;5.210139;7.938045;7.396300;8.733610;3.678387;4.281423;7.056766;8.441297;5.883752;6.795446;7.152288;8.840029;8.162426;9.384046;7.080497;3.267442;7.484257;4.558261;8.043721;3.801089;7.424798;8.688516;7.499395;5.077646;6.002186;5.945472;9.263616;8.590749;7.023880;3.654061
0.100000;-5.245691;2.875156;3.495329;3.528356;2.986339;3.358743;1.819360;3.154503;4.115461;1.574399;5.329967;1.707045;3.274492;2.328415;3.615489;4.058264;2.621968;1.876189;2.942938;3.793712;5.347367;2.807075;3.813899;4.126107;1.669621;3.864829;3.461389;2.683924;3.503178;2.965644;4.814400;2.996591;4.508071;4.892446;4.792269;1.903145;2.972933;1.335761;3.565407;5.672834;4.926932;1.508519;5.126895;1.917338;5.018334;3.266489;4.032505;4.403537;5.601915;3.656558;2.757774;5.386220;2.708468;1.810961;3.115994;3.370292;3.826262;4.578185;1.864704;5.111304;1.349318;2.699354;1.691120;2.579900;4.132104;4.799996;3.455334;4.092381;3.190868;4.741592;5.124989;3.798409;4.282405;3.246922;2.110012;4.544426;2.150187;1.530098;1.577497;5.041222;1.857721;2.441559;4.165116;4.822785;1.499588;4.120167;2.762091;1.686992;4.311373;4.764509;4.885972;3.159714;4.752291;1.466252;3.610767;3.959430;1.622681;5.542842;6.034283;4.184258;3.862772;3.371804;3.015806;2.153470;2.544734;4.019072;3.439636;4.755634;3.884103;4.186182;2.646994;3.410024;2.617665;5.470528;3.613479;4.964590;6.186737;6.079860;9.306947;5.597195;4.556135;9.107431;5.193809;4.724703;4.881929;7.450113;6.483884;7.229656;7.045266;8.919138;8.861565;7.043442;5.358370;5.085109;8.933257;5.298679;4.211168;8.194620;7.099257;6.067112;6.070265;6.538453;7.243872;9.007343;7.273585;7.081491;5.209078;7.932009;7.392703;8.733347;3.678302;4.276475;7.054489;8.438584;5.881513;6.779294;7.150471;8.838751;8.148649;9.380172;7.076376;3.267441;7.484249;4.546825;8.042701;3.798083;7.417831;8.680607;7.492930;5.076375;5.991324;5.940381;9.256223;8.583533;7.023366;3.654061
0.100000;-5.151678;2.875271;3.498741;3.531220;2.988998;3.363903;1.819262;3.165887;4.117018;1.577389;5.332043;1.709518;3.278889;2.328327;3.614570;4.065192;2.621968;1.880642;2.944939;3.799504;5.350655;2.811121;3.814997;4.128921;1.673530;3.865104;3.464944;2.692553;3.507444;2.968646;4.814399;3.003027;4.510116;4.894140;4.793256;1.902306;2.976887;1.337399;3.571053;5.682000;4.930413;1.509568;5.128407;1.919250;5.024112;3.268055;4.033307;4.405231;5.606890;3.657912;2.761114;5.391267;2.710160;1.813025;3.120170;3.374164;3.826113;4.577975;1.867318;5.115165;1.349347;2.704613;1.695231;2.579393;4.134784;4.803984;3.457654;4.097861;3.192190;4.741411;5.128441;3.798409;4.290283;3.252238;2.112679;4.550478;2.153566;1.529678;1.578483;5.045965;1.860363;2.441553;4.165930;4.824934;1.500761;4.125538;2.764410;1.686036;4.311085;4.773584;4.889854;3.164689;4.753172;1.465565;3.612260;3.961746;1.625012;5.551178;6.041999;4.185166;3.868420;3.372829;3.019043;2.156943;2.547047;4.021976;3.443628;4.757394;3.884768;4.191011;2.646994;3.413242;2.620508;5.474067;3.621468;4.960494;6.189001;6.079885;9.308867;5.597494;4.557375;9.111521;5.198507;4.725859;4.881902;7.450070;6.484349;7.240649;7.045539;8.925464;8.867302;7.045291;5.358370;5.091051;8.940241;5.298677;4.212049;8.194570;7.098547;6.068871;6.084648;6.544267;7.262680;9.009552;7.273589;7.081882;5.210166;7.938769;7.396562;8.733816;3.678306;4.281911;7.056872;8.441449;5.883855;6.800689;7.152358;8.840065;8.166230;9.384350;7.080833;3.267442;7.485285;4.560884;8.043750;3.801272;7.425762;8.689773;7.500230;5.077683;6.004550;5.945985;9.264705;8.591786;7.023888;3.654060
0.100000;-5.052428;2.877637;3.493132;3.526469;2.984574;3.355671;1.819198;3.149282;4.114379;1.572437;5.328552;1.705386;3.271782;2.328336;3.614602;4.054451;2.621968;1.873454;2.941571;3.790358;5.345240;2.804538;3.813122;4.124247;1.667158;3.865053;3.459112;2.679506;3.500536;2.963675;4.814400;2.992965;4.506673;4.891276;4.791566;1.902584;2.970449;1.334627;3.562116;5.668239;4.924698;1.507778;5.125844;1.916028;5.014987;3.265400;4.031934;4.402368;5.598929;3.655610;2.755617;5.383199;2.707297;1.809555;3.113391;3.367852;3.826779;4.577997;1.862966;5.108867;1.349972;2.696237;1.688554;2.579433;4.130325;4.797492;3.453768;4.089158;3.189942;4.741419;5.122772;3.798409;4.278235;3.243778;2.108239;4.540967;2.148008;1.530313;1.576797;5.038337;1.855964;2.442676;4.164535;4.821324;1.498760;4.116991;2.760524;1.686032;4.311887;4.759953;4.883523;3.156725;4.751665;1.465739;3.609728;3.957867;1.621110;5.538513;6.030177;4.183611;3.859482;3.371803;3.013705;2.151242;2.543174;4.017163;3.437131;4.754421;3.883625;4.183270;2.646994;3.407928;2.615788;5.468257;3.609281;4.961620;6.185208;6.079895;9.305634;5.596978;4.555261;9.104877;5.190952;4.723888;4.881892;7.450083;6.483528;7.224554;7.045740;8.915577;8.858238;7.042172;5.358380;5.081692;8.929431;5.298678;4.209638;8.194635;7.098351;6.065900;6.064372;6.535091;7.237198;9.005851;7.273593;7.081210;5.208309;7.928269;7.390273;8.733361;3.678316;4.273281;7.052889;8.436700;5.879936;6.772263;7.149176;8.837831;8.142176;9.377580;7.073639;3.267441;7.484215;4.541007;8.041964;3.796013;7.413656;8.676044;7.488981;5.075461;5.985692;5.937113;9.251859;8.579245;7.022993;3.654061
0.100000;-5.174129;2.875045;3.492643;3.526040;2.984170;3.355025;1.819720;3.148635;4.114126;1.571995;5.328225;1.705005;3.271192;2.328769;3.614634;4.053725;2.352110;1.872862;2.941255;3.789677;5.344765;2.803982;3.812940;4.123823;1.666614;3.864362;3.458606;2.678767;3.499958;2.963230;4.814400;2.992257;4.506351;4.891003;4.791402;1.902334;2.969902;1.334363;3.561442;5.667512;4.924200;1.507604;5.125600;1.915724;5.014307;3.265146;4.031800;4.402095;5.598296;3.655388;2.755132;5.382562;2.707024;1.809229;3.112828;3.367311;3.826259;4.578873;1.862567;5.108329;1.349301;2.695588;1.687993;2.579348;4.129916;4.796941;3.453408;4.088496;3.189725;4.741878;5.122277;3.798409;4.277498;3.243124;2.107834;4.540272;2.147518;1.529682;1.576633;5.037721;1.855561;2.443371;4.164399;4.820988;1.498567;4.116339;2.760167;1.686224;4.311527;4.759217;4.882984;3.156093;4.751517;1.466247;3.609485;3.957507;1.620749;5.537776;6.029439;4.183459;3.858808;3.372602;3.013232;2.150741;2.542814;4.016729;3.436578;4.754139;3.883512;4.182645;2.646994;3.407456;2.615362;5.467752;3.608536;4.961578;6.184855;6.080025;9.305327;5.596928;4.555057;9.104319;5.190342;4.723695;4.882557;7.450111;6.483620;7.223882;7.045108;8.914870;8.857563;7.041877;5.358586;5.081001;8.928701;5.298677;4.211510;8.194568;7.099442;6.065624;6.063951;6.534407;7.237303;9.005507;7.273585;7.081144;5.208129;7.927545;7.389731;8.734078;3.678351;4.272618;7.052522;8.436263;5.879571;6.772741;7.148870;8.837615;8.142116;9.377011;7.073047;3.267442;7.484853;4.540548;8.041789;3.795544;7.412914;8.675302;7.488245;5.075247;5.985161;5.936440;9.251121;8.578502;7.022903;3.654060
0.100000;-5.291099;2.875837;3.498446;3.530963;2.988757;3.363492;1.819316;3.165148;4.116869;1.577125;5.331849;1.709294;3.278526;2.328378;3.614573;4.064675;2.621968;1.880267;2.944752;3.799053;5.350368;2.810781;3.814889;4.128668;1.673197;3.864417;3.464637;2.691947;3.507085;2.968380;4.814400;3.002540;4.509927;4.893980;4.793159;1.902413;2.976551;1.337243;3.570610;5.681368;4.930111;1.509465;5.128262;1.919070;5.023657;3.267905;4.033227;4.405070;5.606488;3.657780;2.760821;5.390859;2.709999;1.812831;3.119823;3.373834;3.826476;4.578657;1.867080;5.114836;1.349313;2.704196;1.694886;2.579386;4.134544;4.803648;3.457439;4.097430;3.192060;4.741416;5.128141;3.798409;4.289713;3.251813;2.112438;4.550009;2.153270;1.530053;1.578386;5.045577;1.860124;2.441564;4.165849;4.824735;1.500646;4.125109;2.764196;1.686367;4.311075;4.772952;4.889524;3.164287;4.753083;1.465450;3.612115;3.961533;1.624800;5.550589;6.041438;4.185077;3.867977;3.371855;3.018760;2.156644;2.546834;4.021716;3.443286;4.757226;3.884701;4.190621;2.646994;3.412962;2.620252;5.473762;3.620894;4.969209;6.188788;6.079936;9.308686;5.597462;4.557255;9.111176;5.198123;4.725745;4.881934;7.450093;6.483963;7.239927;7.045116;8.924979;8.866849;7.045117;5.358370;5.090588;8.939717;5.298677;4.209547;8.194840;7.098916;6.068702;6.083766;6.543810;7.261602;9.009347;7.273589;7.081841;5.210060;7.938263;7.396234;8.733334;3.679077;4.281479;7.056654;8.441192;5.883638;6.799514;7.152182;8.839937;8.165204;9.383994;7.080464;3.267441;7.484840;4.560017;8.043646;3.800991;7.425190;8.689133;7.499691;5.077555;6.003717;5.945547;9.264105;8.591198;7.023836;3.654061
0.100000;-5.136639;2.875480;3.499938;3.532214;2.989917;3.365755;1.819217;3.170007;4.117543;1.578430;5.332752;1.710374;3.280455;2.328242;3.615189;4.067701;2.363436;1.882228;2.945621;3.801594;5.351803;2.812554;3.815361;4.129898;1.674913;3.864362;3.466196;2.695691;3.508958;2.969692;4.814400;3.005359;4.510816;4.894714;4.793583;1.902423;2.978285;1.337952;3.573085;5.685331;4.931637;1.509916;5.128914;1.919899;5.026190;3.268584;4.033571;4.405805;5.608674;3.658366;2.762285;5.393075;2.710733;1.813729;3.121659;3.375533;3.826101;4.579392;1.868220;5.116529;1.349369;2.706502;1.696688;2.579407;4.135712;4.805390;3.458450;4.099833;3.192632;4.741865;5.129654;3.770058;4.293148;3.254146;2.113602;4.552661;2.154750;1.531724;1.578809;5.047662;1.861276;2.441554;4.166198;4.825669;1.501151;4.127468;2.765207;1.686496;4.311497;4.776882;4.891228;3.166470;4.753462;1.475747;3.612762;3.962543;1.625816;5.554209;6.044800;4.185468;3.870453;3.371804;3.020177;2.158161;2.547841;4.022984;3.445041;4.757991;3.884986;4.192742;2.646994;3.414374;2.621492;5.475313;3.624368;4.960554;6.189776;6.080061;9.309519;5.597589;4.557791;9.112967;5.200184;4.726243;4.881888;7.450271;6.483718;7.244628;7.045189;8.927748;8.869364;7.045920;5.358374;5.093191;8.942763;5.298679;4.212842;8.194640;7.098352;6.069465;6.089770;6.546359;7.269179;9.010307;7.273578;7.082009;5.210529;7.941214;7.397925;8.733319;3.678467;4.283862;7.057692;8.442439;5.884660;6.807928;7.153004;8.840505;8.172357;9.385826;7.082424;3.267442;7.484342;4.565902;8.044097;3.802387;7.428640;8.693089;7.502874;5.078120;6.009284;5.948003;9.267788;8.594785;7.024058;3.654063
0.100000;-5.124672;2.875731;3.497944;3.530560;2.988391;3.362655;1.819585;3.163025;4.116676;1.576696;5.331578;1.708956;3.277839;2.328288;3.614728;4.063473;2.621968;1.879577;2.944494;3.798087;5.349888;2.810160;3.814761;4.128273;1.672606;3.864476;3.464111;2.690386;3.506424;2.967953;4.814400;3.001439;4.509660;4.893764;4.793047;1.902308;2.975949;1.337039;3.569671;5.679698;4.929599;1.509345;5.128077;1.918824;5.022694;3.267712;4.033138;4.404858;5.605687;3.657619;2.760335;5.390043;2.709787;1.812561;3.119177;3.373247;3.828099;4.578590;1.866722;5.114252;1.349375;2.703335;1.694254;2.579652;4.134172;4.803039;3.457131;4.096524;3.191903;4.741410;5.127633;3.694178;4.288311;3.250944;2.112069;4.548989;2.152778;1.529950;1.578272;5.044822;1.859760;2.441824;4.165758;4.824450;1.500509;4.124227;2.763885;1.686078;4.311283;4.771303;4.888937;3.163485;4.752985;1.466806;3.611934;3.961223;1.624487;5.549093;6.040071;4.184974;3.867041;3.371938;3.018291;2.156131;2.546525;4.021306;3.442677;4.757006;3.884628;4.189848;2.646994;3.412498;2.619855;5.473236;3.619467;4.960474;6.188490;6.079868;9.308440;5.597432;4.557107;9.110549;5.197376;4.725610;4.882102;7.450418;6.483592;7.237883;7.045136;8.923903;8.865897;7.044881;5.358382;5.089590;8.938508;5.298678;4.212378;8.195104;7.098375;6.068481;6.081063;6.542841;7.258148;9.009052;7.273578;7.081802;5.209934;7.937097;7.395649;8.733378;3.678444;4.280585;7.056333;8.440787;5.883327;6.795669;7.151941;8.839780;8.161944;9.383350;7.079765;3.267442;7.484177;4.557376;8.043525;3.800531;7.423779;8.687467;7.498410;5.077401;6.001238;5.944614;9.262582;8.589720;7.023780;3.654061
0.100000;-5.115070;2.875898;3.496938;3.529691;2.987574;3.361269;1.819285;3.160768;4.116169;1.575797;5.330920;1.708190;3.276611;2.328242;3.614611;4.061779;2.584987;1.878333;2.943856;3.796584;5.348913;2.809012;3.814394;4.127417;1.671485;3.864369;3.463071;2.688450;3.505225;2.967047;4.814400;2.999825;4.509010;4.893219;4.792714;1.902409;2.974819;1.336508;3.568197;5.677690;4.928576;1.508993;5.127583;1.918213;5.021198;3.267202;4.032866;4.404309;5.604342;3.657172;2.759346;5.388682;2.709239;1.811908;3.117994;3.372137;3.826362;4.581555;1.865917;5.113141;1.349700;2.701934;1.693087;2.579348;4.133349;4.801904;3.456404;4.095080;3.191466;4.741448;5.126619;3.798409;4.286479;3.249531;2.111250;4.547442;2.151780;1.529727;1.577941;5.043521;1.858947;2.442806;4.165480;4.823772;1.500118;4.122804;2.763162;1.688129;4.311722;4.769305;4.887821;3.162138;4.752687;1.465380;3.611445;3.960499;1.623757;5.547186;6.038259;4.184667;3.865565;3.371871;3.017327;2.155111;2.545801;4.020429;3.441541;4.756437;3.884401;4.188531;2.646994;3.411535;2.618992;5.472200;3.617617;4.960553;6.187780;6.080035;9.307829;5.597328;4.556695;9.109390;5.196085;4.725224;4.881887;7.450116;6.483696;7.235671;7.045283;8.922316;8.864406;7.044289;5.358372;5.088061;8.936800;5.298678;4.211932;8.194696;7.098416;6.067914;6.078547;6.541334;7.255325;9.008360;7.273582;7.081665;5.209570;7.935431;7.394541;8.733343;3.678855;4.279152;7.055590;8.439916;5.882595;6.792694;7.151332;8.839346;8.159203;9.382170;7.078527;3.267442;7.484785;4.554885;8.043175;3.799581;7.421936;8.685467;7.496665;5.076968;5.998812;5.943156;9.260658;8.587831;7.023600;3.654060
0.100000;-5.290569;2.875853;3.493285;3.526539;2.984617;3.356200;1.819571;3.152138;4.114335;1.572525;5.328539;1.705407;3.272128;2.328302;3.614648;4.055504;2.559182;1.873809;2.941552;3.791057;5.345374;2.804809;3.813069;4.124309;1.667399;3.864725;3.459293;2.681179;3.500851;2.963764;4.814400;2.993865;4.506658;4.891238;4.791514;1.902332;2.970699;1.334587;3.562773;5.670127;4.924861;1.507725;5.125799;1.916001;5.015682;3.265356;4.031885;4.402329;5.599409;3.655559;2.755756;5.383697;2.707258;1.809539;3.113688;3.368085;3.826167;4.579050;1.863004;5.109099;1.349442;2.696791;1.688835;2.579416;4.130371;4.797749;3.453777;4.089777;3.189891;4.742471;5.122930;3.763793;4.279624;3.244344;2.108283;4.541739;2.148155;1.530181;1.576745;5.038766;1.856004;2.442028;4.164485;4.821318;1.498709;4.117581;2.760538;1.686093;4.311210;4.761797;4.883760;3.157205;4.751613;1.465442;3.609681;3.957873;1.621117;5.540081;6.031503;4.183560;3.860142;3.371883;3.013828;2.151403;2.543181;4.017237;3.437389;4.754386;3.883580;4.183713;2.646994;3.408052;2.615855;5.468432;3.610702;4.963752;6.185209;6.079933;9.305609;5.596953;4.555210;9.105153;5.191361;4.723834;4.882073;7.450025;6.483457;7.227218;7.045102;8.916428;8.858918;7.042141;5.358442;5.082433;8.930484;5.298678;4.212867;8.194579;7.099817;6.065862;6.068699;6.535794;7.244010;9.005847;7.273589;7.081179;5.208257;7.929262;7.390502;8.733515;3.678533;4.273879;7.052903;8.436761;5.879944;6.780628;7.149146;8.837778;8.148262;9.377872;7.073994;3.267442;7.485145;4.545153;8.041907;3.796128;7.415057;8.677908;7.490152;5.075409;5.989417;5.937752;9.253469;8.580768;7.022953;3.654060
0.100000;-5.295687;2.875885;3.496115;3.528967;2.986890;3.360185;1.819966;3.159122;4.115726;1.575047;5.330356;1.707542;3.275636;2.328254;3.615112;4.060501;2.434786;1.877351;2.943310;3.795427;5.348113;2.808083;3.814068;4.126702;1.670581;3.867028;3.462224;2.687017;3.504272;2.966298;4.814400;2.998602;4.508454;4.892744;4.792417;1.902700;2.973907;1.336044;3.567058;5.676217;4.927743;1.508680;5.127151;1.917686;5.020041;3.266756;4.032621;4.403834;5.603287;3.656778;2.758537;5.387617;2.708763;1.811347;3.117053;3.371238;3.826150;4.578193;1.865242;5.112246;1.349336;2.700844;1.692152;2.579392;4.132661;4.800981;3.455787;4.093964;3.191082;4.741586;5.125789;3.699693;4.285111;3.248433;2.110565;4.546257;2.150962;1.533133;1.577645;5.042497;1.858265;2.441914;4.165233;4.823193;1.499770;4.121701;2.762545;1.686312;4.312498;4.767836;4.886922;3.161083;4.752420;1.467151;3.611018;3.959884;1.623140;5.545784;6.036906;4.184392;3.864425;3.371849;3.016536;2.154279;2.545186;4.019696;3.440627;4.755945;3.884195;4.187494;2.646994;3.410748;2.618270;5.471357;3.616238;4.960532;6.187176;6.079865;9.307302;5.597231;4.556332;9.108456;5.195065;4.724880;4.881889;7.450037;6.483653;7.234053;7.045146;8.921092;8.863255;7.043775;5.358374;5.086889;8.935514;5.298676;4.211774;8.194626;7.099221;6.067423;6.076694;6.540176;7.253164;9.007760;7.273582;7.081542;5.209245;7.934166;7.393641;8.733455;3.678296;4.278036;7.054961;8.439194;5.881974;6.790349;7.150812;8.838964;8.157131;9.381230;7.077540;3.267441;7.484366;4.553058;8.042863;3.798795;7.420562;8.683982;7.495344;5.076586;5.997041;5.942014;9.259235;8.586430;7.023436;3.654061
0.100000;-5.006487;2.879503;3.491399;3.524958;2.983151;3.353343;1.819270;3.145966;4.113482;1.570871;5.327398;1.704045;3.269690;2.328239;3.614942;4.051689;2.621968;1.871346;2.940452;3.787858;5.343556;2.802564;3.812471;4.122757;1.665235;3.864395;3.457327;2.676452;3.498491;2.962106;4.814400;2.990310;4.505532;4.890309;4.790977;1.902360;2.968512;1.333690;3.559654;5.665117;4.922937;1.507154;5.124972;1.914952;5.012491;3.264498;4.031450;4.401400;5.596656;3.654820;2.753909;5.380906;2.706331;1.808405;3.111380;3.365944;3.826109;4.578507;1.861563;5.106962;1.349325;2.693885;1.686563;2.579470;4.128892;4.795551;3.452498;4.086741;3.189170;4.741471;5.121021;3.798409;4.275299;3.241408;2.106813;4.538401;2.146282;1.530364;1.576209;5.036134;1.854547;2.442060;4.164043;4.820133;1.498070;4.114608;2.759255;1.687220;4.311050;4.756837;4.881611;3.154454;4.751136;1.465519;3.608865;3.956599;1.619830;5.535505;6.027267;4.183065;3.857021;3.371813;3.012038;2.149484;2.541907;4.015636;3.435181;4.753420;3.883219;4.181035;2.646994;3.406269;2.614286;5.466474;3.606322;4.962265;6.183963;6.079917;9.304557;5.596793;4.554533;9.102892;5.188766;4.723206;4.881890;7.450028;6.483451;7.221260;7.045227;8.912953;8.855759;7.041128;5.358371;5.079154;8.926652;5.298677;4.209846;8.194568;7.098490;6.064901;6.061002;6.532586;7.234081;9.004632;7.273593;7.080968;5.207664;7.925549;7.388370;8.733352;3.678419;4.270877;7.051590;8.435183;5.878655;6.769420;7.148108;8.837062;8.138952;9.375564;7.071529;3.267442;7.484554;4.537625;8.041341;3.794365;7.410704;8.672915;7.486143;5.074697;5.982310;5.934660;9.248823;8.576245;7.022671;3.654060
0.100000;-5.333210;2.876869;3.499453;3.531847;2.989592;3.364807;1.819381;3.166820;4.117402;1.578035;5.332531;1.710082;3.279724;2.328367;3.616238;4.066192;2.449076;1.881478;2.945414;3.800453;5.351348;2.811915;3.815278;4.129540;1.674308;3.866445;3.465674;2.693573;3.508262;2.969297;4.814400;3.004013;4.510604;4.894554;4.793512;1.902549;2.977668;1.337801;3.571991;5.683015;4.931134;1.509838;5.128781;1.919707;5.025057;3.268441;4.033516;4.405644;5.607779;3.658251;2.761814;5.392159;2.710573;1.813512;3.120982;3.374936;3.826095;4.578008;1.867903;5.115935;1.349395;2.705525;1.696032;2.579348;4.135384;4.804769;3.458189;4.098792;3.192521;4.742579;5.129157;3.798409;4.291302;3.253151;2.113274;4.551439;2.154273;1.529791;1.578737;5.046836;1.860954;2.441870;4.166143;4.825436;1.501060;4.126456;2.764946;1.687081;4.311332;4.774599;4.890628;3.165577;4.753400;1.465397;3.612630;3.962281;1.625551;5.552199;6.043016;4.185403;3.869357;3.371809;3.019731;2.157661;2.547581;4.022609;3.444414;4.757820;3.884944;4.191886;2.646994;3.413933;2.621132;5.474797;3.622485;4.961293;6.189525;6.080004;9.309326;5.597576;4.557690;9.112315;5.199369;4.726153;4.881909;7.450389;6.483449;7.241601;7.045361;8.926435;8.868240;7.045735;5.358370;5.092006;8.941236;5.298677;4.210288;8.194572;7.098463;6.069293;6.085356;6.545213;7.262898;9.010065;7.273582;7.081987;5.210446;7.939763;7.397331;8.733326;3.678344;4.282833;7.057416;8.442076;5.884394;6.800556;7.152812;8.840396;8.166601;9.385152;7.081666;3.267442;7.484665;4.561621;8.044018;3.801949;7.426783;8.690780;7.501237;5.078012;6.005349;5.946921;9.265725;8.592807;7.024028;3.654061
0.100000;-5.282893;2.875647;3.496616;3.529454;2.987366;3.360618;1.819933;3.158559;4.116088;1.575536;5.330785;1.708006;3.276112;2.328369;3.614845;4.060731;2.352190;1.877828;2.943730;3.795798;5.348613;2.808572;3.814351;4.127184;1.671077;3.865394;3.462723;2.686980;3.504751;2.966790;4.814400;2.998890;4.508881;4.893126;4.792678;1.902513;2.974403;1.336420;3.567442;5.676073;4.928242;1.508953;5.127507;1.918097;5.020411;3.267121;4.032841;4.404216;5.603730;3.657109;2.759036;5.388054;2.709146;1.811774;3.117540;3.371736;3.826156;4.577975;1.865716;5.112743;1.349525;2.701260;1.692643;2.579362;4.133138;4.801476;3.456239;4.094359;3.191407;4.741419;5.126290;3.798409;4.285196;3.248847;2.111040;4.546598;2.151460;1.530277;1.577904;5.042954;1.858742;2.441516;4.165456;4.823630;1.500070;4.122110;2.762996;1.686275;4.311171;4.767722;4.887418;3.161525;4.752658;1.466392;3.611372;3.960334;1.623592;5.545793;6.037019;4.184635;3.864807;3.371905;3.017033;2.154780;2.545638;4.020184;3.441118;4.756337;3.884382;4.187946;2.646994;3.411245;2.618755;5.471856;3.616312;4.964733;6.187623;6.080068;9.307711;5.597323;4.556643;9.108949;5.195529;4.725178;4.881893;7.450047;6.484977;7.233574;7.045106;8.921408;8.863632;7.044178;5.358372;5.087245;8.935744;5.298676;4.210292;8.195271;7.098766;6.067814;6.075510;6.540544;7.251039;9.008212;7.273578;7.081659;5.209527;7.934425;7.394144;8.733391;3.678384;4.278442;7.055420;8.439680;5.882426;6.787696;7.151219;8.839287;8.155259;9.381716;7.078017;3.267441;7.484192;4.551936;8.043138;3.799294;7.420642;8.683858;7.495525;5.076909;5.996102;5.942402;9.259228;8.586459;7.023589;3.654060
0.100000;-5.175691;2.875063;3.497036;3.529785;2.987666;3.361354;1.819381;3.160686;4.116237;1.575891;5.331000;1.708278;3.276708;2.328240;3.614949;4.061837;2.555819;1.878434;2.943935;3.796664;5.349011;2.809109;3.814448;4.127510;1.671580;3.864383;3.463169;2.688461;3.505324;2.967143;4.814400;2.999893;4.509090;4.893291;4.792763;1.902323;2.974916;1.336578;3.568279;5.677686;4.928674;1.509044;5.127649;1.918290;5.021276;3.267270;4.032906;4.404384;5.604433;3.657233;2.759442;5.388774;2.709312;1.811988;3.118095;3.372233;3.826264;4.578487;1.866008;5.113240;1.349341;2.702022;1.693185;2.579476;4.133441;4.801994;3.456489;4.095163;3.191527;4.741435;5.126715;3.775642;4.286508;3.249617;2.111341;4.547518;2.151873;1.531279;1.577990;5.043619;1.859037;2.441538;4.165523;4.823854;1.500174;4.122890;2.763246;1.686100;4.311127;4.769304;4.887919;3.162230;4.752732;1.465417;3.611512;3.960583;1.623844;5.547210;6.038296;4.184711;3.865647;3.372389;3.017425;2.155211;2.545886;4.020522;3.441639;4.756511;3.884436;4.188624;2.646994;3.411634;2.619079;5.472298;3.617646;4.961241;6.187865;6.079874;9.307906;5.597346;4.556754;9.109485;5.196180;4.725279;4.881913;7.450028;6.483495;7.235600;7.046364;8.922382;8.864486;7.044363;5.358442;5.088140;8.936859;5.298678;4.210035;8.194603;7.098351;6.067988;6.078353;6.541414;7.255001;9.008442;7.273585;7.081687;5.209623;7.935491;7.394639;8.733465;3.678841;4.279234;7.055677;8.440009;5.882683;6.792320;7.151412;8.839406;8.158908;9.382271;7.078623;3.267442;7.484205;4.554702;8.043226;3.799674;7.421968;8.685455;7.496706;5.077029;5.998660;5.943233;9.260674;8.587852;7.023628;3.654060
0.100000;-5.227854;2.874996;3.500993;3.533122;2.990769;3.367229;1.819203;3.172689;4.118069;1.579372;5.333436;1.711173;3.281757;2.328244;3.615016;4.069552;2.452263;1.883538;2.946284;3.803207;5.352828;2.813768;3.815742;4.130792;1.676096;3.864358;3.467288;2.697868;3.510229;2.970640;4.814400;3.007111;4.511492;4.895281;4.793928;1.902455;2.979476;1.338504;3.574668;5.687611;4.932710;1.510280;5.129427;1.920534;5.027801;3.269112;4.033852;4.406372;5.610108;3.658827;2.763320;5.394524;2.711301;1.814409;3.122904;3.376705;3.826112;4.578677;1.869059;5.117699;1.349323;2.707999;1.697919;2.579349;4.136571;4.806602;3.459207;4.101378;3.193082;4.742129;5.130718;3.752049;4.295183;3.255657;2.114456;4.554329;2.155794;1.529985;1.579151;5.049047;1.862123;2.441633;4.166483;4.826374;1.501556;4.128993;2.765960;1.686688;4.311792;4.779141;4.892402;3.167906;4.753768;1.468196;3.613270;3.963297;1.626576;5.556334;6.046804;4.185784;3.872037;3.371834;3.021189;2.159235;2.548595;4.023903;3.446243;4.758579;3.885221;4.194142;2.646994;3.415379;2.622400;5.476402;3.626426;4.960484;6.190517;6.079872;9.310156;5.597697;4.558215;9.114193;5.201557;4.726641;4.881890;7.450026;6.484831;7.247234;7.045277;8.929472;8.870967;7.046535;5.358373;5.094838;8.944620;5.298677;4.210001;8.194570;7.098672;6.070053;6.092997;6.547977;7.273289;9.011031;7.273582;7.082148;5.210906;7.943030;7.399092;8.733331;3.678291;4.285399;7.058464;8.443348;5.885422;6.812634;7.153631;8.840954;8.176213;9.387070;7.083726;3.267442;7.484521;4.569072;8.044458;3.803382;7.430691;8.695368;7.504798;5.078567;6.012300;5.949578;9.269937;8.596891;7.024243;3.654060
0.100000;-5.261594;2.875314;3.499090;3.531521;2.989280;3.364384;1.819300;3.166709;4.117194;1.577701;5.332272;1.709787;3.279318;2.328239;3.614668;4.065783;2.357671;1.881066;2.945160;3.800027;5.350991;2.811522;3.815125;4.129217;1.673919;3.864528;3.465305;2.693239;3.507856;2.968961;4.814400;3.003596;4.510344;4.894331;4.793372;1.902754;2.977277;1.337584;3.571564;5.682718;4.930768;1.509690;5.128580;1.919462;5.024630;3.268233;4.033401;4.405423;5.607359;3.658067;2.761456;5.391738;2.710350;1.813251;3.120582;3.374550;3.826143;4.579724;1.867596;5.115549;1.349346;2.705101;1.695634;2.579579;4.135070;4.804378;3.457906;4.098362;3.192341;4.741403;5.128791;3.709471;4.290927;3.252728;2.112962;4.551015;2.153912;1.529989;1.578598;5.046418;1.860644;2.441797;4.166026;4.825168;1.500898;4.126030;2.764662;1.686639;4.311093;4.774291;4.890241;3.165157;4.753275;1.465542;3.612430;3.961998;1.625269;5.551852;6.042633;4.185273;3.868933;3.372306;3.019378;2.157298;2.547297;4.022279;3.444021;4.757591;3.884847;4.191468;2.646994;3.413581;2.620808;5.474426;3.622115;4.961279;6.189245;6.079867;9.309079;5.597530;4.557518;9.111922;5.198956;4.725992;4.881988;7.450955;6.483599;7.241447;7.045299;8.926022;8.867817;7.045496;5.358371;5.091579;8.940834;5.298676;4.212412;8.194874;7.098456;6.069066;6.085614;6.544787;7.263900;9.009792;7.273589;7.081928;5.210294;7.939351;7.396945;8.733301;3.678776;4.282409;7.057128;8.441746;5.884111;6.802109;7.152568;8.840216;8.167370;9.384756;7.081264;3.267442;7.484402;4.561832;8.043872;3.801601;7.426410;8.690475;7.500841;5.077831;6.005450;5.946497;9.265380;8.592449;7.023950;3.654061
0.100000;-5.226718;2.875011;3.494179;3.527376;2.985425;3.357107;1.819230;3.151687;4.114910;1.573380;5.329240;1.706188;3.273061;2.328472;3.614720;4.056213;2.621968;1.874744;2.942238;3.791919;5.346257;2.805736;3.813508;4.125141;1.668324;3.865771;3.460198;2.681536;3.501786;2.964619;4.814400;2.994644;4.507354;4.891849;4.791916;1.902310;2.971625;1.335184;3.563648;5.670345;4.925764;1.508146;5.126361;1.916667;5.016545;3.265935;4.032219;4.402942;5.600328;3.656077;2.756646;5.384614;2.707871;1.810239;3.114625;3.369008;3.826169;4.578101;1.863805;5.110022;1.349491;2.697693;1.689767;2.579351;4.131182;4.798674;3.454528;4.090662;3.190400;4.741448;5.123831;3.798409;4.280153;3.245245;2.109093;4.542574;2.149045;1.530149;1.577145;5.039691;1.856812;2.441645;4.164825;4.822033;1.499170;4.118472;2.761286;1.688860;4.311342;4.762043;4.884684;3.158124;4.751977;1.472071;3.610239;3.958624;1.621873;5.540507;6.032070;4.183933;3.861015;3.372385;3.014710;2.152305;2.543930;4.018081;3.438315;4.755015;3.883863;4.184642;2.646994;3.408931;2.616693;5.469337;3.611210;4.960495;6.185951;6.079872;9.306275;5.597087;4.555694;9.106084;5.192294;4.724289;4.882169;7.450147;6.484118;7.226901;7.045113;8.917233;8.859787;7.042794;5.358379;5.083280;8.931191;5.298676;4.209985;8.194780;7.098479;6.066494;6.067135;6.536655;7.240492;9.006574;7.273589;7.081350;5.208691;7.930003;7.391428;8.733307;3.678330;4.274772;7.053664;8.437600;5.880698;6.775857;7.149804;8.838284;8.145313;9.378802;7.074923;3.267442;7.484207;4.543730;8.042330;3.797004;7.415577;8.678134;7.490799;5.075914;5.988310;5.938634;9.253866;8.581218;7.023181;3.654061
0.100000;-5.232724;2.875035;3.493566;3.526766;2.984824;3.356656;1.819202;3.153258;4.114446;1.572766;5.328696;1.705599;3.272509;2.328678;3.614591;4.056149;2.585138;1.874196;2.941700;3.791584;5.345639;2.805151;3.813144;4.124533;1.667729;3.864361;3.459586;2.682008;3.501214;2.964005;4.814399;2.994457;4.506814;4.891361;4.791581;1.902503;2.971034;1.334704;3.563284;5.671018;4.925148;1.507795;5.125906;1.916143;5.016211;3.265468;4.031938;4.402452;5.599850;3.655654;2.756029;5.384143;2.707382;1.809694;3.114047;3.368411;3.826206;4.581096;1.863207;5.109425;1.349488;2.697258;1.689185;2.579608;4.130581;4.798087;3.453953;4.090267;3.189984;4.741467;5.123214;3.798409;4.280375;3.244821;2.108493;4.542293;2.148429;1.529877;1.576811;5.039182;1.856210;2.441550;4.164539;4.821481;1.498788;4.118060;2.760710;1.686099;4.311246;4.762675;4.884086;3.157644;4.751673;1.468063;3.609787;3.958050;1.621295;5.540876;6.032238;4.183621;3.860649;3.371993;3.014092;2.151690;2.543357;4.017468;3.437727;4.754515;3.883623;4.184136;2.646994;3.408315;2.616082;5.468724;3.611461;4.961181;6.185382;6.079876;9.305751;5.596971;4.555296;9.105499;5.191773;4.723912;4.881941;7.450084;6.483445;7.228295;7.045210;8.917006;8.859439;7.042278;5.358371;5.082973;8.931145;5.298677;4.209586;8.194755;7.098485;6.065992;6.070119;6.536323;7.245840;9.006012;7.273593;7.081203;5.208330;7.929892;7.390825;8.733969;3.678287;4.274365;7.053082;8.436988;5.880122;6.782701;7.149286;8.837872;8.149981;9.378227;7.074381;3.267442;7.484178;4.546549;8.041979;3.796386;7.415811;8.678791;7.490838;5.075500;5.990717;5.938256;9.254280;8.581556;7.022986;3.654062
0.100000;-5.469079;2.883254;3.494304;3.527468;2.985505;3.357362;1.819434;3.152422;4.114938;1.573481;5.329292;1.706259;3.273255;2.328360;3.615128;4.056602;2.515529;1.874944;2.942285;3.792218;5.346379;2.805906;3.813520;4.125229;1.668483;3.864760;3.460333;2.682062;3.501966;2.964720;4.814400;2.994998;4.507403;4.891883;4.791926;1.902303;2.971788;1.335215;3.563936;5.670920;4.925894;1.508158;5.126387;1.916710;5.016844;3.265963;4.032226;4.402974;5.600567;3.656099;2.756768;5.384855;2.707905;1.810288;3.114801;3.369165;3.826117;4.578025;1.863883;5.110178;1.349319;2.697953;1.689941;2.579560;4.131264;4.798841;3.454589;4.090940;3.190419;4.741450;5.123958;3.715202;4.280622;3.245510;2.109174;4.542893;2.149173;1.531104;1.577155;5.039913;1.856889;2.441697;4.164831;4.822087;1.499185;4.118744;2.761348;1.686180;4.311175;4.762605;4.884841;3.158361;4.751985;1.465781;3.610265;3.958686;1.621934;5.541010;6.032522;4.183941;3.861304;3.371841;3.014824;2.152435;2.543991;4.018176;3.438481;4.755051;3.883869;4.184864;2.646994;3.409047;2.616780;5.469472;3.611684;4.963121;6.186007;6.079883;9.306314;5.597088;4.555711;9.106255;5.192510;4.724305;4.882113;7.450295;6.483820;7.227601;7.045110;8.917574;8.860079;7.042832;5.358511;5.083591;8.931584;5.298677;4.212935;8.194572;7.098755;6.066528;6.068062;6.536955;7.241630;9.006632;7.273585;7.081351;5.208703;7.930372;7.391581;8.733340;3.678337;4.275043;7.053730;8.437692;5.880762;6.777081;7.149847;8.838305;8.146401;9.378979;7.075123;3.267442;7.484266;4.544632;8.042341;3.797114;7.416046;8.678701;7.491219;5.075932;5.989164;5.938915;9.254377;8.581710;7.023182;3.654061
0.100000;-5.312085;2.876322;3.498607;3.531142;2.988940;3.363517;1.819204;3.164055;4.117029;1.577301;5.332027;1.709475;3.278623;2.328293;3.614929;4.064463;2.355139;1.880371;2.944929;3.799002;5.350534;2.810908;3.815017;4.128850;1.673335;3.865075;3.464792;2.691438;3.507196;2.968556;4.814400;3.002403;4.510105;4.894148;4.793279;1.902685;2.976683;1.337407;3.570579;5.680759;4.930272;1.509590;5.128419;1.919244;5.023612;3.268065;4.033329;4.405238;5.606535;3.657928;2.760987;5.390897;2.710165;1.813010;3.119938;3.373974;3.826100;4.579920;1.867264;5.114974;1.349382;2.704210;1.695006;2.579348;4.134725;4.803777;3.457624;4.097418;3.192206;4.741429;5.128301;3.783149;4.289345;3.251823;2.112619;4.549926;2.153436;1.531062;1.578505;5.045651;1.860307;2.441530;4.165952;4.824913;1.500781;4.125113;2.764379;1.686150;4.311050;4.772359;4.889662;3.164333;4.753194;1.465978;3.612273;3.961716;1.624983;5.550134;6.041096;4.185188;3.867948;3.372793;3.018930;2.156800;2.547017;4.021894;3.443420;4.757396;3.884789;4.190684;2.646994;3.413138;2.620436;5.473918;3.620502;4.962508;6.188973;6.079877;9.308863;5.597506;4.557395;9.111300;5.198195;4.725878;4.881969;7.450366;6.484946;7.238924;7.045110;8.924858;8.866808;7.045290;5.358370;5.090518;8.939491;5.298678;4.209536;8.194578;7.098458;6.068871;6.081940;6.543759;7.258562;9.009528;7.273589;7.081898;5.210187;7.938072;7.396371;8.733311;3.678324;4.281473;7.056836;8.441369;5.883820;6.795692;7.152356;8.840082;8.162514;9.384109;7.080559;3.267442;7.484275;4.558281;8.043772;3.801164;7.424809;8.688524;7.499418;5.077701;6.002180;5.945521;9.263623;8.590761;7.023907;3.654061
0.100000;-5.322277;2.876511;3.497361;3.530005;2.987852;3.362101;1.819455;3.163449;4.116282;1.576134;5.331102;1.708436;3.277254;2.328554;3.614570;4.063098;2.621656;1.878992;2.944027;3.797585;5.349311;2.809570;3.814458;4.127722;1.672013;3.865608;3.463527;2.690274;3.505841;2.967388;4.814400;3.001004;4.509187;4.893349;4.792767;1.903252;2.975359;1.336630;3.569158;5.679682;4.929014;1.509051;5.127689;1.918372;5.022192;3.267314;4.032904;4.404439;5.605127;3.657260;2.759755;5.389486;2.709369;1.812088;3.118590;3.372658;3.826186;4.578047;1.866187;5.113661;1.349301;2.702792;1.693663;2.579463;4.133631;4.802446;3.456624;4.095998;3.191552;4.741403;5.127048;3.798409;4.288075;3.250403;2.111530;4.548513;2.152195;1.529689;1.577994;5.044249;1.859222;2.444827;4.165520;4.823966;1.500188;4.123693;2.763384;1.686719;4.311393;4.771269;4.888345;3.162924;4.752730;1.465383;3.611550;3.960718;1.623980;5.548927;6.039808;4.184712;3.866526;3.371836;3.017716;2.155550;2.546020;4.020750;3.442090;4.756575;3.884429;4.189279;2.646994;3.411923;2.619301;5.472649;3.619249;4.960695;6.187990;6.079942;9.307985;5.597336;4.556773;9.109958;5.196801;4.725292;4.881892;7.450451;6.483578;7.238220;7.045715;8.923450;8.865386;7.044438;5.358457;5.089104;8.938129;5.298676;4.211059;8.194586;7.099690;6.068051;6.082160;6.542343;7.260277;9.008561;7.273585;7.081679;5.209632;7.936697;7.395058;8.733436;3.678290;4.280054;7.055820;8.440238;5.882817;6.798395;7.151488;8.839431;8.163788;9.382762;7.079180;3.267442;7.484180;4.558398;8.043231;3.799958;7.423550;8.687451;7.498086;5.077051;6.002063;5.944097;9.262438;8.589540;7.023620;3.654060
0.100000;-5.446246;2.881836;3.495284;3.528275;2.986248;3.358920;1.819200;3.156561;4.115362;1.574325;5.329863;1.706947;3.274550;2.328331;3.614574;4.058819;2.621968;1.876253;2.942835;3.794006;5.347311;2.807090;3.813816;4.126022;1.669621;3.864427;3.461356;2.684971;3.503219;2.965569;4.814400;2.997027;4.507967;4.892346;4.792191;1.902306;2.972939;1.335661;3.565671;5.674060;4.926891;1.508440;5.126797;1.917235;5.018624;3.266391;4.032442;4.403438;5.602061;3.656465;2.757722;5.386377;2.708367;1.810857;3.116027;3.370290;3.826151;4.578206;1.864613;5.111300;1.349707;2.699548;1.691142;2.579350;4.132015;4.800008;3.455233;4.092614;3.190777;4.741405;5.124946;3.798409;4.283224;3.247125;2.109921;4.544777;2.150134;1.530505;1.577421;5.041328;1.857628;2.441519;4.165050;4.822682;1.499502;4.120378;2.761992;1.686060;4.311153;4.765701;4.885970;3.159858;4.752220;1.466100;3.610670;3.959328;1.622581;5.543796;6.035051;4.184185;3.863039;3.371839;3.015746;2.153431;2.544633;4.018993;3.439644;4.755532;3.884046;4.186307;2.646994;3.409960;2.617582;5.470490;3.614326;4.960480;6.186635;6.079861;9.306847;5.597167;4.556046;9.107453;5.193912;4.724617;4.881956;7.450975;6.483897;7.231563;7.045154;8.919555;8.861849;7.043340;5.358613;5.085433;8.933828;5.298678;4.209669;8.194587;7.098758;6.067009;6.073676;6.538750;7.249627;9.007242;7.273585;7.081458;5.208996;7.932525;7.392701;8.733957;3.678421;4.276701;7.054391;8.438500;5.881413;6.786574;7.150365;8.838662;8.153724;9.380204;7.076444;3.267441;7.484214;4.550086;8.042623;3.798021;7.418668;8.681833;7.493582;5.076286;5.994188;5.940642;9.257224;8.584462;7.023321;3.654061
0.100000;-5.299614;2.876002;3.496645;3.529450;2.987353;3.360777;1.819201;3.159320;4.116044;1.575544;5.330750;1.707985;3.276213;2.328300;3.614584;4.061058;2.436992;1.877932;2.943693;3.796016;5.348633;2.808648;3.814307;4.127181;1.671138;3.864382;3.462765;2.687473;3.504847;2.966793;4.814400;2.999174;4.508844;4.893083;4.792635;1.902609;2.974468;1.336376;3.567648;5.676630;4.928274;1.508910;5.127461;1.918057;5.020631;3.267075;4.032802;4.404174;5.603878;3.657063;2.759058;5.388207;2.709104;1.811739;3.117621;3.371794;3.826188;4.577974;1.865699;5.112801;1.349308;2.701431;1.692718;2.579702;4.133125;4.801546;3.456213;4.094552;3.191361;4.741759;5.126319;3.798409;4.285617;3.249023;2.111027;4.546839;2.151489;1.529888;1.577863;5.043085;1.858727;2.441515;4.165416;4.823596;1.500024;4.122293;2.762971;1.687968;4.311122;4.768260;4.887477;3.161671;4.752617;1.466381;3.611327;3.960308;1.623564;5.546263;6.037425;4.184596;3.865017;3.371817;3.017051;2.154811;2.545610;4.020183;3.441186;4.756296;3.884348;4.188083;2.646994;3.411264;2.618752;5.471893;3.616737;4.962808;6.187592;6.079914;9.307672;5.597304;4.556597;9.109018;5.195650;4.725132;4.882194;7.450040;6.483731;7.234289;7.046413;8.921673;8.863842;7.044138;5.358372;5.087474;8.936071;5.298678;4.211276;8.194615;7.098465;6.067772;6.076514;6.540764;7.252337;9.008177;7.273582;7.081635;5.209483;7.934731;7.394198;8.733529;3.678308;4.278625;7.055394;8.439674;5.882401;6.789102;7.151177;8.839241;8.156492;9.381797;7.078116;3.267442;7.484182;4.552917;8.043091;3.799306;7.421069;8.684395;7.495884;5.076863;5.997015;5.942598;9.259705;8.586912;7.023559;3.654061
0.100000;-5.349644;2.877456;3.494887;3.527926;2.985921;3.358395;1.819200;3.155845;4.115152;1.573963;5.329593;1.706635;3.274079;2.328355;3.614686;4.058210;2.621968;1.875778;2.942574;3.793450;5.346920;2.806643;3.813663;4.125677;1.669183;3.864727;3.460945;2.684307;3.502754;2.965207;4.814400;2.996441;4.507700;4.892118;4.792052;1.902348;2.972497;1.335441;3.565122;5.673379;4.926488;1.508294;5.126594;1.916983;5.018069;3.266178;4.032326;4.403212;5.601549;3.656280;2.757328;5.385861;2.708140;1.810590;3.115568;3.369854;3.826222;4.580514;1.864289;5.110865;1.349421;2.699018;1.690691;2.579710;4.131683;4.799556;3.454936;4.092073;3.190595;4.741406;5.124546;3.798409;4.282577;3.246594;2.109592;4.544207;2.149740;1.529671;1.577282;5.040833;1.857302;2.441598;4.164933;4.822402;1.499339;4.119844;2.761694;1.686071;4.311235;4.765028;4.885534;3.159346;4.752096;1.465383;3.610469;3.959034;1.622284;5.543138;6.034415;4.184058;3.862489;3.371804;3.015363;2.153028;2.544339;4.018641;3.439201;4.755298;3.883949;4.185801;2.646994;3.409584;2.617234;5.470082;3.613683;4.960982;6.186347;6.079865;9.306595;5.597124;4.555874;9.106999;5.193416;4.724457;4.881887;7.450075;6.483714;7.230853;7.045252;8.918979;8.861298;7.043095;5.358375;5.084869;8.933218;5.298678;4.209770;8.194751;7.099770;6.066778;6.072944;6.538195;7.248888;9.006956;7.273578;7.081400;5.208846;7.931926;7.392267;8.733344;3.678316;4.276164;7.054089;8.438150;5.881117;6.785842;7.150116;8.838480;8.152980;9.379747;7.075965;3.267442;7.484324;4.549351;8.042477;3.797643;7.418018;8.681164;7.492962;5.076106;5.993462;5.940093;9.256563;8.583809;7.023246;3.654061
0.100000;-5.310640;2.876254;3.494444;3.527596;2.985628;3.357512;1.819756;3.152638;4.115028;1.573607;5.329400;1.706376;3.273399;2.328239;3.614771;4.056764;2.435101;1.875086;2.942389;3.792374;5.346509;2.806053;3.813590;4.125356;1.668623;3.864661;3.460473;2.682234;3.502112;2.964849;4.814400;2.995155;4.507510;4.891979;4.791991;1.902350;2.971931;1.335308;3.564092;5.671095;4.926031;1.508226;5.126477;1.916812;5.016998;3.266054;4.032280;4.403069;5.600717;3.656180;2.756904;5.385006;2.708001;1.810397;3.114949;3.369308;3.827377;4.578522;1.864004;5.110320;1.349396;2.698106;1.690085;2.579409;4.131387;4.798981;3.454705;4.091091;3.190500;4.741501;5.124094;3.798409;4.280789;3.245662;2.109298;4.543050;2.149306;1.530067;1.577220;5.040057;1.857013;2.441540;4.164886;4.822199;1.499259;4.118896;2.761463;1.687016;4.311114;4.762782;4.884984;3.158513;4.752044;1.466707;3.610353;3.958800;1.622048;5.541183;6.032688;4.184001;3.861458;3.372195;3.014958;2.152571;2.544107;4.018304;3.438624;4.755149;3.883914;4.185008;2.646994;3.409176;2.616910;5.469612;3.611852;4.962389;6.186121;6.080031;9.306422;5.597110;4.555788;9.106402;5.192659;4.724378;4.882076;7.450648;6.483921;7.227817;7.045109;8.917730;8.860238;7.042933;5.358392;5.083748;8.931755;5.298677;4.209527;8.194593;7.098780;6.066627;6.068365;6.537111;7.242153;9.006742;7.273589;7.081383;5.208774;7.930541;7.391725;8.733301;3.678341;4.275196;7.053845;8.437823;5.880875;6.777789;7.149949;8.838385;8.146860;9.379127;7.075273;3.267441;7.484300;4.544932;8.042408;3.797246;7.416217;8.678880;7.491381;5.076009;5.989432;5.939074;9.254550;8.581883;7.023220;3.654061
0.100000;-5.189747;2.874972;3.495145;3.528156;2.986137;3.358720;1.819391;3.156139;4.115292;1.574201;5.329772;1.706842;3.274379;2.328244;3.615654;4.058559;2.621968;1.876078;2.942747;3.793786;5.347175;2.806929;3.813766;4.125903;1.669463;3.864406;3.461212;2.684647;3.503050;2.965445;4.814400;2.996782;4.507878;4.892270;4.792145;1.902304;2.972782;1.335588;3.565457;5.673713;4.926752;1.508392;5.126730;1.917150;5.018404;3.266320;4.032403;4.403361;5.601870;3.656403;2.757585;5.386182;2.708291;1.810767;3.115863;3.370135;3.826182;4.578366;1.864503;5.111145;1.349464;2.699345;1.690980;2.579667;4.131903;4.799844;3.455132;4.092402;3.190717;4.741405;5.124807;3.777918;4.282921;3.246921;2.109808;4.544547;2.150000;1.529696;1.577374;5.041142;1.857517;2.441515;4.165011;4.822590;1.499448;4.120175;2.761893;1.686139;4.311575;4.765366;4.885814;3.159665;4.752179;1.465711;3.610603;3.959229;1.622480;5.543484;6.034762;4.184143;3.862823;3.371806;3.015615;2.153291;2.544535;4.018872;3.439485;4.755454;3.884015;4.186112;2.646994;3.409829;2.617464;5.470348;3.614029;4.961066;6.186539;6.079860;9.306760;5.597152;4.555988;9.107289;5.193730;4.724565;4.882024;7.450060;6.483511;7.231160;7.045103;8.919317;8.861632;7.043258;5.358541;5.085211;8.933568;5.298678;4.209747;8.194577;7.098353;6.066932;6.073160;6.538531;7.249002;9.007147;7.273593;7.081438;5.208946;7.932274;7.392548;8.733431;3.678464;4.276494;7.054289;8.438381;5.881314;6.785932;7.150286;8.838600;8.153120;9.380043;7.076272;3.267442;7.484369;4.549584;8.042575;3.797891;7.418370;8.681499;7.493310;5.076226;5.993711;5.940428;9.256907;8.584154;7.023296;3.654060
0.100000;-5.341007;2.877190;3.496942;3.529710;2.987599;3.361189;1.819390;3.160105;4.116203;1.575815;5.330953;1.708217;3.276572;2.328239;3.614980;4.061574;2.350382;1.878294;2.943889;3.796463;5.348921;2.808987;3.814425;4.127439;1.671471;3.864508;3.463069;2.688089;3.505196;2.967063;4.814400;2.999660;4.509043;4.893254;4.792742;1.902351;2.974801;1.336541;3.568086;5.677285;4.928576;1.509022;5.127617;1.918247;5.021078;3.267236;4.032892;4.404343;5.604275;3.657204;2.759354;5.388609;2.709275;1.811941;3.117968;3.372123;3.826942;4.578805;1.865943;5.113129;1.349303;2.701848;1.693062;2.579501;4.133374;4.801881;3.456434;4.094980;3.191499;4.741488;5.126620;3.774405;4.286190;3.249440;2.111274;4.547304;2.151784;1.530116;1.577969;5.043463;1.858972;2.441723;4.165507;4.823805;1.500150;4.122718;2.763190;1.686491;4.311051;4.768903;4.887805;3.162069;4.752714;1.466343;3.611480;3.960528;1.623788;5.546863;6.037986;4.184694;3.865454;3.372054;3.017337;2.155113;2.545830;4.020445;3.441522;4.756472;3.884423;4.188468;2.646994;3.411547;2.619010;5.472199;3.617318;4.960546;6.187812;6.079956;9.307859;5.597341;4.556729;9.109362;5.196034;4.725255;4.881890;7.450107;6.483486;7.235049;7.045413;8.922152;8.864285;7.044322;5.358414;5.087930;8.936594;5.298676;4.209782;8.194833;7.098544;6.067949;6.077483;6.541214;7.253558;9.008391;7.273585;7.081680;5.209600;7.935237;7.394526;8.733453;3.678338;4.279053;7.055618;8.439930;5.882623;6.790462;7.151368;8.839379;8.157641;9.382144;7.078485;3.267442;7.484181;4.553864;8.043203;3.799591;7.421639;8.685050;7.496424;5.077001;5.997910;5.943041;9.260313;8.587508;7.023619;3.654061
0.100000;-5.267257;2.875409;3.497477;3.530159;2.988014;3.361992;1.819283;3.161766;4.116445;1.576283;5.331276;1.708602;3.277258;2.328564;3.615272;4.062634;2.621968;1.878990;2.944201;3.797358;5.349436;2.809622;3.814594;4.127877;1.672079;3.864786;3.463629;2.689386;3.505860;2.967535;4.814400;3.000648;4.509363;4.893517;4.792895;1.902865;2.975420;1.336796;3.568960;5.678645;4.929123;1.509183;5.127852;1.918545;5.021970;3.267479;4.033014;4.404607;5.605047;3.657414;2.759876;5.389393;2.709537;1.812263;3.118627;3.372728;3.828878;4.580683;1.866350;5.113733;1.350071;2.702661;1.693706;2.579500;4.133793;4.802505;3.456796;4.095830;3.191704;4.741766;5.127162;3.798409;4.287383;3.250267;2.111692;4.548238;2.152314;1.529745;1.578122;5.044208;1.859384;2.441516;4.165631;4.824141;1.500331;4.123549;2.763554;1.686078;4.311645;4.770259;4.888414;3.162844;4.752849;1.465621;3.611711;3.960890;1.624152;5.548116;6.039157;4.184836;3.866329;3.372242;3.017843;2.155655;2.546192;4.020901;3.442145;4.756746;3.884524;4.189225;2.646994;3.412054;2.619456;5.472754;3.618527;4.960832;6.188163;6.080537;9.308161;5.597385;4.556921;9.110003;5.196764;4.725434;4.881912;7.450027;6.483543;7.236662;7.045159;8.923126;8.865173;7.044611;5.358379;5.088851;8.937662;5.298677;4.213148;8.194849;7.098366;6.068221;6.079525;6.542112;7.256172;9.008737;7.273593;7.081740;5.209767;7.936272;7.395132;8.733769;3.678293;4.279894;7.055992;8.440386;5.882989;6.793427;7.151664;8.839582;8.160096;9.382795;7.079180;3.267442;7.484460;4.555871;8.043365;3.800089;7.422844;8.686418;7.497534;5.077202;5.999802;5.943908;9.261589;8.588751;7.023699;3.654061
0.100000;-5.051972;2.877698;3.491141;3.524749;2.982959;3.352947;1.819478;3.145324;4.113383;1.570654;5.327256;1.703869;3.269349;2.328406;3.615177;4.051175;2.621968;1.871003;2.940318;3.787415;5.343310;2.802259;3.812406;4.122551;1.664936;3.864423;3.457052;2.675862;3.498157;2.961885;4.814400;2.989824;4.505394;4.890198;4.790919;1.904711;2.968209;1.333583;3.559221;5.664508;4.922673;1.507093;5.124876;1.914824;5.012047;3.264398;4.031405;4.401290;5.596271;3.654735;2.753659;5.380515;2.706222;1.808264;3.111054;3.365647;3.826619;4.578611;1.861376;5.106668;1.349301;2.693476;1.686245;2.579442;4.128698;4.795238;3.452337;4.086321;3.189089;4.741457;5.120764;3.798409;4.274738;3.240997;2.106621;4.537940;2.146030;1.529678;1.576151;5.035768;1.854358;2.441546;4.163998;4.819987;1.497998;4.114192;2.759094;1.686041;4.311247;4.756234;4.881314;3.154068;4.751086;1.466151;3.608770;3.956435;1.619667;5.534923;6.026713;4.183012;3.856586;3.371966;3.011796;2.149222;2.541745;4.015424;3.434873;4.753305;3.883184;4.180666;2.646994;3.406025;2.614079;5.466205;3.605757;4.961051;6.183807;6.079862;9.304428;5.596779;4.554457;9.102580;5.188404;4.723136;4.881920;7.450213;6.483448;7.220622;7.045199;8.912468;8.855316;7.041005;5.358372;5.078700;8.926144;5.298678;4.210155;8.194631;7.098594;6.064787;6.060390;6.532142;7.233648;9.004478;7.273585;7.080950;5.207600;7.925040;7.388077;8.733321;3.678325;4.270459;7.051424;8.434976;5.878490;6.769145;7.147983;8.836983;8.138457;9.375246;7.071188;3.267442;7.484249;4.537015;8.041278;3.794129;7.410147;8.672309;7.485612;5.074615;5.981675;5.934232;9.248241;8.575668;7.022644;3.654060
0.100000;-5.201887;2.874945;3.494587;3.527647;2.985652;3.358083;1.819357;3.155693;4.114955;1.573679;5.329358;1.706376;3.273764;2.328665;3.614572;4.057921;2.577863;1.875463;2.942343;3.793142;5.346632;2.806331;3.813513;4.125401;1.668872;3.864442;3.460644;2.684063;3.502443;2.964922;4.814399;2.996140;4.507465;4.891911;4.791914;1.902444;2.972188;1.335240;3.564812;5.673157;4.926189;1.508148;5.126402;1.916759;5.017760;3.265981;4.032209;4.403004;5.601232;3.656103;2.757035;5.385547;2.707932;1.810354;3.115258;3.369547;3.826144;4.577991;1.864021;5.110559;1.349310;2.698706;1.690379;2.579365;4.131413;4.799249;3.454685;4.091760;3.190422;4.741404;5.124247;3.798409;4.282310;3.246279;2.109321;4.543900;2.149446;1.530550;1.577143;5.040515;1.857033;2.441514;4.164815;4.822165;1.499181;4.119533;2.761445;1.686042;4.311687;4.764795;4.885226;3.159031;4.751970;1.465426;3.610278;3.958783;1.622033;5.542887;6.034142;4.183927;3.862175;3.371844;3.015072;2.152729;2.544087;4.018361;3.438893;4.755086;3.883851;4.185486;2.646994;3.409288;2.616957;5.469779;3.613419;4.960842;6.186099;6.079860;9.306369;5.597076;4.555709;9.106690;5.193102;4.724299;4.881890;7.450037;6.483452;7.230680;7.045135;8.918671;8.860985;7.042876;5.358475;5.084563;8.932926;5.298678;4.213140;8.194635;7.098440;6.066566;6.072874;6.537883;7.248942;9.006713;7.273593;7.081338;5.208696;7.931628;7.391960;8.733309;3.678382;4.275850;7.053833;8.437872;5.880859;6.785948;7.149895;8.838307;8.153001;9.379432;7.075648;3.267442;7.484408;4.549273;8.042331;3.797353;7.417755;8.680926;7.492682;5.075934;5.993357;5.939780;9.256314;8.583552;7.023167;3.654060
0.100000;-5.330180;2.876745;3.497009;3.529734;2.987608;3.361459;1.819316;3.161573;4.116167;1.575842;5.330932;1.708216;3.276743;2.328243;3.616495;4.062121;2.557043;1.878473;2.943864;3.796824;5.348979;2.809117;3.814386;4.127457;1.671584;3.864371;3.463149;2.688958;3.505347;2.967098;4.814400;3.000119;4.509019;4.893220;4.792705;1.902316;2.974920;1.336508;3.568425;5.678247;4.928652;1.508984;5.127581;1.918220;5.021434;3.267199;4.032856;4.404312;5.604517;3.657166;2.759413;5.388864;2.709240;1.811919;3.118114;3.372234;3.826096;4.578334;1.865949;5.113239;1.349311;2.702129;1.693202;2.579693;4.133384;4.801998;3.456422;4.095294;3.191461;4.741415;5.126692;3.798409;4.286905;3.249732;2.111284;4.547706;2.151846;1.529936;1.577932;5.043677;1.858979;2.441540;4.165472;4.823787;1.500110;4.123011;2.763180;1.686054;4.311069;4.769861;4.887920;3.162314;4.752677;1.468451;3.611442;3.960518;1.623779;5.547666;6.038674;4.184657;3.865795;3.371803;3.017389;2.155184;2.545821;4.020473;3.441645;4.756440;3.884391;4.188694;2.646994;3.411597;2.619029;5.472279;3.618062;4.965930;6.187799;6.079863;9.307836;5.597323;4.556689;9.109502;5.196241;4.725216;4.881922;7.450228;6.483521;7.236431;7.045404;8.922600;8.864639;7.044293;5.358375;5.088317;8.937147;5.298677;4.214983;8.194868;7.098740;6.067917;6.079698;6.541579;7.257025;9.008376;7.273582;7.081660;5.209562;7.935760;7.394637;8.733302;3.678410;4.279360;7.055612;8.439959;5.882613;6.794736;7.151341;8.839340;8.160748;9.382292;7.078662;3.267442;7.484196;4.556004;8.043166;3.799638;7.422372;8.686028;7.497041;5.076962;5.999833;5.943374;9.261153;8.588300;7.023592;3.654061
0.100000;-5.127516;2.875705;3.498593;3.531132;2.988931;3.363509;1.819287;3.164398;4.117029;1.577289;5.332024;1.709469;3.278611;2.328266;3.615002;4.064496;2.621968;1.880353;2.944927;3.799005;5.350520;2.810894;3.815021;4.128838;1.673314;3.864747;3.464780;2.691552;3.507183;2.968543;4.814400;3.002423;4.510101;4.894146;4.793282;1.903039;2.976669;1.337407;3.570577;5.680903;4.930257;1.509594;5.128420;1.919242;5.023612;3.268065;4.033333;4.405238;5.606527;3.657931;2.760974;5.390887;2.710166;1.813007;3.119922;3.373957;3.826233;4.581606;1.867254;5.114960;1.349412;2.704202;1.694991;2.579994;4.134717;4.803757;3.457617;4.097412;3.192209;4.741480;5.128288;3.798409;4.289413;3.251815;2.112611;4.549934;2.153420;1.530743;1.578509;5.045637;1.860297;2.441744;4.165956;4.824910;1.500785;4.125105;2.764373;1.686080;4.311211;4.772503;4.889647;3.164323;4.753198;1.466789;3.612274;3.961710;1.624977;5.550228;6.041162;4.185195;3.867944;3.371965;3.018917;2.156787;2.547011;4.021884;3.443405;4.757395;3.884793;4.190664;2.646994;3.413117;2.620422;5.473904;3.620584;4.960573;6.188968;6.079888;9.308862;5.597509;4.557399;9.111286;5.198185;4.725883;4.881997;7.450027;6.483692;7.239231;7.045318;8.924878;8.866812;7.045288;5.358400;5.090524;8.939530;5.298677;4.210673;8.195529;7.098538;6.068872;6.082670;6.543762;7.260117;9.009524;7.273585;7.081900;5.210192;7.938107;7.396355;8.733664;3.678299;4.281470;7.056830;8.441363;5.883818;6.797895;7.152355;8.840085;8.163813;9.384098;7.080546;3.267442;7.484749;4.558960;8.043773;3.801150;7.424888;8.688668;7.499469;5.077703;6.002750;5.945517;9.263733;8.590855;7.023911;3.654061
0.100000;-5.108551;2.876029;3.496919;3.529665;2.987546;3.361278;1.819275;3.160826;4.116138;1.575770;5.330887;1.708159;3.276611;2.328242;3.614804;4.061822;2.592652;1.878335;2.943824;3.796608;5.348892;2.808998;3.814367;4.127390;1.671471;3.864387;3.463054;2.688512;3.505221;2.967022;4.814399;2.999862;4.508977;4.893187;4.792687;1.902344;2.974808;1.336477;3.568218;5.677756;4.928559;1.508966;5.127552;1.918180;5.021222;3.267170;4.032843;4.404278;5.604349;3.657141;2.759325;5.388691;2.709207;1.811876;3.117990;3.372123;3.826099;4.580510;1.865888;5.113129;1.349322;2.701949;1.693079;2.579437;4.133321;4.801885;3.456372;4.095099;3.191437;4.741684;5.126599;3.769690;4.286533;3.249546;2.111222;4.547471;2.151758;1.529831;1.577916;5.043529;1.858917;2.441674;4.165458;4.823741;1.500089;4.122823;2.763127;1.686424;4.311125;4.769372;4.887810;3.162147;4.752662;1.471745;3.611416;3.960467;1.623727;5.547250;6.038313;4.184643;3.865586;3.372926;3.017307;2.155092;2.545770;4.020401;3.441529;4.756405;3.884381;4.188535;2.646994;3.411515;2.618962;5.472183;3.617674;4.966491;6.187747;6.079875;9.307795;5.597317;4.556666;9.109381;5.196087;4.725197;4.881899;7.450058;6.483441;7.235733;7.045118;8.922339;8.864425;7.044255;5.358419;5.088090;8.936843;5.298676;4.210181;8.194762;7.098351;6.067883;6.078542;6.541359;7.255118;9.008327;7.273585;7.081652;5.209542;7.935471;7.394528;8.733515;3.678742;4.279167;7.055560;8.439887;5.882564;6.792312;7.151301;8.839316;8.159063;9.382161;7.078522;3.267442;7.484545;4.554893;8.043148;3.799559;7.421988;8.685525;7.496708;5.076939;5.998841;5.943170;9.260720;8.587889;7.023584;3.654061
0.100000;-5.179818;2.875021;3.495786;3.528745;2.986703;3.359436;1.819303;3.156523;4.115688;1.574798;5.330259;1.707386;3.275076;2.328299;3.614648;4.059255;2.621968;1.876781;2.943221;3.794506;5.347807;2.807614;3.814066;4.126488;1.670137;3.865873;3.461864;2.685258;3.503745;2.966049;4.814399;2.997490;4.508361;4.892692;4.792421;1.903051;2.973459;1.336000;3.566176;5.674294;4.927398;1.508681;5.127118;1.917609;5.019124;3.266717;4.032631;4.403782;5.602586;3.656759;2.758220;5.386897;2.708712;1.811252;3.116550;3.370808;3.826581;4.578809;1.865062;5.111818;1.349946;2.700064;1.691667;2.579446;4.132470;4.800525;3.455655;4.093126;3.191065;4.741401;5.125451;3.798409;4.283576;3.247641;2.110376;4.545264;2.150639;1.535935;1.577649;5.041852;1.858083;2.441982;4.165243;4.823083;1.499766;4.120892;2.762412;1.686032;4.311065;4.765946;4.886488;3.160382;4.752429;1.470002;3.610988;3.959751;1.623005;5.544109;6.035425;4.184399;3.863543;3.372272;3.016239;2.153933;2.545054;4.019466;3.440165;4.755886;3.884208;4.186832;2.646994;3.410456;2.618050;5.470997;3.614676;4.960875;6.187051;6.079881;9.307222;5.597244;4.556322;9.107979;5.194437;4.724877;4.882123;7.450086;6.483516;7.231583;7.046254;8.920037;8.862354;7.043708;5.358371;5.085928;8.934265;5.298677;4.210088;8.194700;7.098422;6.067366;6.073218;6.539250;7.248491;9.007653;7.273585;7.081557;5.209244;7.932976;7.393221;8.733311;3.678291;4.277215;7.054819;8.438972;5.881837;6.785045;7.150739;8.838947;8.152774;9.380733;7.076972;3.267441;7.484191;4.549678;8.042863;3.798514;7.419020;8.682078;7.493991;5.076572;5.993900;5.941146;9.257528;8.584787;7.023452;3.654062
0.100000;-4.919254;2.884435;3.495061;3.528102;2.986095;3.358513;1.819224;3.155279;4.115287;1.574140;5.329754;1.706807;3.274231;2.328262;3.614623;4.058194;2.580986;1.875930;2.942730;3.793525;5.347103;2.806804;3.813769;4.125853;1.669348;3.865954;3.461118;2.684106;3.502912;2.965384;4.814400;2.996462;4.507858;4.892262;4.792150;1.902310;2.972663;1.335582;3.565208;5.673114;4.926663;1.508395;5.126727;1.917137;5.018145;3.266315;4.032408;4.403354;5.601676;3.656403;2.757505;5.385984;2.708282;1.810749;3.115727;3.370023;3.826142;4.579033;1.864461;5.111033;1.349430;2.699131;1.690852;2.579357;4.131858;4.799724;3.455104;4.092167;3.190718;4.741774;5.124720;3.798409;4.282462;3.246701;2.109765;4.544264;2.149916;1.530077;1.577379;5.040971;1.857477;2.441940;4.165017;4.822565;1.499450;4.119946;2.761862;1.686557;4.312583;4.764775;4.885702;3.159473;4.752184;1.468369;3.610600;3.959201;1.622451;5.542974;6.034319;4.184149;3.862574;3.371907;3.015540;2.153201;2.544505;4.018816;3.439362;4.755444;3.884019;4.185933;2.646994;3.409755;2.617413;5.470256;3.613555;4.960634;6.186513;6.079871;9.306748;5.597157;4.555992;9.107165;5.193557;4.724568;4.881935;7.450073;6.484488;7.230341;7.045102;8.919013;8.861380;7.043246;5.358483;5.084937;8.933194;5.298678;4.210969;8.194745;7.098821;6.066923;6.071899;6.538268;7.247070;9.007120;7.273589;7.081444;5.208951;7.931924;7.392435;8.733313;3.678328;4.276263;7.054257;8.438325;5.881285;6.783558;7.150268;8.838601;8.151384;9.379910;7.076117;3.267441;7.484390;4.548366;8.042580;3.797821;7.417903;8.680902;7.492911;5.076228;5.992608;5.940181;9.256388;8.583655;7.023302;3.654062
0.100000;-5.183145;2.874986;3.494978;3.528039;2.986038;3.358342;1.819781;3.154444;4.115259;1.574074;5.329713;1.706755;3.274103;2.328474;3.614580;4.057891;2.346393;1.875796;2.942692;3.793312;5.347023;2.806693;3.813750;4.125792;1.669245;3.864358;3.461029;2.683637;3.502789;2.965316;4.814400;2.996202;4.507819;4.892231;4.792134;1.902306;2.972557;1.335551;3.565006;5.672585;4.926577;1.508377;5.126700;1.917099;5.017933;3.266286;4.032394;4.403322;5.601516;3.656379;2.757426;5.385820;2.708251;1.810708;3.115608;3.369920;3.827045;4.578265;1.864405;5.110931;1.349380;2.698956;1.690738;2.579357;4.131799;4.799619;3.455058;4.091976;3.190692;4.741426;5.124636;3.698514;4.282071;3.246520;2.109707;4.544033;2.149837;1.529805;1.577363;5.040823;1.857418;2.441672;4.165002;4.822525;1.499430;4.119763;2.761819;1.686079;4.311054;4.764254;4.885598;3.159313;4.752170;1.465508;3.610574;3.959154;1.622404;5.542535;6.033944;4.184133;3.862376;3.371805;3.015465;2.153117;2.544458;4.018751;3.439258;4.755411;3.884009;4.185789;2.646994;3.409681;2.617347;5.470166;3.613152;4.965105;6.186466;6.079912;9.306710;5.597153;4.555968;9.107048;5.193415;4.724546;4.881887;7.450057;6.483461;7.229563;7.045105;8.918756;8.861168;7.043211;5.358370;5.084711;8.932883;5.298676;4.209963;8.194745;7.098826;6.066890;6.070541;6.538054;7.244701;9.007079;7.273582;7.081436;5.208930;7.931638;7.392334;8.733715;3.678910;4.276075;7.054209;8.438263;5.881232;6.780461;7.150233;8.838577;8.149323;9.379790;7.075984;3.267442;7.484237;4.547071;8.042561;3.797745;7.417504;8.680369;7.492573;5.076203;5.991468;5.939984;9.255931;8.583224;7.023294;3.654061
0.100000;-5.052541;2.877705;3.496980;3.529740;2.987622;3.361263;1.819423;3.160314;4.116211;1.575844;5.330967;1.708239;3.276630;2.328427;3.614702;4.061690;2.621968;1.878356;2.943903;3.796553;5.348956;2.809039;3.814429;4.127464;1.671518;3.866486;3.463108;2.688244;3.505250;2.967095;4.814399;2.999763;4.509056;4.893263;4.792746;1.902559;2.974850;1.336551;3.568173;5.677444;4.928617;1.509027;5.127625;1.918260;5.021167;3.267244;4.032892;4.404355;5.604345;3.657210;2.759389;5.388684;2.709283;1.811957;3.118023;3.372170;3.826599;4.577977;1.865966;5.113177;1.349314;2.701926;1.693116;2.579389;4.133398;4.801932;3.456455;4.095064;3.191506;4.741409;5.126660;3.798409;4.286325;3.249521;2.111300;4.547400;2.151821;1.529743;1.577973;5.043533;1.858995;2.443333;4.165509;4.823819;1.500154;4.122796;2.763211;1.687650;4.311194;4.769068;4.887856;3.162142;4.752716;1.466058;3.611487;3.960548;1.623807;5.547009;6.038121;4.184698;3.865540;3.371925;3.017373;2.155152;2.545850;4.020475;3.441571;4.756483;3.884423;4.188539;2.646994;3.411582;2.619037;5.472241;3.617460;4.960721;6.187826;6.079872;9.307876;5.597340;4.556733;9.109418;5.196097;4.725261;4.881888;7.450401;6.484191;7.235255;7.045134;8.922254;8.864376;7.044334;5.358391;5.088027;8.936710;5.298677;4.209576;8.195081;7.098795;6.067958;6.077745;6.541304;7.253874;9.008409;7.273585;7.081680;5.209605;7.935352;7.394577;8.733356;3.678793;4.279136;7.055639;8.439964;5.882644;6.790808;7.151382;8.839386;8.157951;9.382198;7.078545;3.267442;7.484393;4.554121;8.043208;3.799624;7.421783;8.685209;7.496550;5.077008;5.998157;5.943129;9.260467;8.587655;7.023620;3.654061
0.100000;-5.235689;2.875066;3.496562;3.529377;2.987284;3.360664;1.820044;3.158882;4.115997;1.575470;5.330693;1.707919;3.276112;2.328682;3.614572;4.060890;2.547260;1.877830;2.943637;3.795885;5.348553;2.808554;3.814271;4.127110;1.671046;3.865839;3.462684;2.687227;3.504745;2.966718;4.814400;2.999020;4.508787;4.893032;4.792602;1.902816;2.974376;1.336325;3.567518;5.676342;4.928192;1.508875;5.127416;1.918003;5.020499;3.267029;4.032775;4.404124;5.603765;3.657021;2.758977;5.388095;2.709053;1.811682;3.117526;3.371705;3.826975;4.582903;1.865633;5.112711;1.349504;2.701313;1.692625;2.579513;4.133058;4.801452;3.456150;4.094429;3.191319;4.741399;5.126236;3.798409;4.285407;3.248904;2.110960;4.546701;2.151408;1.530390;1.577829;5.042978;1.858658;2.441693;4.165389;4.823537;1.499985;4.122169;2.762907;1.686102;4.311552;4.767989;4.887387;3.161560;4.752587;1.465767;3.611280;3.960245;1.623502;5.546031;6.037224;4.184563;3.864887;3.371828;3.016973;2.154726;2.545548;4.020109;3.441096;4.756243;3.884325;4.187973;2.646994;3.411182;2.618680;5.471809;3.616524;4.960567;6.187532;6.079878;9.307616;5.597293;4.556557;9.108927;5.195546;4.725096;4.882236;7.450274;6.483487;7.233884;7.045311;8.921533;8.863711;7.044084;5.358378;5.087338;8.935892;5.298679;4.210039;8.194751;7.098516;6.067722;6.075776;6.540630;7.250966;9.008117;7.273582;7.081620;5.209449;7.934567;7.394109;8.733305;3.678467;4.278504;7.055330;8.439604;5.882338;6.787256;7.151127;8.839199;8.155316;9.381701;7.078019;3.267442;7.484190;4.552220;8.043056;3.799229;7.420854;8.684118;7.495701;5.076822;5.996406;5.942476;9.259467;8.586687;7.023540;3.654062
0.100000;-5.226820;2.875014;3.494100;3.527292;2.985342;3.357072;1.819251;3.152076;4.114842;1.573300;5.329164;1.706106;3.272998;2.328239;3.615073;4.056263;2.621968;1.874686;2.942162;3.791909;5.346173;2.805668;3.813453;4.125057;1.668252;3.864711;3.460121;2.681700;3.501718;2.964535;4.814400;2.994669;4.507276;4.891779;4.791865;1.902303;2.971554;1.335114;3.563632;5.670559;4.925683;1.508094;5.126294;1.916591;5.016535;3.265866;4.032176;4.402870;5.600285;3.656014;2.756565;5.384573;2.707800;1.810161;3.114557;3.368937;3.827072;4.578037;1.863723;5.109949;1.349695;2.697662;1.689699;2.579633;4.131098;4.798604;3.454447;4.090638;3.190339;4.741673;5.123750;3.749869;4.280266;3.245216;2.109011;4.542576;2.148969;1.529908;1.577096;5.039642;1.856728;2.441578;4.164782;4.821955;1.499113;4.118448;2.761200;1.686048;4.311104;4.762242;4.884612;3.158082;4.751931;1.472420;3.610174;3.958544;1.621789;5.540648;6.032168;4.183887;3.860999;3.372271;3.014628;2.152225;2.543849;4.017998;3.438246;4.754942;3.883828;4.184584;2.646994;3.408847;2.616607;5.469260;3.611327;4.961019;6.185867;6.080026;9.306201;5.597070;4.555635;9.106016;5.192242;4.724236;4.882409;7.450024;6.483450;7.227259;7.045342;8.917248;8.859777;7.042718;5.358372;5.083278;8.931250;5.298678;4.209530;8.194574;7.099491;6.066421;6.067819;6.536644;7.241630;9.006495;7.273585;7.081330;5.208637;7.930041;7.391354;8.733641;3.678352;4.274747;7.053583;8.437516;5.880618;6.777284;7.149731;8.838223;8.146320;9.378740;7.074869;3.267441;7.484527;4.544376;8.042278;3.796922;7.415692;8.678344;7.490875;5.075853;5.988870;5.938615;9.254020;8.581353;7.023151;3.654061
0.100000;-5.251425;2.875210;3.496359;3.529149;2.987050;3.360674;1.819225;3.160898;4.115793;1.575244;5.330465;1.707683;3.276011;2.328634;3.614700;4.061295;2.615572;1.877729;2.943410;3.796017;5.348341;2.808408;3.814107;4.126878;1.670884;3.864375;3.462487;2.688153;3.504623;2.966494;4.814399;2.999301;4.508559;4.892820;4.792451;1.902329;2.974220;1.336118;3.567623;5.677468;4.927993;1.508717;5.127216;1.917779;5.020629;3.266824;4.032646;4.403911;5.603745;3.656834;2.758770;5.388085;2.708842;1.811453;3.117395;3.371538;3.826105;4.578494;1.865397;5.112545;1.349482;2.701344;1.692484;2.579875;4.132825;4.801301;3.455917;4.094501;3.191136;4.741398;5.126037;3.798409;4.286093;3.248942;2.110726;4.546890;2.151203;1.531425;1.577680;5.042927;1.858428;2.441855;4.165259;4.823307;1.499815;4.122223;2.762677;1.686577;4.311934;4.769071;4.887224;3.161540;4.752449;1.471476;3.611082;3.960011;1.623268;5.546861;6.037853;4.184422;3.864992;3.371889;3.016759;2.154531;2.545314;4.019882;3.440941;4.756028;3.884214;4.187931;2.646994;3.410970;2.618453;5.471614;3.617239;4.960500;6.187300;6.079964;9.307396;5.597239;4.556380;9.108785;5.195481;4.724926;4.882240;7.450257;6.483440;7.235723;7.045128;8.921774;8.863829;7.043865;5.358483;5.087503;8.936314;5.298677;4.209738;8.194783;7.098669;6.067506;6.079244;6.540769;7.256994;9.007889;7.273585;7.081552;5.209286;7.934924;7.393943;8.733348;3.678387;4.278565;7.055096;8.439374;5.882102;6.794974;7.150903;8.839016;8.160590;9.381565;7.077918;3.267442;7.484192;4.555513;8.042899;3.799013;7.421550;8.685229;7.496209;5.076640;5.999271;5.942571;9.260343;8.587485;7.023451;3.654063
0.100000;-5.068611;2.877127;3.491523;3.525114;2.983314;3.353300;1.819232;3.144907;4.113643;1.571023;5.327569;1.704214;3.269729;2.328662;3.614918;4.051396;2.349391;1.871381;2.940624;3.787734;5.343690;2.802643;3.812606;4.122913;1.665324;3.864418;3.457438;2.675881;3.498545;2.962254;4.814399;2.990093;4.505705;4.890475;4.791101;1.902525;2.968597;1.333851;3.559551;5.664454;4.923059;1.507285;5.125131;1.915122;5.012369;3.264660;4.031559;4.401566;5.596635;3.654971;2.754040;5.380876;2.706496;1.808577;3.111440;3.366036;3.826700;4.579217;1.861727;5.107056;1.349631;2.693828;1.686632;2.579814;4.129054;4.795621;3.452668;4.086658;3.189320;4.741670;5.121147;3.765141;4.274849;3.241345;2.106976;4.538241;2.146410;1.530010;1.576335;5.036138;1.854712;2.441759;4.164154;4.820306;1.498207;4.114534;2.759424;1.686032;4.311051;4.756192;4.881703;3.154432;4.751253;1.465547;3.609024;3.956769;1.620003;5.534983;6.026851;4.183185;3.856914;3.371950;3.012175;2.149608;2.542076;4.015790;3.435259;4.753588;3.883315;4.181031;2.646994;3.406401;2.614444;5.466591;3.605863;4.960544;6.184137;6.079870;9.304730;5.596841;4.554678;9.102965;5.188777;4.723345;4.881889;7.450117;6.483527;7.220274;7.045123;8.912755;8.855642;7.041297;5.358388;5.079011;8.926361;5.298678;4.209563;8.194669;7.098441;6.065070;6.059411;6.532459;7.231741;9.004805;7.273585;7.081028;5.207798;7.925284;7.388464;8.733326;3.678315;4.270799;7.051761;8.435342;5.878824;6.766691;7.148280;8.837212;8.136814;9.375631;7.071568;3.267442;7.484544;4.536100;8.041471;3.794508;7.410262;8.672258;7.485800;5.074845;5.980927;5.934559;9.248283;8.575741;7.022749;3.654061
0.100000;-5.320360;2.876490;3.498262;3.530834;2.988645;3.363107;1.819313;3.163917;4.116834;1.576981;5.331782;1.709197;3.278237;2.328313;3.614627;4.064068;2.344843;1.879977;2.944690;3.798594;5.350196;2.810531;3.814875;4.128542;1.672963;3.865752;3.464442;2.691106;3.506814;2.968237;4.814400;3.001999;4.509860;4.893938;4.793151;1.902424;2.976314;1.337204;3.570171;5.680447;4.929923;1.509452;5.128230;1.919014;5.023203;3.267869;4.033221;4.405028;5.606133;3.657756;2.760647;5.390495;2.709956;1.812765;3.119561;3.373607;3.826523;4.578974;1.866973;5.114608;1.349327;2.703801;1.694629;2.579468;4.134429;4.803410;3.457354;4.097012;3.192038;4.741568;5.127955;3.798409;4.288980;3.251415;2.112326;4.549519;2.153092;1.529868;1.578375;5.045249;1.860013;2.442005;4.165843;4.824660;1.500630;4.124707;2.764112;1.686054;4.311118;4.772050;4.889295;3.163932;4.753076;1.467066;3.612086;3.961449;1.624717;5.549789;6.040725;4.185068;3.867538;3.371810;3.018595;2.156455;2.546750;4.021583;3.443046;4.757181;3.884699;4.190282;2.646994;3.412802;2.620126;5.473567;3.620139;4.961058;6.188710;6.079919;9.308632;5.597464;4.557234;9.110923;5.197800;4.725728;4.882047;7.450052;6.484251;7.238750;7.045108;8.924457;8.866404;7.045065;5.358577;5.090114;8.939105;5.298676;4.210870;8.194567;7.098540;6.068658;6.082120;6.543351;7.259358;9.009271;7.273578;7.081842;5.210045;7.937680;7.396010;8.733433;3.678309;4.281067;7.056564;8.441063;5.883553;6.796944;7.152125;8.839915;8.163128;9.383731;7.080171;3.267441;7.484203;4.558422;8.043633;3.800833;7.424445;8.688219;7.499036;5.077533;6.002239;5.945111;9.263286;8.590410;7.023836;3.654061
0.100000;-5.139316;2.875478;3.496238;3.529090;2.987012;3.360289;1.819448;3.159052;4.115824;1.575172;5.330471;1.707660;3.275742;2.328267;3.614734;4.060555;2.621968;1.877460;2.943420;3.795513;5.348235;2.808202;3.814147;4.126826;1.670697;3.865351;3.462349;2.687020;3.504383;2.966421;4.814399;2.998664;4.508565;4.892845;4.792491;1.902371;2.974027;1.336147;3.567145;5.676198;4.927865;1.508757;5.127249;1.917796;5.020125;3.266854;4.032684;4.403937;5.603391;3.656870;2.758657;5.387718;2.708866;1.811461;3.117168;3.371359;3.826235;4.578113;1.865363;5.112366;1.349375;2.700937;1.692270;2.579350;4.132782;4.801098;3.455906;4.094051;3.191172;4.742117;5.125912;3.798409;4.285136;3.248527;2.110686;4.546335;2.151084;1.531813;1.577718;5.042600;1.858388;2.441687;4.165297;4.823310;1.499855;4.121791;2.762661;1.686265;4.312384;4.767830;4.887041;3.161186;4.752487;1.465553;3.611114;3.960000;1.623258;5.545793;6.036939;4.184460;3.864511;3.372361;3.016661;2.154400;2.545304;4.019819;3.440744;4.756052;3.884249;4.187595;2.646994;3.410871;2.618393;5.471478;3.616266;4.964095;6.187295;6.079860;9.307409;5.597259;4.556419;9.108575;5.195175;4.724965;4.881894;7.450296;6.483469;7.233991;7.045103;8.921170;8.863341;7.043884;5.358390;5.086971;8.935573;5.298677;4.210789;8.194576;7.099259;6.067529;6.076565;6.540261;7.252969;9.007885;7.273585;7.081576;5.209325;7.934230;7.393768;8.733317;3.678290;4.278129;7.055082;8.439314;5.882092;6.790142;7.150920;8.839054;8.156952;9.381345;7.077653;3.267442;7.484216;4.552937;8.042940;3.798923;7.420591;8.683974;7.495393;5.076678;5.996932;5.942104;9.259252;8.586449;7.023481;3.654060
0.100000;-5.288496;2.875742;3.495316;3.528280;2.986246;3.359085;1.819204;3.157521;4.115331;1.574339;5.329841;1.706937;3.274655;2.328362;3.614594;4.059166;2.576004;1.876362;2.942808;3.794233;5.347336;2.807164;3.813785;4.126023;1.669685;3.864614;3.461395;2.685531;3.503312;2.965580;4.814400;2.997319;4.507944;4.892316;4.792161;1.903067;2.973007;1.335632;3.565884;5.674683;4.926928;1.508409;5.126768;1.917208;5.018848;3.266359;4.032413;4.403408;5.602211;3.656433;2.757751;5.386532;2.708335;1.810834;3.116107;3.370351;3.826388;4.578183;1.864607;5.111361;1.349303;2.699722;1.691223;2.579567;4.132010;4.800074;3.455217;4.092809;3.190744;4.741641;5.124984;3.798409;4.283680;3.247304;2.109916;4.545028;2.150167;1.529794;1.577390;5.041457;1.857625;2.441514;4.165022;4.822661;1.499470;4.120561;2.761972;1.686065;4.311077;4.766320;4.886034;3.160007;4.752192;1.466686;3.610639;3.959313;1.622566;5.544313;6.035494;4.184156;3.863249;3.372101;3.015771;2.153468;2.544617;4.018998;3.439714;4.755503;3.884021;4.186443;2.646994;3.409985;2.617586;5.470531;3.614805;4.960645;6.186619;6.080026;9.306820;5.597154;4.556015;9.107533;5.194037;4.724587;4.881891;7.450230;6.483440;7.232457;7.045199;8.919835;8.862070;7.043312;5.358386;5.085674;8.934183;5.298676;4.209842;8.194599;7.099535;6.066980;6.075138;6.538981;7.251943;9.007225;7.273582;7.081440;5.208967;7.932852;7.392764;8.733698;3.678370;4.276892;7.054377;8.438504;5.881396;6.789476;7.150341;8.838628;8.155789;9.380286;7.076549;3.267441;7.484324;4.551484;8.042591;3.798044;7.419131;8.682467;7.493974;5.076254;5.995444;5.940848;9.257764;8.584970;7.023300;3.654061
0.100000;-5.055314;2.877662;3.495690;3.528584;2.986526;3.359697;1.819662;3.159116;4.115484;1.574658;5.330052;1.707195;3.275157;2.328257;3.614597;4.060032;2.440654;1.876872;2.943015;3.794931;5.347696;2.807619;3.813891;4.126325;1.670123;3.865386;3.461790;2.686659;3.503797;2.965903;4.814399;2.998113;4.508152;4.892484;4.792255;1.902303;2.973449;1.335794;3.566561;5.675910;4.927313;1.508510;5.126916;1.917401;5.019545;3.266514;4.032487;4.403577;5.602793;3.656565;2.758116;5.387124;2.708505;1.811044;3.116581;3.370785;3.828314;4.578208;1.864881;5.111793;1.349312;2.700345;1.691687;2.580036;4.132294;4.800525;3.455458;4.093463;3.190874;4.741960;5.125362;3.750885;4.284696;3.247935;2.110200;4.545763;2.150539;1.530937;1.577484;5.042008;1.857904;2.443470;4.165099;4.822882;1.499584;4.121203;2.762216;1.686060;4.311115;4.767525;4.886467;3.160589;4.752275;1.465387;3.610787;3.959553;1.622807;5.545400;6.036480;4.184242;3.863927;3.372298;3.016122;2.153849;2.544857;4.019309;3.440164;4.755680;3.884083;4.187007;2.646994;3.410335;2.617891;5.470922;3.615832;4.961750;6.186850;6.079873;9.307013;5.597180;4.556134;9.107990;5.194579;4.724697;4.881901;7.450116;6.483723;7.233981;7.045124;8.920609;8.862760;7.043498;5.358392;5.086391;8.935051;5.298677;4.209972;8.195202;7.098384;6.067158;6.077274;6.539680;7.254963;9.007451;7.273593;7.081475;5.209070;7.933699;7.393192;8.733361;3.678697;4.277538;7.054624;8.438816;5.881641;6.793053;7.150530;8.838755;8.158553;9.380759;7.077061;3.267442;7.485102;4.553564;8.042692;3.798388;7.420153;8.683679;7.494895;5.076380;5.997372;5.941518;9.258871;8.586042;7.023349;3.654061
0.100000;-5.452384;2.882159;3.494794;3.527914;2.985933;3.357938;1.819266;3.153262;4.115238;1.573936;5.329659;1.706668;3.273799;2.328262;3.614589;4.057242;2.621968;1.875487;2.942641;3.792820;5.346856;2.806434;3.813749;4.125671;1.669002;3.865483;3.460829;2.682764;3.502505;2.965177;4.814400;2.995622;4.507767;4.892201;4.792136;1.902307;2.972310;1.335526;3.564535;5.671644;4.926386;1.508377;5.126681;1.917056;5.017447;3.266264;4.032401;4.403293;5.601139;3.656369;2.757251;5.385430;2.708223;1.810655;3.115340;3.369683;3.826110;4.579371;1.864305;5.110696;1.349350;2.698536;1.690472;2.579713;4.131692;4.799369;3.454983;4.091531;3.190684;4.741587;5.124450;3.762467;4.281291;3.246093;2.109602;4.543507;2.149658;1.529702;1.577364;5.040471;1.857315;2.442740;4.165008;4.822463;1.499426;4.119327;2.761741;1.686037;4.311765;4.763325;4.885359;3.158935;4.752174;1.465466;3.610557;3.959080;1.622327;5.541698;6.033190;4.184136;3.861903;3.371837;3.015300;2.152927;2.544385;4.018624;3.439007;4.755378;3.884017;4.185420;2.646994;3.409516;2.617226;5.469969;3.612365;4.960565;6.186398;6.079869;9.306668;5.597160;4.555962;9.106790;5.193073;4.724543;4.881987;7.450221;6.483698;7.228429;7.045124;8.918200;8.860685;7.043172;5.358378;5.084200;8.932238;5.298678;4.210352;8.194572;7.098459;6.066857;6.069166;6.537563;7.243335;9.007015;7.273582;7.081445;5.208930;7.931017;7.392100;8.733335;3.678352;4.275634;7.054130;8.438138;5.881158;6.779302;7.150192;8.838568;8.147918;9.379516;7.075677;3.267442;7.484718;4.545705;8.042562;3.797589;7.416726;8.679437;7.491882;5.076194;5.990155;5.939517;9.255079;8.582400;7.023302;3.654060
0.260000;-5.046563;2.877724;3.493014;3.526382;2.984498;3.355431;1.819716;3.148633;4.114352;1.572342;5.328505;1.705321;3.271595;2.328349;3.617314;4.054083;2.621968;1.873267;2.941526;3.790072;5.345128;2.804380;3.813108;4.124162;1.667004;3.864435;3.458984;2.679019;3.500360;2.963580;4.814400;2.992633;4.506627;4.891243;4.791555;1.903103;2.970293;1.334598;3.561840;5.667722;4.924574;1.507766;5.125819;1.915987;5.014703;3.265373;4.031927;4.402337;5.598704;3.655590;2.755502;5.382967;2.707264;1.809508;3.113226;3.367702;3.829755;4.578902;1.862892;5.108718;1.350377;2.695991;1.688388;2.579838;4.130247;4.797333;3.453710;4.088898;3.189924;4.742654;5.122650;3.742153;4.277802;3.243527;2.108163;4.540661;2.147887;1.531670;1.576787;5.038131;1.855888;2.441516;4.164527;4.821274;1.498745;4.116742;2.760468;1.687388;4.311058;4.759436;4.883373;3.156499;4.751657;1.467249;3.609703;3.957808;1.621051;5.538053;6.029754;4.183602;3.859208;3.373868;3.013599;2.151119;2.543115;4.017075;3.436973;4.754386;3.883620;4.183049;2.646994;3.407817;2.615704;5.468130;3.608835;4.966435;6.185151;6.079860;9.305592;5.596980;4.555243;9.104712;5.190746;4.723874;4.881890;7.451557;6.485781;7.223917;7.045308;8.915251;8.857957;7.042134;5.358487;5.081396;8.929047;5.298678;4.209535;8.195244;7.098383;6.065868;6.063585;6.534804;7.236305;9.005796;7.273589;7.081210;5.208296;7.927914;7.390124;8.733714;3.678299;4.273020;7.052827;8.436607;5.879878;6.771311;7.149131;8.837811;8.141299;9.377409;7.073446;3.267442;7.488165;4.540234;8.041949;3.795905;7.413213;8.675508;7.488579;5.075441;5.984944;5.936836;9.251381;8.578780;7.022989;3.654061
0.260000;-5.292387;2.875770;3.499168;3.531554;2.989301;3.364669;1.819371;3.168343;4.117170;1.577742;5.332262;1.709795;3.279502;2.328719;3.618937;4.066369;2.621968;1.881259;2.945148;3.800413;5.351057;2.811665;3.815096;4.129248;1.674044;3.865052;3.465397;2.694182;3.508026;2.969003;4.814399;3.004090;4.510332;4.894308;4.793345;1.907078;2.977410;1.337561;3.571927;5.683776;4.930853;1.509662;5.128554;1.919447;5.025012;3.268208;4.033376;4.405400;5.607621;3.658039;2.761528;5.392009;2.710327;1.813242;3.120740;3.374672;3.831601;4.578802;1.867613;5.115673;1.349711;2.705402;1.695785;2.582503;4.135091;4.804514;3.457907;4.098699;3.192313;4.741398;5.128873;3.681305;4.291707;3.253038;2.112983;4.551444;2.153986;1.543323;1.578570;5.046649;1.860662;2.444597;4.165999;4.825162;1.500869;4.126354;2.764660;1.689114;4.327070;4.775338;4.890367;3.165417;4.753248;1.465666;3.612404;3.962000;1.625270;5.552726;6.043379;4.185246;3.869297;3.372789;3.019443;2.157380;2.547299;4.022316;3.444158;4.757571;3.884824;4.191710;2.646994;3.413640;2.620838;5.474517;3.622921;4.969863;6.189245;6.080307;9.309067;5.597517;4.557490;9.112071;5.199178;4.725963;4.883102;7.450417;6.484510;7.242980;7.049479;8.926490;8.868192;7.045480;5.358635;5.091990;8.941431;5.298676;4.217894;8.194677;7.101803;6.069047;6.088119;6.545177;7.267871;9.009789;7.273589;7.081911;5.210264;7.939901;7.397069;8.734573;3.678511;4.282736;7.057134;8.441783;5.884113;6.807018;7.152553;8.840189;8.170918;9.384910;7.081453;3.267442;7.492502;4.564245;8.043842;3.801658;7.427198;8.691549;7.501501;5.077805;6.007608;5.946850;9.266294;8.593311;7.023931;3.654061
0.260000;-5.201443;2.874946;3.500119;3.532388;2.990087;3.365892;1.821080;3.169238;4.117663;1.578606;5.332901;1.710537;3.280627;2.328485;3.614582;4.067693;2.450431;1.882392;2.945765;3.801688;5.351983;2.812734;3.815452;4.130071;1.675095;3.865803;3.466373;2.695451;3.509132;2.969870;4.814400;3.005400;4.510962;4.894842;4.793667;1.907716;2.978462;1.338078;3.573192;5.685011;4.931818;1.510003;5.129033;1.920040;5.026288;3.268706;4.033639;4.405933;5.608818;3.658473;2.762464;5.393216;2.710861;1.813876;3.121829;3.375711;3.833975;4.578559;1.868388;5.116709;1.349911;2.706631;1.696864;2.579349;4.135883;4.805577;3.458609;4.099953;3.192737;4.741471;5.129833;3.798409;4.293017;3.254274;2.113771;4.552734;2.154930;1.535531;1.578891;5.047821;1.861445;2.454775;4.166266;4.825820;1.501247;4.127597;2.765366;1.687977;4.311127;4.776568;4.891406;3.166615;4.753536;1.471952;3.612879;3.962701;1.625973;5.554019;6.044693;4.185544;3.870559;3.371850;3.020358;2.158345;2.547999;4.023159;3.445215;4.758122;3.885042;4.192891;2.646994;3.414558;2.621669;5.475495;3.624226;4.960613;6.189931;6.079915;9.309659;5.597617;4.557890;9.113146;5.200343;4.726337;4.883710;7.450373;6.483554;7.243941;7.045712;8.927795;8.869459;7.046055;5.358436;5.093275;8.942748;5.298677;4.212964;8.196670;7.105187;6.069597;6.088226;6.546452;7.266215;9.010460;7.273589;7.082042;5.210618;7.941220;7.398105;8.733628;3.678698;4.283982;7.057847;8.442615;5.884820;6.804022;7.153140;8.840609;8.169820;9.385996;7.082584;3.267442;7.484177;4.564445;8.044183;3.802563;7.428505;8.692768;7.502820;5.078224;6.008063;5.948111;9.267569;8.594604;7.024105;3.654060
0.260000;-4.988025;2.880706;3.499746;3.532063;2.989780;3.365415;1.819322;3.169116;4.117475;1.578269;5.332654;1.710250;3.280185;2.328393;3.614585;4.067206;2.604281;1.881949;2.945529;3.801199;5.351620;2.812314;3.815320;4.129749;1.674681;3.864383;3.465989;2.695038;3.508696;2.969532;4.814400;3.004904;4.510720;4.894638;4.793545;1.903637;2.978049;1.337880;3.572706;5.684628;4.931437;1.509876;5.128851;1.919811;5.025799;3.268516;4.033541;4.405730;5.608351;3.658310;2.762097;5.392748;2.710657;1.813631;3.121399;3.375305;3.830709;4.582149;1.868087;5.116302;1.350578;2.706155;1.696440;2.579348;4.135574;4.805151;3.458337;4.099468;3.192576;4.741622;5.129457;3.753193;4.292562;3.253796;2.113464;4.552244;2.154561;1.534137;1.578771;5.047363;1.861141;2.443121;4.166168;4.825565;1.501106;4.127109;2.765092;1.687170;4.319740;4.776190;4.890998;3.166151;4.753429;1.468669;3.612699;3.962429;1.625702;5.553588;6.044232;4.185432;3.870072;3.373468;3.019998;2.157966;2.547728;4.022830;3.444802;4.757913;3.884961;4.192429;2.646994;3.414201;2.621345;5.475111;3.623778;4.966276;6.189668;6.080093;9.309433;5.597580;4.557740;9.112723;5.199889;4.726197;4.882032;7.450067;6.483580;7.243775;7.045142;8.927306;8.868980;7.045835;5.358877;5.092788;8.942267;5.298679;4.210848;8.201157;7.098375;6.069387;6.088648;6.545966;7.267790;9.010204;7.273593;7.081995;5.210486;7.940735;7.397698;8.733861;3.679600;4.283502;7.057572;8.442292;5.884547;6.806451;7.152917;8.840451;8.171037;9.385572;7.082145;3.267442;7.484863;4.564808;8.044056;3.802211;7.428056;8.692405;7.502347;5.078066;6.008248;5.947630;9.267153;8.594169;7.024040;3.654062
0.260000;-4.906534;2.885433;3.496118;3.529015;2.986950;3.359969;1.822025;3.157531;4.115816;1.575090;5.330441;1.707610;3.275524;2.329010;3.618359;4.059960;2.347534;1.877234;2.943395;3.795100;5.348126;2.808019;3.814148;4.126751;1.670530;3.868460;3.462214;2.686106;3.504179;2.966335;4.814400;2.998154;4.508539;4.892833;4.792494;1.907088;2.973855;1.336136;3.566756;5.675173;4.927738;1.508760;5.127241;1.917774;5.019718;3.266846;4.032689;4.403924;5.603095;3.656866;2.758546;5.387415;2.708854;1.811432;3.116971;3.371194;3.826271;4.588574;1.865305;5.112201;1.349567;2.700605;1.692081;2.579352;4.132719;4.800931;3.455864;4.093689;3.191170;4.741410;5.125789;3.798409;4.284369;3.248186;2.110624;4.545885;2.150968;1.531694;1.577722;5.042341;1.858327;2.441693;4.165301;4.823276;1.499854;4.121448;2.762621;1.686135;4.313997;4.766822;4.886874;3.160890;4.752491;1.469247;3.611109;3.959960;1.623215;5.544942;6.036201;4.184465;3.864125;3.371940;3.016553;2.154276;2.545263;4.019740;3.440567;4.756036;3.884254;4.187327;2.646994;3.410769;2.618320;5.471346;3.615473;4.991568;6.187251;6.080185;9.307388;5.597263;4.556417;9.108381;5.194914;4.724967;4.882608;7.450481;6.489314;7.232562;7.045103;8.920671;8.862939;7.043864;5.358512;5.086535;8.934961;5.298678;4.210026;8.195303;7.099672;6.067513;6.074295;6.539845;7.249525;9.007848;7.273593;7.081581;5.209327;7.933661;7.393599;8.733457;3.679748;4.277770;7.055035;8.439236;5.882048;6.785955;7.150900;8.839051;8.153838;9.381148;7.077421;3.267442;7.484970;4.550748;8.042941;3.798820;7.419808;8.682942;7.494727;5.076674;5.994965;5.941718;9.258359;8.585603;7.023487;3.654060
0.260000;-4.881022;2.886633;3.492327;3.525845;2.984015;3.354192;1.820092;3.144847;4.114119;1.571775;5.328161;1.704881;3.270613;2.328239;3.622938;4.052203;2.590534;1.872260;2.941200;3.788614;5.344475;2.803501;3.812962;4.123638;1.666170;3.865933;3.458254;2.676455;3.499414;2.963006;4.814400;2.990939;4.506290;4.890984;4.791427;1.905504;2.969448;1.334349;3.560435;5.664927;4.923867;1.507627;5.125595;1.915680;5.013251;3.265138;4.031828;4.402074;5.597529;3.655396;2.754834;5.381769;2.707005;1.809167;3.112311;3.366879;3.828985;4.578676;1.862420;5.107899;1.349378;2.694720;1.687495;2.579918;4.129758;4.796467;3.453310;4.087549;3.189736;4.744812;5.121951;3.678945;4.275545;3.242236;2.107677;4.539111;2.147210;1.537251;1.576657;5.037032;1.855409;2.441770;4.164426;4.820914;1.498585;4.115426;2.760070;1.699739;4.314684;4.756681;4.882547;3.155324;4.751544;1.475836;3.609483;3.957409;1.620647;5.535607;6.027565;4.183485;3.857802;3.371957;3.012958;2.150415;2.542716;4.016528;3.436116;4.754112;3.883541;4.181923;2.646994;3.407183;2.615172;5.467406;3.606535;4.965198;6.184766;6.080245;9.305286;5.596946;4.555072;9.103819;5.189663;4.723715;4.882464;7.453273;6.483591;7.220319;7.047917;8.913609;8.856521;7.041840;5.358554;5.079882;8.927156;5.298678;4.213991;8.194574;7.100102;6.065590;6.058346;6.533337;7.228687;9.005420;7.273585;7.081167;5.208151;7.926105;7.389308;8.734365;3.679103;4.271690;7.052413;8.436068;5.879468;6.762199;7.148832;8.837625;8.134370;9.376495;7.072449;3.267441;7.484289;4.535153;8.041812;3.795281;7.410940;8.672724;7.486562;5.075257;5.980287;5.935448;9.248879;8.576376;7.022930;3.654061
0.260000;-5.261604;2.875367;3.497420;3.530113;2.987972;3.361890;1.825007;3.161384;4.116422;1.576232;5.331245;1.708564;3.277180;2.330237;3.614829;4.062471;2.434789;1.878906;2.944171;3.797238;5.349381;2.809552;3.814578;4.127833;1.672013;3.864370;3.463567;2.689151;3.505784;2.967485;4.814400;3.000505;4.509332;4.893491;4.792880;1.904343;2.975350;1.336770;3.568843;5.678384;4.929064;1.509169;5.127830;1.918516;5.021847;3.267455;4.033002;4.404583;5.604951;3.657394;2.759820;5.389296;2.709512;1.812231;3.118549;3.372661;3.826442;4.578407;1.866308;5.113665;1.350111;2.702559;1.693632;2.579427;4.133751;4.802434;3.456761;4.095717;3.191684;4.741870;5.127102;3.798409;4.287182;3.250159;2.111650;4.548106;2.152257;1.538401;1.578107;5.044114;1.859342;2.443982;4.165620;4.824106;1.500313;4.123439;2.763517;1.690675;4.321288;4.770002;4.888346;3.162747;4.752836;1.468143;3.611690;3.960855;1.624116;5.547895;6.038961;4.184820;3.866212;3.372644;3.017790;2.155601;2.546156;4.020854;3.442076;4.756719;3.884514;4.189131;2.646994;3.412001;2.619410;5.472693;3.618320;4.961137;6.188129;6.079971;9.308131;5.597379;4.556902;9.109926;5.196675;4.725416;4.881932;7.450344;6.483489;7.236300;7.045599;8.922986;8.865054;7.044580;5.358456;5.088721;8.937494;5.298677;4.209771;8.195346;7.098516;6.068196;6.078946;6.541988;7.255238;9.008703;7.273582;7.081734;5.209751;7.936116;7.395064;8.734218;3.679560;4.279785;7.055954;8.440341;5.882952;6.792250;7.151631;8.839562;8.159265;9.382721;7.079097;3.267441;7.485623;4.555314;8.043349;3.800035;7.422639;8.686152;7.497355;5.077183;5.999309;5.943793;9.261361;8.588534;7.023690;3.654061
0.260000;-5.264736;2.875453;3.492226;3.525720;2.983881;3.354260;1.821678;3.146180;4.113987;1.571651;5.328022;1.704744;3.270594;2.328258;3.619746;4.052533;2.621968;1.872248;2.941061;3.788764;5.344371;2.803450;3.812850;4.123509;1.666104;3.875606;3.458167;2.677117;3.499383;2.962886;4.814400;2.991187;4.506152;4.890848;4.791325;1.910409;2.969388;1.334214;3.560564;5.665707;4.923772;1.507519;5.125465;1.915540;5.013397;3.265007;4.031738;4.401938;5.597572;3.655272;2.754732;5.381820;2.706869;1.809027;3.112271;3.366813;3.829930;4.584984;1.862286;5.107832;1.350284;2.694799;1.687446;2.581950;4.129626;4.796421;3.453170;4.087657;3.189614;4.742324;5.121855;3.798409;4.276055;3.242321;2.107544;4.539296;2.147111;1.533481;1.576555;5.037046;1.855276;2.443291;4.164337;4.820774;1.498469;4.115523;2.759930;1.686094;4.313399;4.757440;4.882482;3.155367;4.751450;1.475835;3.609354;3.957268;1.620506;5.536211;6.028040;4.183389;3.857930;3.374025;3.012847;2.150320;2.542576;4.016402;3.436059;4.753974;3.883463;4.181950;2.646994;3.407074;2.615045;5.467315;3.607063;4.960503;6.184625;6.079860;9.305146;5.596907;4.554954;9.103775;5.189674;4.723602;4.882483;7.453104;6.484178;7.221545;7.045592;8.913834;8.856662;7.041704;5.358492;5.080053;8.927494;5.298677;4.223879;8.194597;7.098351;6.065454;6.060567;6.533489;7.232501;9.005280;7.273585;7.081117;5.208040;7.926398;7.389236;8.736155;3.678934;4.271790;7.052274;8.435937;5.879330;6.767091;7.148690;8.837502;8.137707;9.376452;7.072429;3.267441;7.484722;4.537271;8.041704;3.795168;7.411453;8.673500;7.486956;5.075136;5.982141;5.935568;9.249508;8.576957;7.022867;3.654062
0.260000;-5.059477;2.877322;3.491091;3.524698;2.982908;3.352895;1.819227;3.145016;4.113338;1.570606;5.327207;1.703819;3.269302;2.328467;3.627927;4.051089;2.621968;1.870952;2.940268;3.787351;5.343261;2.802209;3.812368;4.122500;1.664884;3.864402;3.457007;2.675719;3.498111;2.961833;4.814400;2.989750;4.505346;4.890152;4.790882;1.902505;2.968158;1.333537;3.559160;5.664350;4.922623;1.507056;5.124831;1.914775;5.011989;3.264353;4.031374;4.401244;5.596218;3.654693;2.753608;5.380460;2.706174;1.808216;3.111008;3.365597;3.837850;4.578437;1.861325;5.106617;1.349348;2.693421;1.686195;2.579396;4.128646;4.795187;3.452286;4.086263;3.189048;4.744960;5.120711;3.758061;4.274622;3.240940;2.106569;4.537874;2.145980;1.550245;1.576115;5.035719;1.854307;2.442981;4.163966;4.819938;1.497958;4.114139;2.759044;1.688231;4.313632;4.756066;4.881263;3.154014;4.751052;1.466454;3.608726;3.956385;1.619618;5.534797;6.026606;4.182979;3.856528;3.371931;3.011747;2.149170;2.541694;4.015371;3.434822;4.753258;3.883156;4.180612;2.646994;3.405976;2.614030;5.466155;3.605634;4.968328;6.183750;6.080725;9.304379;5.596764;4.554415;9.102526;5.188349;4.723096;4.881889;7.450175;6.493163;7.220333;7.048043;8.912398;8.855252;7.040956;5.358383;5.078635;8.926047;5.298677;4.216168;8.196258;7.100909;6.064738;6.059812;6.532077;7.232543;9.004427;7.273589;7.080931;5.207562;7.924953;7.388024;8.733796;3.678852;4.270399;7.051371;8.434917;5.878436;6.767681;7.147933;8.836940;8.137508;9.375188;7.071130;3.267442;7.484594;4.536457;8.041241;3.794077;7.410027;8.672127;7.485513;5.074573;5.981206;5.934166;9.248096;8.575538;7.022623;3.654060
0.260000;-5.098806;2.876149;3.490589;3.524298;2.982544;3.352016;1.819291;3.142433;4.113150;1.570179;5.326941;1.703486;3.268597;2.328347;3.616472;4.049782;2.350768;1.870233;2.940013;3.786327;5.342777;2.801577;3.812245;4.122108;1.664283;3.867242;3.456476;2.673951;3.497434;2.961406;4.814400;2.988571;4.505083;4.889945;4.790773;1.905196;2.967547;1.333338;3.558171;5.662422;4.922106;1.506938;5.124650;1.914535;5.010967;3.264165;4.031287;4.401036;5.595385;3.654535;2.753119;5.379611;2.705968;1.807952;3.110347;3.365002;3.828174;4.601596;1.860970;5.106025;1.349521;2.692523;1.685551;2.579559;4.128281;4.794567;3.451979;4.085315;3.188894;4.741420;5.120201;3.798409;4.273063;3.240027;2.106203;4.536788;2.145482;1.543672;1.576007;5.034934;1.853945;2.442250;4.163879;4.819660;1.497825;4.113216;2.758738;1.686037;4.311674;4.754174;4.880666;3.153180;4.750957;1.475836;3.608548;3.956079;1.619309;5.533112;6.025091;4.182878;3.855536;3.372839;3.011276;2.148658;2.541390;4.014966;3.434204;4.753040;3.883085;4.179809;2.646994;3.405507;2.613631;5.465627;3.604047;5.056415;6.183460;6.080304;9.304138;5.596735;4.554274;9.101886;5.187576;4.722970;4.882123;7.452573;6.483458;7.217876;7.047750;8.911239;8.854242;7.040724;5.358379;5.077574;8.924721;5.298677;4.217992;8.194776;7.098753;6.064521;6.056267;6.531049;7.227427;9.004142;7.273589;7.080893;5.207438;7.923691;7.387434;8.735367;3.678291;4.269462;7.051055;8.434518;5.878132;6.761555;7.147696;8.836787;8.132844;9.374535;7.070415;3.267441;7.484366;4.533028;8.041124;3.793617;7.408454;8.670211;7.484107;5.074423;5.978051;5.933185;9.246376;8.573878;7.022568;3.654061
0.260000;-5.370036;2.877877;3.501240;3.533288;2.990908;3.367812;1.829212;3.174994;4.118098;1.579554;5.333510;1.711289;3.282183;2.328999;3.619817;4.070560;2.583811;1.883974;2.946348;3.803937;5.353057;2.814130;3.815746;4.130952;1.676430;3.866580;3.467558;2.699345;3.510626;2.970826;4.814400;3.007993;4.511563;4.895322;4.793928;1.902886;2.979816;1.338540;3.575362;5.689242;4.932968;1.510282;5.129454;1.920593;5.028524;3.269144;4.033846;4.406413;5.610652;3.658844;2.763557;5.395082;2.711340;1.814482;3.123283;3.377031;3.826102;4.598344;1.869192;5.118022;1.349301;2.708607;1.698290;2.580512;4.136711;4.806942;3.459305;4.102037;3.193097;4.741450;5.130971;3.798409;4.296449;3.256275;2.114597;4.555119;2.156040;1.539094;1.579152;5.049541;1.862261;2.443187;4.166478;4.826456;1.501563;4.129619;2.766060;1.686143;4.326367;4.780747;4.892731;3.168450;4.753766;1.475836;3.613294;3.963396;1.626677;5.557731;6.048024;4.185781;3.872733;3.372577;3.021409;2.159493;2.548693;4.024075;3.446589;4.758624;3.885212;4.194654;2.646994;3.415602;2.622561;5.476672;3.627722;4.962658;6.190609;6.080343;9.310215;5.597690;4.558226;9.114563;5.202042;4.726647;4.882010;7.450078;6.487495;7.249417;7.045522;8.930326;8.871680;7.046587;5.358377;5.095603;8.945653;5.298676;4.214118;8.194841;7.116286;6.070098;6.096261;6.548710;7.278020;9.011119;7.273585;7.082139;5.210908;7.943993;7.399415;8.733587;3.678511;4.286044;7.058569;8.443517;5.885526;6.818247;7.153686;8.840969;8.180530;9.387453;7.084172;3.267441;7.485547;4.572225;8.044461;3.803596;7.431968;8.696995;7.505905;5.078580;6.015181;5.950261;9.271372;8.598261;7.024234;3.654059
0.260000;-5.084230;2.876730;3.494963;3.527973;2.985958;3.358591;1.819275;3.156616;4.115152;1.574016;5.329608;1.706666;3.274216;2.330353;3.624116;4.058550;2.621968;1.875924;2.942586;3.793695;5.346995;2.806755;3.813655;4.125722;1.669288;3.869213;3.461029;2.684802;3.502886;2.965262;4.814400;2.996737;4.507715;4.892122;4.792043;1.902303;2.972608;1.335444;3.565356;5.673923;4.926569;1.508285;5.126592;1.916993;5.018312;3.266176;4.032316;4.403214;5.601730;3.656275;2.757403;5.386048;2.708142;1.810604;3.115690;3.369959;3.826137;4.578988;1.864324;5.110969;1.351641;2.699224;1.690810;2.579371;4.131721;4.799669;3.454961;4.092291;3.190590;4.741799;5.124624;3.798409;4.282999;3.246802;2.109629;4.544474;2.149815;1.533916;1.577273;5.040994;1.857339;2.446073;4.164923;4.822422;1.499333;4.120055;2.761719;1.686249;4.313352;4.765566;4.885639;3.159528;4.752086;1.475836;3.610467;3.959057;1.622307;5.543605;6.034824;4.184047;3.862722;3.371877;3.015431;2.153108;2.544362;4.018690;3.439310;4.755302;3.883940;4.185972;2.646994;3.409642;2.617282;5.470167;3.614119;4.962335;6.186368;6.079899;9.306605;5.597117;4.555869;9.107122;5.193581;4.724450;4.881938;7.450024;6.483536;7.231586;7.045532;8.919263;8.861537;7.043102;5.358505;5.085129;8.933560;5.298676;4.215947;8.196069;7.103317;6.066782;6.074045;6.538441;7.250555;9.006980;7.273585;7.081392;5.208838;7.932252;7.392375;8.734118;3.678403;4.276382;7.054115;8.438199;5.881141;6.787879;7.150127;8.838475;8.154479;9.379873;7.076113;3.267442;7.484241;4.550421;8.042469;3.797709;7.418454;8.681712;7.493337;5.076101;5.994431;5.940325;9.257048;8.584271;7.023237;3.654060
0.260000;-5.288845;2.875694;3.496783;3.529516;2.987395;3.361264;1.819442;3.162049;4.116010;1.575624;5.330743;1.708009;3.276525;2.328460;3.617229;4.062037;2.191514;1.878255;2.943681;3.796662;5.348748;2.808893;3.814265;4.127241;1.671362;3.868681;3.462923;2.689046;3.505127;2.966876;4.814400;3.000000;4.508834;4.893054;4.792595;1.902320;2.974696;1.336345;3.568254;5.678407;4.928424;1.508868;5.127426;1.918039;5.021268;3.267041;4.032763;4.404145;5.604314;3.657024;2.759188;5.388664;2.709075;1.811731;3.117892;3.372009;3.830390;4.578189;1.865738;5.113012;1.349315;2.701942;1.692977;2.579354;4.133170;4.801784;3.456223;4.095117;3.191321;4.742516;5.126465;3.789352;4.286915;3.249545;2.111072;4.547557;2.151620;1.529723;1.577821;5.043473;1.858766;2.444674;4.165377;4.823595;1.499984;4.122828;2.762981;1.687496;4.311456;4.770000;4.887694;3.162112;4.752577;1.466894;3.611291;3.960317;1.623577;5.547726;6.038665;4.184554;3.865619;3.373768;3.017164;2.154959;2.545621;4.020253;3.441422;4.756270;3.884313;4.188488;2.646994;3.411375;2.618813;5.472052;3.618073;4.987511;6.187599;6.079896;9.307653;5.597284;4.556555;9.109276;5.196029;4.725091;4.883408;7.450602;6.485889;7.236842;7.046355;8.922467;8.864473;7.044116;5.358374;5.088161;8.937065;5.298678;4.211578;8.196489;7.100897;6.067746;6.080739;6.541415;7.259147;9.008181;7.273582;7.081612;5.209441;7.935658;7.394413;8.734902;3.678316;4.279179;7.055409;8.439743;5.882412;6.797618;7.151162;8.839201;8.162538;9.382064;7.078445;3.267442;7.484190;4.556971;8.043050;3.799415;7.422382;8.686176;7.496981;5.076823;6.000632;5.943202;9.261221;8.588343;7.023528;3.654061
0.260000;-5.196537;2.874955;3.498847;3.531283;2.989048;3.364188;1.819947;3.166996;4.117014;1.577461;5.332059;1.709557;3.279092;2.331293;3.617807;4.065686;2.621968;1.880847;2.944952;3.799860;5.350751;2.811290;3.814982;4.128981;1.673681;3.864408;3.465063;2.693271;3.507630;2.968721;4.814400;3.003465;4.510133;4.894142;4.793241;1.902378;2.977042;1.337398;3.571390;5.682796;4.930527;1.509553;5.128402;1.919258;5.024464;3.268051;4.033290;4.405232;5.607152;3.657901;2.761214;5.391534;2.710160;1.813040;3.120352;3.374313;3.836945;4.594301;1.867364;5.115312;1.350199;2.704908;1.695403;2.579694;4.134835;4.804148;3.457680;4.098181;3.192179;4.741681;5.128551;3.798409;4.290904;3.252537;2.112729;4.550862;2.153672;1.540112;1.578467;5.046205;1.860412;2.441877;4.165913;4.824953;1.500748;4.125843;2.764440;1.690021;4.311154;4.774362;4.890005;3.164951;4.753155;1.467920;3.612253;3.961776;1.625045;5.551866;6.042594;4.185150;3.868758;3.372407;3.019137;2.157056;2.547076;4.022042;3.443786;4.757397;3.884752;4.191257;2.646994;3.413339;2.620571;5.474185;3.622100;4.974280;6.189023;6.080008;9.308876;5.597483;4.557364;9.111689;5.198739;4.725845;4.882666;7.452089;6.483667;7.241697;7.046377;8.925885;8.867645;7.045297;5.358513;5.091422;8.940736;5.298676;4.214478;8.194798;7.098398;6.068873;6.086182;6.544621;7.264871;9.009575;7.273585;7.081869;5.210152;7.939240;7.396707;8.733352;3.678360;4.282222;7.056904;8.441509;5.883884;6.803292;7.152369;8.840055;8.168237;9.384520;7.081039;3.267441;7.484342;4.562367;8.043734;3.801360;7.426386;8.690561;7.500769;5.077672;6.005911;5.946315;9.265403;8.592453;7.023874;3.654061
0.260000;-5.135582;2.875379;3.491101;3.524749;2.982971;3.352695;1.821202;3.143499;4.113425;1.570647;5.327291;1.703890;3.269205;2.329695;3.617275;4.050598;2.400684;1.870850;2.940355;3.787060;5.343281;2.802155;3.812448;4.122554;1.664847;3.864364;3.457001;2.674874;3.498033;2.961876;4.814399;2.989351;4.505431;4.890242;4.790959;1.902322;2.968118;1.333626;3.558892;5.663372;4.922628;1.507133;5.124919;1.914863;5.011698;3.264441;4.031440;4.401333;5.596052;3.654780;2.753623;5.380281;2.706263;1.808301;3.110940;3.365563;3.826236;4.584237;1.861391;5.106586;1.350012;2.693212;1.686137;2.580341;4.128709;4.795140;3.452363;4.086020;3.189132;4.741400;5.120718;3.798409;4.273938;3.240723;2.106632;4.537539;2.145992;1.530517;1.576191;5.035580;1.854370;2.442425;4.164032;4.820019;1.498040;4.113906;2.759121;1.686037;4.314903;4.755127;4.881230;3.153845;4.751122;1.467935;3.608814;3.956463;1.619694;5.534015;6.025957;4.183051;3.856256;3.374369;3.011771;2.149177;2.541772;4.015421;3.434776;4.753347;3.883215;4.180468;2.646994;3.406003;2.614081;5.466153;3.604930;4.969662;6.183836;6.079860;9.304465;5.596795;4.554501;9.102469;5.188219;4.723176;4.882648;7.450111;6.483986;7.218921;7.045188;8.912014;8.854969;7.041045;5.358459;5.078319;8.925547;5.298678;4.210862;8.196183;7.099541;6.064829;6.057452;6.531784;7.228765;9.004508;7.273585;7.080969;5.207640;7.924501;7.387991;8.742524;3.678421;4.270164;7.051447;8.434974;5.878514;6.762955;7.148022;8.837025;8.134147;9.375128;7.071035;3.267442;7.487349;4.534211;8.041318;3.794107;7.409333;8.671169;7.484951;5.074660;5.979197;5.933904;9.247289;8.574778;7.022670;3.654060
0.260000;-5.382618;2.878685;3.495824;3.528741;2.986686;3.359650;1.819246;3.157398;4.115629;1.574808;5.330214;1.707359;3.275208;2.328293;3.617427;4.059665;2.621968;1.876919;2.943174;3.794785;5.347838;2.807707;3.814008;4.126481;1.670224;3.866608;3.461914;2.685859;3.503867;2.966055;4.814400;2.997846;4.508312;4.892636;4.792364;1.903811;2.973545;1.335944;3.566439;5.674952;4.927441;1.508622;5.127058;1.917559;5.019401;3.266658;4.032580;4.403726;5.602773;3.656698;2.758253;5.387094;2.708656;1.811205;3.116659;3.370886;3.840925;4.582566;1.865043;5.111894;1.349836;2.700285;1.691768;2.579374;4.132456;4.800619;3.455620;4.093368;3.191005;4.741759;5.125491;3.783563;4.284092;3.247865;2.110361;4.545571;2.150674;1.530826;1.577592;5.042022;1.858064;2.443222;4.165191;4.823045;1.499706;4.121129;2.762377;1.686886;4.313828;4.766592;4.886567;3.160569;4.752373;1.474039;3.610927;3.959716;1.622970;5.544681;6.035924;4.184344;3.863808;3.372595;3.016264;2.153978;2.545020;4.019465;3.440254;4.755832;3.884162;4.187011;2.646994;3.410479;2.618044;5.471046;3.615204;4.996518;6.187013;6.080279;9.307173;5.597219;4.556261;9.108072;5.194595;4.724819;4.882132;7.451078;6.483537;7.232404;7.045109;8.920361;8.862619;7.043654;5.358376;5.086220;8.934669;5.298676;4.210150;8.195001;7.098793;6.067309;6.074300;6.539528;7.249737;9.007610;7.273593;7.081524;5.209186;7.933358;7.393295;8.734403;3.678286;4.277450;7.054787;8.438964;5.881803;6.786274;7.150686;8.838887;8.153996;9.380833;7.077104;3.267441;7.484942;4.550736;8.042804;3.798532;7.419538;8.682716;7.494439;5.076510;5.994908;5.941399;9.258106;8.585343;7.023412;3.654061
0.260000;-5.213925;2.874960;3.491796;3.525275;2.983438;3.354035;1.821558;3.147859;4.113625;1.571211;5.327604;1.704307;3.270252;2.328362;3.614682;4.052702;2.621968;1.871916;2.940651;3.788662;5.343934;2.803070;3.812564;4.123065;1.665716;3.865151;3.457742;2.677794;3.499024;2.962443;4.814400;2.991232;4.505737;4.890469;4.791058;1.903435;2.968997;1.333842;3.560431;5.666561;4.923346;1.507242;5.125110;1.915138;5.013294;3.264642;4.031514;4.401560;5.597316;3.654941;2.754298;5.381576;2.706491;1.808611;3.111898;3.366415;3.828107;4.578738;1.861842;5.107434;1.349310;2.694592;1.687073;2.579603;4.129183;4.796036;3.452737;4.087492;3.189288;4.742318;5.121428;3.778434;4.276494;3.242124;2.107101;4.539251;2.146680;1.543932;1.576290;5.036758;1.854833;2.442582;4.164107;4.820352;1.498169;4.115341;2.759499;1.686355;4.312418;4.758265;4.882085;3.155111;4.751207;1.465505;3.609001;3.956838;1.620075;5.536793;6.028430;4.183141;3.857800;3.372787;3.012411;2.149895;2.542145;4.015958;3.435672;4.753589;3.883271;4.181671;2.646994;3.406637;2.614601;5.466894;3.607533;4.961179;6.184196;6.080020;9.304742;5.596814;4.554641;9.103400;5.189374;4.723304;4.882148;7.450186;6.483884;7.223063;7.049038;8.913845;8.856545;7.041306;5.358484;5.079986;8.927672;5.298677;4.214793;8.195276;7.099232;6.065067;6.063490;6.533392;7.237453;9.004857;7.273593;7.080998;5.207755;7.926517;7.388839;8.733301;3.678737;4.271616;7.051839;8.435495;5.878898;6.773300;7.148292;8.837178;8.142078;9.376083;7.072098;3.267440;7.484926;4.540047;8.041427;3.794730;7.411909;8.674346;7.487230;5.074811;5.984561;5.935429;9.250133;8.577512;7.022710;3.654061
0.260000;-5.087122;2.876486;3.492700;3.526099;2.984227;3.355048;1.819230;3.148136;4.114167;1.572053;5.328277;1.705060;3.271238;2.329074;3.614980;4.053661;2.548677;1.872906;2.941304;3.789675;5.344821;2.804037;3.812970;4.123882;1.666669;3.865173;3.458664;2.678567;3.500008;2.963290;4.814400;2.992222;4.506400;4.891047;4.791429;1.902334;2.969957;1.334404;3.561448;5.667260;4.924258;1.507633;5.125638;1.915771;5.014307;3.265187;4.031821;4.402138;5.598329;3.655423;2.755192;5.382591;2.707068;1.809280;3.112876;3.367366;3.827360;4.589766;1.862625;5.108385;1.349330;2.695608;1.688043;2.583743;4.129976;4.796995;3.453463;4.088511;3.189761;4.741533;5.122334;3.798409;4.277360;3.243141;2.107892;4.540257;2.147577;1.532296;1.576660;5.037760;1.855619;2.444981;4.164420;4.821040;1.498597;4.116354;2.760223;1.686121;4.312081;4.758977;4.883038;3.156124;4.751542;1.470131;3.609526;3.957561;1.620800;5.537604;6.029317;4.183484;3.858814;3.373019;3.013292;2.150803;2.542869;4.016788;3.436634;4.754182;3.883531;4.182680;2.646994;3.407516;2.615419;5.467812;3.608394;4.960471;6.184909;6.080853;9.305377;5.596937;4.555090;9.104373;5.190379;4.723731;4.882617;7.450750;6.486234;7.223428;7.046754;8.914843;8.857561;7.041924;5.359056;5.080995;8.928632;5.298677;4.219646;8.194970;7.101947;6.065663;6.063038;6.534406;7.235663;9.005559;7.273578;7.081154;5.208158;7.927496;7.389788;8.733957;3.678559;4.272634;7.052576;8.436321;5.879623;6.770647;7.148921;8.837650;8.140686;9.377062;7.073091;3.267442;7.489215;4.539686;8.041817;3.795606;7.412776;8.675049;7.488153;5.075282;5.984418;5.936445;9.250935;8.578336;7.022918;3.654061
0.260000;-5.260263;2.875236;3.500837;3.532956;2.990602;3.367180;1.819441;3.173734;4.117931;1.579206;5.333278;1.711007;3.281647;2.328938;3.623015;4.069714;2.567466;1.883432;2.946127;3.803224;5.352667;2.813641;3.815631;4.130625;1.675957;3.869493;3.467136;2.698312;3.510108;2.970474;4.814399;3.007201;4.511333;4.895137;4.793827;1.902406;2.979341;1.338362;3.574668;5.688159;4.932556;1.510174;5.129291;1.920381;5.027814;3.268974;4.033765;4.406229;5.610042;3.658701;2.763163;5.394465;2.711156;1.814250;3.122779;3.376566;3.830823;4.585367;1.868893;5.117559;1.350785;2.707959;1.697793;2.579911;4.136403;4.806465;3.459041;4.101364;3.192956;4.741442;5.130562;3.785693;4.295494;3.255624;2.114290;4.554374;2.155639;1.532231;1.579050;5.048958;1.861956;2.462087;4.166397;4.826213;1.501442;4.128962;2.765800;1.694535;4.312755;4.779671;4.892264;3.167841;4.753676;1.474277;3.613134;3.963134;1.626413;5.556727;6.047088;4.185688;3.872037;3.372271;3.021027;2.159078;2.548431;4.023736;3.446108;4.758430;3.885146;4.194067;2.646994;3.415221;2.622233;5.476249;3.626757;4.965099;6.190353;6.080169;9.310003;5.597661;4.558097;9.114068;5.201470;4.726527;4.883050;7.450513;6.487835;7.248188;7.045580;8.929554;8.870975;7.046385;5.359415;5.094874;8.944797;5.298678;4.209724;8.194644;7.100024;6.069906;6.094856;6.547998;7.276631;9.010867;7.273593;7.082103;5.210795;7.943163;7.398952;8.734064;3.678934;4.285378;7.058299;8.443184;5.885260;6.817010;7.153479;8.840829;8.179115;9.386949;7.083631;3.267443;7.484351;4.570836;8.044353;3.803221;7.431009;8.695915;7.505021;5.078443;6.013819;5.949573;9.270354;8.597269;7.024184;3.654061
0.260000;-5.309621;2.876276;3.495197;3.528233;2.986221;3.358616;1.819478;3.154728;4.115379;1.574274;5.329865;1.706931;3.274360;2.328460;3.615178;4.058190;2.621968;1.876053;2.942839;3.793597;5.347237;2.806936;3.813836;4.125981;1.669483;3.864582;3.461255;2.683938;3.503042;2.965516;4.814400;2.996497;4.507970;4.892359;4.792212;1.905126;2.972796;1.335677;3.565288;5.672884;4.926800;1.508462;5.126817;1.917242;5.018219;3.266406;4.032461;4.403450;5.601787;3.656484;2.757642;5.386090;2.708380;1.810859;3.115858;3.370157;3.828570;4.580022;1.864586;5.111167;1.349476;2.699230;1.690984;2.580955;4.131985;4.799860;3.455223;4.092258;3.190796;4.741425;5.124856;3.767627;4.282374;3.246797;2.109892;4.544320;2.150051;1.532803;1.577441;5.041085;1.857602;2.442589;4.165070;4.822680;1.499522;4.120043;2.761978;1.686495;4.317767;4.764555;4.885836;3.159583;4.752241;1.475836;3.610689;3.959320;1.622572;5.542836;6.034245;4.184206;3.862654;3.371860;3.015675;2.153339;2.544625;4.018948;3.439499;4.755544;3.884064;4.186054;2.646994;3.409892;2.617542;5.470390;3.613456;4.960797;6.186627;6.081132;9.306853;5.597178;4.556067;9.107293;5.193676;4.724640;4.882600;7.450556;6.483469;7.229857;7.046254;8.919048;8.861449;7.043349;5.358379;5.085000;8.933187;5.298676;4.232432;8.195601;7.100902;6.067022;6.070802;6.538338;7.244986;9.007236;7.273585;7.081470;5.209018;7.931933;7.392571;8.737089;3.678495;4.276353;7.054379;8.438457;5.881403;6.780807;7.150374;8.838679;8.149594;9.380037;7.076241;3.267443;7.484738;4.547328;8.042644;3.797954;7.417804;8.680665;7.492872;5.076306;5.991740;5.940262;9.256230;8.583526;7.023337;3.654061
0.260000;-5.395315;2.879292;3.493806;3.527062;2.985134;3.356555;1.819284;3.150640;4.114740;1.573049;5.329014;1.705915;3.272582;2.328260;3.628395;4.055502;2.621968;1.874262;2.942019;3.791308;5.345897;2.805295;3.813388;4.124831;1.667896;3.865990;3.459808;2.680685;3.501319;2.964290;4.814400;2.993976;4.507130;4.891665;4.791809;1.903705;2.971195;1.335006;3.563052;5.669463;4.925382;1.508033;5.126197;1.916458;5.015934;3.265764;4.032134;4.402755;5.599797;3.655930;2.756282;5.384074;2.707685;1.810013;3.114168;3.368587;3.833607;4.580517;1.863517;5.109601;1.351928;2.697133;1.689322;2.580655;4.130888;4.798246;3.454274;4.090081;3.190256;4.742795;5.123451;3.798409;4.279360;3.244679;2.108801;4.541940;2.148676;1.530447;1.577039;5.039182;1.856521;2.446125;4.164737;4.821799;1.499042;4.117900;2.761031;1.692374;4.311214;4.761162;4.884261;3.157593;4.751882;1.467392;3.610077;3.958370;1.621614;5.539679;6.031292;4.183836;3.860418;3.375258;3.014354;2.151924;2.543675;4.017763;3.437881;4.754822;3.883793;4.184117;2.646994;3.408573;2.616380;5.468951;3.610412;4.968319;6.185700;6.080349;9.306067;5.597058;4.555558;9.105640;5.191789;4.724166;4.882809;7.450040;6.483810;7.225889;7.045139;8.916575;8.859186;7.042590;5.359297;5.082656;8.930480;5.298679;4.209539;8.195049;7.103238;6.066302;6.065895;6.536043;7.238966;9.006332;7.273582;7.081311;5.208572;7.929311;7.391009;8.733695;3.678423;4.274193;7.053403;8.437285;5.880445;6.774159;7.149599;8.838143;8.143875;9.378355;7.074449;3.267441;7.484274;4.542514;8.042216;3.796654;7.414783;8.677252;7.490061;5.075770;5.987149;5.938044;9.253030;8.580399;7.023125;3.654060
0.260000;-4.737371;2.900291;3.490244;3.524015;2.982283;3.351457;1.819239;3.140865;4.113002;1.569883;5.326739;1.703244;3.268132;2.328268;3.614570;4.048978;2.621968;1.869767;2.939822;3.785686;5.342449;2.801151;3.812142;4.121830;1.663882;3.874440;3.456110;2.672879;3.496989;2.961108;4.814400;2.987831;4.504887;4.889783;4.790682;1.910023;2.967138;1.333183;3.557549;5.661267;4.921754;1.506841;5.124507;1.914352;5.010325;3.264015;4.031213;4.400876;5.594852;3.654407;2.752783;5.379067;2.705807;1.807753;3.109913;3.364604;3.828251;4.579077;1.860714;5.105628;1.350450;2.691953;1.685124;2.579354;4.128016;4.794160;3.451754;4.084710;3.188769;4.741423;5.119852;3.798409;4.272114;3.239450;2.105941;4.536108;2.145139;1.533875;1.575913;5.034429;1.853686;2.443919;4.163803;4.819453;1.497713;4.112623;2.758515;1.686202;4.311185;4.753030;4.880267;3.152646;4.750875;1.469869;3.608407;3.955855;1.619082;5.532087;6.024166;4.182796;3.854914;3.372846;3.010951;2.148305;2.541165;4.014677;3.433791;4.752872;3.883024;4.179294;2.646994;3.405184;2.613350;5.465266;3.603080;4.974178;6.183241;6.080033;9.303953;5.596707;4.554158;9.101461;5.187078;4.722856;4.882250;7.451140;6.484789;7.216388;7.045481;8.910530;8.853609;7.040549;5.358654;5.076915;8.923915;5.298677;4.210034;8.195112;7.098613;6.064353;6.054077;6.530404;7.224171;9.003931;7.273582;7.080857;5.207337;7.922922;7.387033;8.736381;3.678693;4.268868;7.050824;8.434234;5.877903;6.757601;7.147514;8.836663;8.129900;9.374103;7.069944;3.267442;7.484241;4.530908;8.041027;3.793298;7.407495;8.669057;7.483253;5.074300;5.976107;5.932571;9.245330;8.572869;7.022521;3.654061
0.260000;-5.039096;2.878164;3.497851;3.530482;2.988316;3.362508;1.820634;3.162548;4.116631;1.576614;5.331519;1.708888;3.277718;2.330364;3.618982;4.063267;2.362334;1.879452;2.944435;3.797925;5.349799;2.810053;3.814726;4.128196;1.672498;3.864510;3.464013;2.690098;3.506311;2.967871;4.814400;3.001254;4.509599;4.893715;4.793015;1.909370;2.975843;1.336991;3.569516;5.679378;4.929504;1.509310;5.128031;1.918769;5.022530;3.267664;4.033112;4.404807;5.605552;3.657577;2.760242;5.389906;2.709735;1.812504;3.119064;3.373146;3.826759;4.586288;1.866648;5.114148;1.349990;2.703192;1.694142;2.579880;4.134098;4.802930;3.457064;4.096372;3.191863;4.746160;5.127539;3.798409;4.288067;3.250797;2.111996;4.548819;2.152684;1.529731;1.578242;5.044695;1.859686;2.441922;4.165731;4.824389;1.500472;4.124083;2.763821;1.694099;4.316189;4.770988;4.888832;3.163349;4.752956;1.467895;3.611890;3.961158;1.624422;5.548816;6.039829;4.184946;3.866883;3.371826;3.018203;2.156035;2.546458;4.021227;3.442574;4.756953;3.884606;4.189716;2.646994;3.412409;2.619775;5.473141;3.619213;4.972231;6.188426;6.079978;9.308386;5.597422;4.557070;9.110439;5.197250;4.725572;4.883903;7.450565;6.483595;7.237440;7.046059;8.923727;8.865739;7.044827;5.359592;5.089422;8.938290;5.298676;4.209544;8.194576;7.102713;6.068429;6.080308;6.542677;7.256822;9.008994;7.273585;7.081789;5.209898;7.936902;7.395547;8.733428;3.678428;4.280436;7.056267;8.440711;5.883260;6.793926;7.151884;8.839740;8.160800;9.383240;7.079647;3.267442;7.489114;4.556663;8.043492;3.800445;7.423526;8.687151;7.498188;5.077361;6.000597;5.944460;9.262297;8.589450;7.023763;3.654060
0.260000;-4.854426;2.889052;3.491667;3.525218;2.983404;3.353570;1.819488;3.145446;4.113673;1.571137;5.327625;1.704290;3.269946;2.328906;3.614630;4.051777;2.418509;1.871598;2.940676;3.788041;5.343823;2.802831;3.812619;4.123014;1.665500;3.864425;3.457595;2.676351;3.498747;2.962369;4.814400;2.990442;4.505759;4.890510;4.791112;1.905737;2.968776;1.333886;3.559847;5.664943;4.923204;1.507297;5.125159;1.915169;5.012679;3.264690;4.031563;4.401602;5.596889;3.654992;2.754176;5.381135;2.706533;1.808631;3.111640;3.366207;3.827972;4.581262;1.861815;5.107229;1.349301;2.694100;1.686823;2.579573;4.129146;4.795807;3.452738;4.086949;3.189340;4.741513;5.121290;3.798409;4.275287;3.241621;2.107066;4.538565;2.146552;1.541457;1.576344;5.036376;1.854800;2.441740;4.164159;4.820370;1.498224;4.114821;2.759497;1.688607;4.316671;4.756674;4.881877;3.154685;4.751258;1.475836;3.609051;3.956838;1.620074;5.535442;6.027275;4.183192;3.857214;3.371839;3.012306;2.149755;2.542146;4.015896;3.435443;4.753627;3.883317;4.181279;2.646994;3.406535;2.614546;5.466740;3.606292;4.979105;6.184198;6.080584;9.304773;5.596840;4.554695;9.103154;5.189009;4.723358;4.881897;7.450027;6.485289;7.220798;7.045160;8.913096;8.855941;7.041340;5.358721;5.079328;8.926729;5.298678;4.209808;8.194686;7.098405;6.065107;6.059899;6.532767;7.231943;9.004867;7.273585;7.081028;5.207809;7.925643;7.388635;8.733764;3.678448;4.271082;7.051829;8.435437;5.878896;6.766579;7.148324;8.837232;8.137122;9.375820;7.071784;3.267442;7.494248;4.536592;8.041481;3.794631;7.410686;8.672729;7.486194;5.074865;5.981444;5.934854;9.248735;8.576185;7.022750;3.654061
0.260000;-5.012718;2.879368;3.496773;3.529579;2.987480;3.360879;1.820729;3.159176;4.116146;1.575671;5.330869;1.708110;3.276326;2.328752;3.616124;4.061099;2.446019;1.878045;2.943809;3.796096;5.348757;2.808767;3.814388;4.127308;1.671258;3.867033;3.462888;2.687445;3.504954;2.966921;4.814400;2.999229;4.508961;4.893191;4.792711;1.902796;2.974591;1.336481;3.567731;5.676576;4.928403;1.508988;5.127563;1.918172;5.020711;3.267179;4.032867;4.404282;5.603975;3.657157;2.759186;5.388308;2.709211;1.811858;3.117742;3.371918;3.826343;4.593706;1.865826;5.112924;1.349317;2.701528;1.692840;2.580190;4.133252;4.801671;3.456336;4.094639;3.191454;4.742247;5.126449;3.798409;4.285619;3.249115;2.111154;4.546911;2.151616;1.529699;1.577938;5.043190;1.858854;2.446917;4.165482;4.823718;1.500109;4.122383;2.763092;1.698611;4.311372;4.768213;4.887600;3.161773;4.752688;1.465556;3.611427;3.960430;1.623688;5.546243;6.037434;4.184666;3.865101;3.372012;3.017180;2.154940;2.545734;4.020312;3.441306;4.756405;3.884403;4.188188;2.646994;3.411389;2.618880;5.472019;3.616737;4.971928;6.187717;6.079967;9.307786;5.597332;4.556686;9.109143;5.195759;4.725218;4.883965;7.452148;6.485835;7.234166;7.045643;8.921739;8.863928;7.044250;5.361165;5.087548;8.936110;5.298677;4.214365;8.195145;7.098643;6.067883;6.076259;6.540844;7.251941;9.008302;7.273582;7.081671;5.209565;7.934782;7.394325;8.738826;3.678341;4.278718;7.055517;8.439805;5.882527;6.788658;7.151295;8.839334;8.156130;9.381918;7.078231;3.267441;7.489360;4.552672;8.043172;3.799437;7.421071;8.684344;7.495913;5.076956;5.996801;5.942690;9.259684;8.586903;7.023604;3.654061
0.260000;-4.976939;2.880888;3.495208;3.528245;2.986233;3.358634;1.821803;3.155046;4.115393;1.574284;5.329878;1.706942;3.274367;2.331164;3.620103;4.058245;2.621968;1.876066;2.942853;3.793625;5.347249;2.806944;3.813851;4.125995;1.669494;3.864547;3.461264;2.684064;3.503052;2.965528;4.814400;2.996538;4.507982;4.892373;4.792225;1.903478;2.972808;1.335692;3.565313;5.673036;4.926810;1.508474;5.126830;1.917256;5.018247;3.266420;4.032471;4.403464;5.601804;3.656499;2.757652;5.386107;2.708394;1.810874;3.115871;3.370167;3.827567;4.579496;1.864600;5.111178;1.349450;2.699249;1.690994;2.579876;4.131997;4.799868;3.455235;4.092279;3.190811;4.746889;5.124867;3.763621;4.282464;3.246816;2.109905;4.544353;2.150064;1.540277;1.577454;5.041103;1.857614;2.441537;4.165081;4.822695;1.499537;4.120062;2.761992;1.695379;4.317755;4.764703;4.885846;3.159599;4.752252;1.493421;3.610702;3.959333;1.622585;5.542945;6.034328;4.184218;3.862681;3.374414;3.015686;2.153347;2.544638;4.018960;3.439510;4.755558;3.884074;4.186069;2.646994;3.409901;2.617553;5.470403;3.613551;4.962518;6.186642;6.080226;9.306868;5.597184;4.556080;9.107307;5.193686;4.724652;4.882260;7.450890;6.484060;7.230139;7.046635;8.919087;8.861477;7.043363;5.358372;5.085028;8.933237;5.298676;4.209559;8.196870;7.101289;6.067038;6.071440;6.538368;7.246271;9.007252;7.273593;7.081476;5.209032;7.931984;7.392577;8.733375;3.678539;4.276377;7.054392;8.438467;5.881415;6.782550;7.150388;8.838694;8.150680;9.380049;7.076257;3.267442;7.486420;4.547930;8.042656;3.797966;7.417899;8.680825;7.492940;5.076321;5.992239;5.940288;9.256345;8.583632;7.023345;3.654061
0.260000;-5.041468;2.877932;3.494070;3.527293;2.985353;3.356894;1.822899;3.151032;4.114882;1.573288;5.329195;1.706125;3.272889;2.328779;3.614572;4.055882;2.329474;1.874569;2.942195;3.791664;5.346153;2.805587;3.813493;4.125060;1.668186;3.864415;3.460078;2.681087;3.501622;2.964530;4.814400;2.994347;4.507308;4.891818;4.791903;1.907008;2.971484;1.335154;3.563403;5.669863;4.925649;1.508134;5.126336;1.916626;5.016292;3.265907;4.032212;4.402909;5.600128;3.656056;2.756539;5.384406;2.707839;1.810193;3.114465;3.368871;3.826138;4.578775;1.863734;5.109886;1.350754;2.697472;1.689617;2.579822;4.131108;4.798530;3.454470;4.090423;3.190380;4.743555;5.123715;3.798409;4.279759;3.245023;2.109020;4.542303;2.148936;1.533610;1.577132;5.039503;1.856739;2.445768;4.164817;4.821983;1.499155;4.118246;2.761227;1.691998;4.311299;4.761565;4.884547;3.157923;4.751968;1.524068;3.610214;3.958568;1.621811;5.540079;6.031685;4.183923;3.860768;3.378139;3.014608;2.152190;2.543874;4.017995;3.438172;4.754980;3.883859;4.184440;2.646994;3.408828;2.616609;5.469220;3.610812;4.969743;6.185891;6.080152;9.306237;5.597087;4.555676;9.105936;5.192108;4.724276;4.882396;7.450139;6.484387;7.226285;7.059509;8.916948;8.859536;7.042754;5.359418;5.083015;8.930865;5.298676;4.209739;8.194574;7.098423;6.066458;6.066245;6.536399;7.239169;9.006523;7.273585;7.081350;5.208677;7.929688;7.391291;8.734045;3.679217;4.274542;7.053607;8.437520;5.880643;6.774248;7.149767;8.838264;8.144124;9.378653;7.074760;3.267441;7.485866;4.542868;8.042315;3.796906;7.415179;8.677655;7.490449;5.075894;5.987518;5.938394;9.253430;8.580796;7.023177;3.654061
0.260000;-5.495162;2.885210;3.494630;3.527785;2.985817;3.357615;1.821050;3.151784;4.115178;1.573796;5.329576;1.706563;3.273551;2.329186;3.620894;4.056683;2.621968;1.875236;2.942562;3.792420;5.346698;2.806221;3.813707;4.125547;1.668800;3.864365;3.460655;2.681909;3.502274;2.965041;4.814400;2.995134;4.507684;4.892136;4.792099;1.902898;2.972103;1.335462;3.564151;5.670687;4.926215;1.508338;5.126623;1.916980;5.017048;3.266204;4.032371;4.403227;5.600832;3.656316;2.757090;5.385116;2.708158;1.810571;3.115107;3.369483;3.829825;4.581281;1.864193;5.110495;1.349354;2.698199;1.690250;2.584346;4.131577;4.799156;3.454886;4.091167;3.190634;4.741633;5.124281;3.798409;4.280575;3.245751;2.109487;4.543071;2.149494;1.552437;1.577327;5.040193;1.857202;2.444437;4.164978;4.822375;1.499382;4.118981;2.761647;1.686044;4.311059;4.762381;4.885157;3.158628;4.752141;1.466036;3.610499;3.958982;1.622231;5.540897;6.032502;4.184103;3.861522;3.372102;3.015146;2.152758;2.544287;4.018495;3.438795;4.755308;3.883992;4.185140;2.646994;3.409368;2.617099;5.469795;3.611625;4.963433;6.186304;6.079866;9.306590;5.597147;4.555915;9.106565;5.192793;4.724500;4.881887;7.450730;6.483987;7.227047;7.047393;8.917722;8.860285;7.043098;5.359868;5.083778;8.931658;5.298676;4.219733;8.196065;7.100465;6.066785;6.066808;6.537156;7.239347;9.006920;7.273582;7.081429;5.208889;7.930477;7.391896;8.733616;3.678302;4.275275;7.054029;8.438012;5.881059;6.774155;7.150115;8.838518;8.144420;9.379289;7.075423;3.267441;7.485769;4.543447;8.042521;3.797437;7.415995;8.678468;7.491256;5.076147;5.988159;5.939136;9.254245;8.581614;7.023281;3.654061
0.260000;-5.545485;2.888472;3.497751;3.530335;2.988157;3.362664;1.819913;3.164387;4.116459;1.576478;5.331341;1.708719;3.277745;2.328335;3.625099;4.063809;2.453431;1.879489;2.944257;3.798206;5.349687;2.810026;3.814582;4.128049;1.672455;3.865787;3.463927;2.691095;3.506317;2.967733;4.814400;3.001683;4.509424;4.893544;4.792879;1.902664;2.975805;1.336820;3.569767;5.680532;4.929409;1.509171;5.127862;1.918590;5.022813;3.267495;4.032995;4.404634;5.605675;3.657414;2.760136;5.390041;2.709562;1.812325;3.119060;3.373097;3.827913;4.578231;1.866487;5.114099;1.349408;2.703366;1.694126;2.581620;4.133939;4.802899;3.456891;4.096595;3.191703;4.745132;5.127441;3.798409;4.288853;3.250983;2.111837;4.549156;2.152579;1.532887;1.578105;5.044779;1.859526;2.442422;4.165613;4.824214;1.500322;4.124278;2.763648;1.695417;4.318845;4.772112;4.888784;3.163472;4.752831;1.466124;3.611722;3.960984;1.624247;5.549732;6.040576;4.184816;3.867136;3.372260;3.018086;2.155944;2.546286;4.021083;3.442540;4.756778;3.884504;4.189814;2.646994;3.412295;2.619626;5.473053;3.620032;4.960636;6.188250;6.080829;9.308208;5.597369;4.556914;9.110418;5.197324;4.725426;4.881986;7.455356;6.486338;7.239151;7.045308;8.924129;8.866002;7.044650;5.358552;5.089739;8.938848;5.298676;4.215053;8.194571;7.099895;6.068255;6.083158;6.542965;7.261246;9.008815;7.273589;7.081723;5.209755;7.937396;7.395495;8.733747;3.679230;4.280643;7.056094;8.440565;5.883089;6.799307;7.151709;8.839581;8.164777;9.383234;7.079679;3.267442;7.485720;4.559393;8.043351;3.800323;7.424332;8.688297;7.498821;5.077201;6.003046;5.944704;9.263250;8.590342;7.023679;3.654061
0.260000;-5.196893;2.874952;3.495652;3.528610;2.986570;3.359325;1.819368;3.156487;4.115582;1.574669;5.330137;1.707255;3.274951;2.329180;3.617799;4.059179;2.621968;1.876660;2.943099;3.794406;5.347672;2.807481;3.813981;4.126351;1.670004;3.866440;3.461733;2.685215;3.503618;2.965914;4.814399;2.997406;4.508236;4.892580;4.792341;1.906994;2.973327;1.335891;3.566075;5.674243;4.927262;1.508599;5.127013;1.917491;5.019025;3.266610;4.032565;4.403671;5.602468;3.656662;2.758083;5.386785;2.708600;1.811128;3.116424;3.370675;3.826339;4.594888;1.864930;5.111684;1.349733;2.699955;1.691537;2.579356;4.132337;4.800401;3.455527;4.093017;3.190969;4.741451;5.125317;3.798409;4.283520;3.247531;2.110243;4.545170;2.150500;1.532114;1.577570;5.041739;1.857948;2.444009;4.165176;4.822962;1.499675;4.120782;2.762284;1.686069;4.313016;4.765905;4.886356;3.160264;4.752357;1.475837;3.610883;3.959624;1.622876;5.544062;6.035367;4.184325;3.863442;3.372846;3.016105;2.153799;2.544927;4.019331;3.440036;4.755774;3.884151;4.186712;2.646994;3.410324;2.617915;5.470863;3.614623;4.961768;6.186924;6.079860;9.307104;5.597216;4.556229;9.107846;5.194317;4.724789;4.882154;7.450092;6.483455;7.231545;7.045674;8.919940;8.862249;7.043590;5.359375;5.085830;8.934187;5.298678;4.209571;8.197875;7.107170;6.067252;6.073097;6.539149;7.248054;9.007526;7.273585;7.081521;5.209161;7.932895;7.393086;8.733326;3.678910;4.277107;7.054691;8.438839;5.881709;6.784317;7.150617;8.838852;8.152451;9.380600;7.076850;3.267442;7.484948;4.549565;8.042782;3.798376;7.418963;8.682035;7.493925;5.076476;5.993826;5.941041;9.257480;8.584740;7.023406;3.654060
0.260000;-5.282631;2.875628;3.499860;3.532163;2.989877;3.365565;1.825112;3.169316;4.117536;1.578373;5.332731;1.710339;3.280318;2.328250;3.617964;4.067377;2.455874;1.882087;2.945606;3.801357;5.351735;2.812443;3.815362;4.129850;1.674810;3.864579;3.466110;2.695221;3.508831;2.969636;4.814399;3.005076;4.510798;4.894703;4.793586;1.910113;2.978177;1.337944;3.572861;5.684820;4.931556;1.509917;5.128910;1.919884;5.025956;3.268576;4.033573;4.405795;5.608498;3.658362;2.762211;5.392894;2.710722;1.813709;3.121535;3.375432;3.826123;4.578944;1.868180;5.116427;1.350546;2.706305;1.696572;2.584568;4.135671;4.805288;3.458422;4.099622;3.192628;4.743375;5.129573;3.798409;4.292742;3.253947;2.113560;4.552404;2.154676;1.533456;1.578810;5.047504;1.861235;2.441524;4.166200;4.825646;1.501151;4.127264;2.765180;1.686089;4.311671;4.776374;4.891125;3.166296;4.753464;1.473956;3.612756;3.962514;1.625787;5.553770;6.044408;4.185470;3.870232;3.371814;3.020111;2.158083;2.547814;4.022932;3.444931;4.757978;3.884989;4.192574;2.646994;3.414310;2.621445;5.475230;3.623954;4.965012;6.189749;6.079983;9.309503;5.597593;4.557788;9.112854;5.200029;4.726243;4.881901;7.450027;6.486978;7.243966;7.045147;8.927466;8.869133;7.045906;5.358395;5.092946;8.942435;5.298678;4.211534;8.195924;7.098366;6.069455;6.088883;6.546123;7.268125;9.010283;7.273585;7.082011;5.210528;7.940901;7.397823;8.733525;3.678377;4.283655;7.057660;8.442390;5.884631;6.806893;7.152985;8.840501;8.171333;9.385703;7.082285;3.267442;7.487557;4.565034;8.044096;3.802323;7.428234;8.692584;7.502517;5.078118;6.008467;5.947782;9.267331;8.594347;7.024062;3.654061
0.260000;-5.315301;2.876447;3.495764;3.528749;2.986714;3.359282;1.819198;3.155316;4.115717;1.574802;5.330284;1.707399;3.274990;2.330588;3.616141;4.058885;2.557819;1.876687;2.943247;3.794281;5.347797;2.807549;3.814093;4.126493;1.670090;3.864546;3.461834;2.684614;3.503669;2.966048;4.814400;2.997188;4.508384;4.892721;4.792446;1.902405;2.973406;1.336028;3.565970;5.673538;4.927373;1.508707;5.127147;1.917638;5.018902;3.266746;4.032654;4.403812;5.602448;3.656787;2.758203;5.386753;2.708741;1.811276;3.116476;3.370759;3.826778;4.579657;1.865075;5.111770;1.350056;2.699900;1.691602;2.579353;4.132481;4.800463;3.455674;4.092937;3.191094;4.741503;5.125427;3.798409;4.283063;3.247468;2.110388;4.545010;2.150617;1.548273;1.577675;5.041739;1.858093;2.444337;4.165265;4.823109;1.499793;4.120712;2.762434;1.688724;4.311827;4.765219;4.886439;3.160244;4.752452;1.466963;3.611015;3.959772;1.623025;5.543517;6.034936;4.184423;3.863337;3.371804;3.016228;2.153910;2.545076;4.019469;3.440109;4.755915;3.884228;4.186707;2.646994;3.410444;2.618055;5.470971;3.614143;4.969086;6.187073;6.079865;9.307248;5.597256;4.556350;9.107912;5.194325;4.724905;4.882467;7.450128;6.486634;7.230454;7.045192;8.919742;8.862133;7.043734;5.359644;5.085687;8.933884;5.298678;4.226544;8.200646;7.104219;6.067389;6.071255;6.539025;7.245196;9.007676;7.273582;7.081569;5.209271;7.932630;7.393170;8.734128;3.678603;4.277031;7.054839;8.438975;5.881857;6.780858;7.150766;8.838977;8.149875;9.380660;7.076880;3.267441;7.486504;4.547802;8.042889;3.798504;7.418497;8.681334;7.493565;5.076602;5.992248;5.940941;9.256909;8.584210;7.023469;3.654060
0.260000;-5.093312;2.876499;3.497090;3.529775;2.987636;3.361705;1.821177;3.162585;4.116148;1.575897;5.330929;1.708233;3.276915;2.329598;3.615179;4.062575;2.621968;1.878647;2.943861;3.797143;5.349050;2.809256;3.814361;4.127494;1.671709;3.865559;3.463243;2.689626;3.505507;2.967148;4.814400;3.000519;4.509017;4.893204;4.792680;1.907270;2.975049;1.336491;3.568728;5.678984;4.928738;1.508960;5.127561;1.918212;5.021752;3.267182;4.032833;4.404296;5.604747;3.657144;2.759488;5.389101;2.709226;1.811917;3.118267;3.372356;3.832375;4.579057;1.865975;5.113359;1.349311;2.702390;1.693344;2.580514;4.133413;4.802135;3.456433;4.095581;3.191438;4.744689;5.126775;3.776703;4.287482;3.249997;2.111313;4.548054;2.151928;1.534914;1.577907;5.043884;1.859008;2.442640;4.165448;4.823788;1.500086;4.123283;2.763191;1.686376;4.311093;4.770584;4.888041;3.162542;4.752654;1.466631;3.611423;3.960527;1.623790;5.548299;6.039227;4.184632;3.866097;3.373297;3.017457;2.155271;2.545829;4.020516;3.441778;4.756427;3.884369;4.188901;2.646994;3.411664;2.619071;5.472369;3.618644;4.961276;6.187806;6.080505;9.307827;5.597311;4.556666;9.109640;5.196438;4.725194;4.882134;7.451475;6.483736;7.237393;7.045185;8.922982;8.864955;7.044282;5.359099;5.088653;8.937612;5.298676;4.247008;8.197507;7.103212;6.067904;6.081063;6.541898;7.258833;9.008378;7.273593;7.081643;5.209536;7.936189;7.394754;8.735503;3.678823;4.279638;7.055626;8.440009;5.882623;6.796761;7.151331;8.839318;8.162444;9.382439;7.078841;3.267441;7.484339;4.557318;8.043141;3.799702;7.422949;8.686753;7.497536;5.076940;6.001057;5.943670;9.261798;8.588919;7.023574;3.654061
0.260000;-4.944760;2.882883;3.496597;3.529402;2.987303;3.360764;1.819479;3.159531;4.116004;1.575493;5.330704;1.707935;3.276182;2.329278;3.615630;4.061100;2.611983;1.877898;2.943647;3.796021;5.348584;2.808611;3.814275;4.127130;1.671097;3.867760;3.462719;2.687579;3.504808;2.966744;4.814400;2.999196;4.508796;4.893039;4.792606;1.902700;2.974429;1.336333;3.567648;5.676751;4.928229;1.508878;5.127421;1.918013;5.020635;3.267032;4.032777;4.404132;5.603856;3.657025;2.759013;5.388190;2.709060;1.811693;3.117588;3.371753;3.841026;4.589746;1.865649;5.112760;1.349303;2.701420;1.692683;2.582650;4.133077;4.801503;3.456163;4.094548;3.191324;4.742789;5.126275;3.798409;4.285693;3.249013;2.110979;4.546854;2.151439;1.536711;1.577833;5.043059;1.858677;2.443840;4.165391;4.823548;1.499991;4.122282;2.762919;1.687785;4.311149;4.768383;4.887439;3.161654;4.752590;1.465433;3.611286;3.960259;1.623518;5.546352;6.037495;4.184566;3.865017;3.372110;3.017004;2.154764;2.545561;4.020133;3.441147;4.756252;3.884326;4.188059;2.646994;3.411214;2.618701;5.471848;3.616820;5.013240;6.187546;6.080876;9.307627;5.597293;4.556561;9.108985;5.195628;4.725099;4.882955;7.456848;6.488630;7.234492;7.045126;8.921704;8.863848;7.044094;5.359366;5.087484;8.936122;5.298678;4.255016;8.195862;7.098732;6.067728;6.076832;6.540769;7.252739;9.008132;7.273585;7.081623;5.209451;7.934770;7.394160;8.737284;3.680925;4.278622;7.055345;8.439624;5.882352;6.789511;7.151136;8.839204;8.156874;9.381761;7.078091;3.267442;7.485397;4.553221;8.043056;3.799261;7.421144;8.684524;7.495940;5.076826;5.997296;5.942605;9.259809;8.587007;7.023541;3.654061
0.260000;-5.583363;2.892210;3.497339;3.530051;2.987916;3.361730;1.824992;3.160587;4.116391;1.576166;5.331203;1.708514;3.277055;2.328295;3.616434;4.062194;2.595000;1.878785;2.944128;3.797041;5.349305;2.809443;3.814557;4.127772;1.671913;3.868350;3.463483;2.688713;3.505673;2.967417;4.814399;3.000264;4.509289;4.893458;4.792861;1.902403;2.975250;1.336741;3.568657;5.677881;4.928981;1.509149;5.127799;1.918477;5.021653;3.267425;4.032987;4.404550;5.604801;3.657368;2.759741;5.389143;2.709477;1.812190;3.118438;3.372563;3.826535;4.578507;1.866255;5.113569;1.349308;2.702396;1.693524;2.580747;4.133692;4.802330;3.456712;4.095538;3.191660;4.741974;5.127020;3.798409;4.286818;3.249992;2.111592;4.547894;2.152178;1.530068;1.578088;5.043975;1.859287;2.441761;4.165605;4.824062;1.500292;4.123264;2.763464;1.688849;4.311201;4.769516;4.888249;3.162599;4.752819;1.471304;3.611660;3.960807;1.624068;5.547486;6.038616;4.184802;3.866025;3.372602;3.017716;2.155511;2.546108;4.020790;3.441973;4.756685;3.884502;4.188987;2.646994;3.411923;2.619347;5.472609;3.617949;4.969150;6.188083;6.079926;9.308095;5.597375;4.556877;9.109825;5.196542;4.725395;4.882741;7.450062;6.483835;7.235567;7.045107;8.922752;8.864861;7.044546;5.358442;5.088517;8.937222;5.298676;4.213191;8.195126;7.100112;6.068159;6.077619;6.541793;7.252835;9.008657;7.273582;7.081727;5.209732;7.935853;7.394969;8.735134;3.678321;4.279612;7.055903;8.440274;5.882905;6.789055;7.151595;8.839539;8.157201;9.382614;7.078976;3.267442;7.485736;4.554051;8.043329;3.799968;7.422275;8.685661;7.497049;5.077159;5.998206;5.943610;9.260941;8.588137;7.023681;3.654061
0.260000;-5.059638;2.877303;3.495269;3.528324;2.986317;3.358566;1.819696;3.153715;4.115471;1.574360;5.329964;1.707027;3.274371;2.328541;3.615106;4.057940;2.556492;1.876066;2.942939;3.793484;5.347312;2.806973;3.813914;4.126075;1.669531;3.865713;3.461319;2.683438;3.503067;2.965604;4.814400;2.996307;4.508070;4.892455;4.792285;1.903109;2.972841;1.335771;3.565191;5.672293;4.926867;1.508536;5.126908;1.917340;5.018108;3.266499;4.032522;4.403547;5.601754;3.656572;2.757717;5.386051;2.708477;1.810959;3.115889;3.370205;3.828936;4.578763;1.864682;5.111217;1.349329;2.699171;1.691016;2.584889;4.132079;4.799902;3.455323;4.092178;3.190882;4.741908;5.124926;3.728205;4.281987;3.246733;2.109988;4.544179;2.150127;1.532209;1.577513;5.041074;1.857698;2.441517;4.165132;4.822780;1.499604;4.119973;2.762077;1.689068;4.320766;4.763978;4.885882;3.159550;4.752308;1.465379;3.610780;3.959419;1.622670;5.542387;6.033887;4.184275;3.862559;3.371849;3.015754;2.153407;2.544722;4.019037;3.439539;4.755641;3.884117;4.186034;2.646994;3.409971;2.617634;5.470457;3.613056;4.961241;6.186728;6.079935;9.306953;5.597204;4.556149;9.107328;5.193663;4.724715;4.881997;7.450451;6.486446;7.228919;7.045121;8.918874;8.861341;7.043447;5.358374;5.084868;8.932922;5.298676;4.221217;8.197267;7.098611;6.067120;6.069104;6.538223;7.242051;9.007336;7.273582;7.081503;5.209093;7.931704;7.392620;8.735032;3.682646;4.276278;7.054477;8.438547;5.881501;6.777008;7.150473;8.838766;8.147023;9.380064;7.076255;3.267441;7.484406;4.545717;8.042720;3.798035;7.417413;8.680074;7.492573;5.076391;5.990321;5.940169;9.255752;8.583086;7.023381;3.654061
0.260000;-5.161819;2.875154;3.491629;3.525179;2.983366;3.353564;1.819219;3.145862;4.113642;1.571098;5.327588;1.704252;3.269923;2.329480;3.620440;4.051847;2.621968;1.871577;2.940639;3.788059;5.343783;2.802802;3.812595;4.122975;1.665469;3.866143;3.457558;2.676526;3.498724;2.962329;4.814400;2.990489;4.505723;4.890477;4.791090;1.904873;2.968746;1.333855;3.559861;5.665156;4.923168;1.507273;5.125128;1.915133;5.012694;3.264658;4.031546;4.401569;5.596881;3.654964;2.754140;5.381127;2.706499;1.808596;3.111613;3.366176;3.826603;4.578879;1.861777;5.107197;1.353936;2.694100;1.686794;2.580175;4.129107;4.795776;3.452698;4.086953;3.189313;4.741426;5.121253;3.798409;4.275411;3.241622;2.107028;4.538596;2.146513;1.534023;1.576321;5.036363;1.854762;2.443331;4.164139;4.820329;1.498198;4.114821;2.759461;1.686717;4.312376;4.756885;4.881845;3.154675;4.751238;1.465528;3.609021;3.956800;1.620033;5.535594;6.027388;4.183172;3.857226;3.373925;3.012267;2.149714;2.542108;4.015858;3.435414;4.753593;3.883301;4.181263;2.646994;3.406494;2.614506;5.466705;3.606429;4.971384;6.184163;6.079920;9.304740;5.596831;4.554668;9.103127;5.188993;4.723333;4.882724;7.450310;6.486656;7.221186;7.048120;8.913132;8.855956;7.041305;5.358690;5.079351;8.926811;5.298676;4.211429;8.194729;7.098383;6.065073;6.060689;6.532787;7.233445;9.004827;7.273585;7.081019;5.207785;7.925709;7.388604;8.733641;3.679616;4.271090;7.051795;8.435400;5.878857;6.768609;7.148289;8.837203;8.138407;9.375793;7.071762;3.267442;7.490112;4.537342;8.041458;3.794591;7.410816;8.672949;7.486285;5.074837;5.982081;5.934868;9.248904;8.576338;7.022738;3.654061
0.260000;-5.128668;2.875607;3.497359;3.530095;2.987967;3.361643;1.819471;3.160107;4.116457;1.576207;5.331266;1.708570;3.277028;2.328633;3.615677;4.061979;2.621968;1.878748;2.944195;3.796910;5.349334;2.809431;3.814615;4.127818;1.671906;3.864870;3.463500;2.688382;3.505644;2.967457;4.814400;3.000084;4.509353;4.893525;4.792917;1.920325;2.975242;1.336806;3.568536;5.677522;4.928999;1.509206;5.127865;1.918542;5.021524;3.267490;4.033035;4.404615;5.604731;3.657432;2.759768;5.389067;2.709542;1.812254;3.118417;3.372561;3.826789;4.578098;1.866306;5.113566;1.350549;2.702305;1.693508;2.581165;4.133744;4.802318;3.456771;4.095437;3.191721;4.741506;5.127040;3.750227;4.286539;3.249897;2.111643;4.547744;2.152201;1.540022;1.578143;5.043919;1.859338;2.442194;4.165654;4.824127;1.500350;4.123167;2.763530;1.689176;4.317641;4.769156;4.888245;3.162526;4.752870;1.475836;3.611725;3.960866;1.624125;5.547174;6.038346;4.184855;3.865906;3.374311;3.017746;2.155534;2.546168;4.020832;3.441962;4.756750;3.884545;4.188928;2.646994;3.411956;2.619392;5.472623;3.617657;4.962571;6.188143;6.080522;9.308158;5.597396;4.556939;9.109810;5.196487;4.725455;4.882051;7.450076;6.487489;7.235103;7.045101;8.922581;8.864737;7.044609;5.358494;5.088376;8.936988;5.298677;4.215193;8.195670;7.098376;6.068227;6.077083;6.541658;7.252446;9.008718;7.273593;7.081756;5.209789;7.935650;7.394964;8.733381;3.680732;4.279506;7.055964;8.440313;5.882962;6.788880;7.151662;8.839600;8.156739;9.382590;7.078935;3.267440;7.488109;4.553514;8.043386;3.799997;7.421990;8.685295;7.496808;5.077220;5.997684;5.943491;9.260617;8.587831;7.023716;3.654060
0.260000;-5.559469;2.889893;3.496671;3.529495;2.987403;3.360721;1.822173;3.158684;4.116098;1.575585;5.330807;1.708036;3.276197;2.328731;3.616920;4.060873;2.594332;1.877914;2.943749;3.795917;5.348664;2.808648;3.814353;4.127225;1.671144;3.866456;3.462785;2.687134;3.504833;2.966834;4.814400;2.999026;4.508900;4.893138;4.792679;1.910652;2.974475;1.336432;3.567559;5.676237;4.928301;1.508956;5.127515;1.918114;5.020534;3.267129;4.032841;4.404229;5.603829;3.657115;2.759089;5.388157;2.709158;1.811795;3.117621;3.371804;3.827182;4.585536;1.865749;5.112813;1.349301;2.701370;1.692720;2.580949;4.133173;4.801550;3.456265;4.094474;3.191413;4.742598;5.126348;3.764735;4.285347;3.248957;2.111076;4.546723;2.151515;1.529981;1.577907;5.043052;1.858777;2.447916;4.165456;4.823651;1.500074;4.122220;2.763020;1.688571;4.315831;4.767876;4.887487;3.161626;4.752657;1.469380;3.611380;3.960362;1.623619;5.545951;6.037169;4.184636;3.864926;3.373659;3.017085;2.154837;2.545663;4.020227;3.441192;4.756351;3.884380;4.188044;2.646994;3.411297;2.618796;5.471914;3.616460;4.961036;6.187647;6.080044;9.307728;5.597322;4.556648;9.109024;5.195622;4.725181;4.882461;7.452618;6.483554;7.233703;7.045132;8.921536;8.863750;7.044195;5.358802;5.087365;8.935884;5.298678;4.214926;8.194847;7.100185;6.067827;6.075506;6.540665;7.250670;9.008233;7.273582;7.081657;5.209530;7.934561;7.394212;8.733320;3.678363;4.278554;7.055448;8.439717;5.882455;6.786995;7.151238;8.839293;8.155012;9.381797;7.078104;3.267442;7.490265;4.551951;8.043136;3.799345;7.420796;8.684013;7.495671;5.076916;5.996161;5.942521;9.259381;8.586610;7.023587;3.654061
0.260000;-4.685885;2.906985;3.497939;3.530538;2.988362;3.362721;1.821537;3.163248;4.116632;1.576679;5.331539;1.708924;3.277874;2.328304;3.614901;4.063620;2.621968;1.879612;2.944453;3.798184;5.349880;2.810186;3.814720;4.128250;1.672621;3.871787;3.464113;2.690589;3.506457;2.967934;4.814400;3.001564;4.509620;4.893723;4.793007;1.902358;2.975966;1.336996;3.569763;5.679904;4.929596;1.509305;5.128034;1.918782;5.022791;3.267669;4.033103;4.404815;5.605749;3.657575;2.760327;5.390108;2.709743;1.812523;3.119202;3.373262;3.827008;4.579636;1.866692;5.114265;1.349559;2.703409;1.694277;2.580138;4.134144;4.803055;3.457093;4.096608;3.191859;4.743008;5.127631;3.798409;4.288492;3.251019;2.112041;4.549097;2.152770;1.533250;1.578234;5.044877;1.859730;2.447888;4.165722;4.824409;1.500468;4.124317;2.763850;1.686761;4.315185;4.771513;4.888950;3.163546;4.752948;1.466797;3.611890;3.961187;1.624452;5.549282;6.040245;4.184937;3.867132;3.371804;3.018279;2.156129;2.546488;4.021285;3.442699;4.756962;3.884598;4.189899;2.646994;3.412487;2.619831;5.473238;3.619650;4.999844;6.188452;6.079861;9.308399;5.597416;4.557066;9.110572;5.197425;4.725568;4.882397;7.451342;6.483508;7.238109;7.045726;8.924020;8.865989;7.044840;5.358599;5.089694;8.938641;5.298677;4.212876;8.194699;7.098576;6.068436;6.081207;6.542937;7.257957;9.009017;7.273585;7.081781;5.209893;7.937228;7.395660;8.733312;3.678299;4.280665;7.056298;8.440763;5.883289;6.795158;7.151897;8.839737;8.161877;9.383378;7.079804;3.267442;7.484273;4.557540;8.043485;3.800518;7.423957;8.687674;7.498570;5.077357;6.001426;5.944705;9.262773;8.589909;7.023754;3.654060
0.260000;-5.505689;2.885495;3.499995;3.532300;2.990011;3.365641;1.819905;3.168757;4.117643;1.578510;5.332856;1.710471;3.280428;2.329930;3.622962;4.067327;2.621968;1.882195;2.945725;3.801395;5.351870;2.812560;3.815446;4.129984;1.674933;3.865382;3.466241;2.695010;3.508944;2.969772;4.814400;3.005066;4.510921;4.894816;4.793664;1.904283;2.978299;1.338054;3.572907;5.684550;4.931687;1.510000;5.129014;1.920004;5.025995;3.268684;4.033640;4.405908;5.608582;3.658460;2.762344;5.392975;2.710835;1.813833;3.121651;3.375554;3.833868;4.589512;1.868315;5.116552;1.349748;2.706376;1.696690;2.579403;4.135805;4.805409;3.458552;4.099679;3.192725;4.742406;5.129705;3.798409;4.292603;3.254013;2.113694;4.552425;2.154807;1.550092;1.578889;5.047602;1.861371;2.441923;4.166267;4.825775;1.501240;4.127327;2.765309;1.688118;4.311231;4.776114;4.891247;3.166381;4.753534;1.473381;3.612862;3.962644;1.625919;5.553586;6.044289;4.185543;3.870277;3.371815;3.020245;2.158214;2.547942;4.023069;3.445053;4.758093;3.885046;4.192664;2.646994;3.414445;2.621581;5.475360;3.623812;4.960486;6.189881;6.079962;9.309625;5.597619;4.557881;9.112971;5.200126;4.726330;4.882085;7.450080;6.483747;7.243464;7.045426;8.927471;8.869172;7.046024;5.358385;5.092975;8.942385;5.298677;4.230840;8.194568;7.098360;6.069569;6.087873;6.546159;7.266337;9.010411;7.273589;7.082046;5.210614;7.940870;7.397949;8.733421;3.678602;4.283713;7.057791;8.442525;5.884761;6.804600;7.153107;8.840598;8.169769;9.385818;7.082387;3.267441;7.484910;4.564069;8.044179;3.802456;7.428093;8.692310;7.502444;5.078214;6.007641;5.947831;9.267139;8.594176;7.024106;3.654061
0.260000;-4.741865;2.900101;3.497260;3.529974;2.987841;3.361676;1.819487;3.161058;4.116337;1.576090;5.331137;1.708441;3.276989;2.329141;3.618891;4.062219;2.618699;1.878717;2.944065;3.797010;5.349227;2.809365;3.814516;4.127694;1.671835;3.869276;3.463399;2.688870;3.505601;2.967340;4.814400;3.000262;4.509224;4.893401;4.792824;1.902748;2.975173;1.336684;3.568619;5.678083;4.928901;1.509110;5.127747;1.918414;5.021621;3.267371;4.032956;4.404492;5.604745;3.657319;2.759662;5.389087;2.709421;1.812124;3.118364;3.372485;3.827825;4.579433;1.866178;5.113491;1.349354;2.702345;1.693450;2.581092;4.133616;4.802255;3.456642;4.095497;3.191610;4.741508;5.126943;3.767025;4.286913;3.249944;2.111516;4.547874;2.152098;1.541718;1.578051;5.043919;1.859213;2.442329;4.165573;4.823996;1.500248;4.123221;2.763402;1.690236;4.312305;4.769714;4.888171;3.162539;4.752786;1.466743;3.611608;3.960737;1.623999;5.547617;6.038696;4.184770;3.865986;3.373414;3.017637;2.155437;2.546039;4.020711;3.441896;4.756625;3.884476;4.188928;2.646994;3.411849;2.619272;5.472532;3.618050;4.977903;6.188013;6.080956;9.308029;5.597363;4.556832;9.109745;5.196474;4.725351;4.882560;7.450534;6.483705;7.235980;7.048687;8.922749;8.864826;7.044483;5.358620;5.088490;8.937237;5.298677;4.231813;8.194589;7.099174;6.068102;6.078574;6.541761;7.254768;9.008590;7.273585;7.081711;5.209691;7.935869;7.394890;8.733828;3.678676;4.279566;7.055834;8.440201;5.882835;6.791700;7.151531;8.839491;8.158828;9.382534;7.078902;3.267442;7.485439;4.554947;8.043290;3.799886;7.422370;8.685864;7.497100;5.077112;5.998956;5.943569;9.261085;8.588259;7.023659;3.654060
0.260000;-5.121282;2.875724;3.494890;3.527969;2.985976;3.358183;1.819293;3.154083;4.115231;1.574000;5.329670;1.706700;3.273974;2.328521;3.616385;4.057662;2.412964;1.875671;2.942652;3.793127;5.346939;2.806578;3.813733;4.125724;1.669137;3.868260;3.460936;2.683347;3.502670;2.965242;4.814400;2.995992;4.507779;4.892199;4.792120;1.902311;2.972446;1.335522;3.564826;5.672270;4.926486;1.508360;5.126672;1.917062;5.017750;3.266259;4.032383;4.403290;5.601363;3.656356;2.757340;5.385664;2.708220;1.810666;3.115490;3.369814;3.843172;4.580491;1.864345;5.110825;1.351038;2.698791;1.690621;2.579524;4.131737;4.799506;3.455007;4.091807;3.190672;4.741673;5.124547;3.690441;4.281806;3.246354;2.109646;4.543837;2.149747;1.544385;1.577348;5.040681;1.857356;2.441515;4.164991;4.822479;1.499412;4.119599;2.761768;1.686928;4.311107;4.763948;4.885491;3.159162;4.752158;1.465936;3.610548;3.959103;1.622353;5.542259;6.033687;4.184117;3.862195;3.373812;3.015382;2.153028;2.544408;4.018681;3.439144;4.755377;3.884000;4.185641;2.646994;3.409598;2.617282;5.470072;3.612885;4.960953;6.186418;6.080682;9.306672;5.597148;4.555950;9.106934;5.193271;4.724529;4.884581;7.453716;6.485636;7.229211;7.045169;8.918550;8.860983;7.043175;5.358494;5.084519;8.932653;5.298677;4.213752;8.194567;7.098984;6.066856;6.070160;6.537867;7.244432;9.007032;7.273589;7.081431;5.208915;7.931414;7.392225;8.736794;3.681324;4.275903;7.054157;8.438193;5.881186;6.780328;7.150198;8.838556;8.149009;9.379673;7.075856;3.267442;7.484202;4.546682;8.042545;3.797662;7.417238;8.680055;7.492324;5.076182;5.991089;5.939801;9.255643;8.582947;7.023287;3.654061
0.260000;-4.903316;2.885483;3.494980;3.528054;2.986058;3.358280;1.819271;3.154174;4.115291;1.574084;5.329741;1.706780;3.274072;2.330797;3.615747;4.057760;2.342335;1.875765;2.942722;3.793226;5.347027;2.806674;3.813779;4.125809;1.669232;3.866834;3.461027;2.683442;3.502766;2.965329;4.814400;2.996091;4.507851;4.892264;4.792163;1.902915;2.972542;1.335584;3.564925;5.672371;4.926577;1.508408;5.126733;1.917131;5.017849;3.266318;4.032420;4.403354;5.601464;3.656411;2.757430;5.385763;2.708284;1.810738;3.115587;3.369907;3.826424;4.578036;1.864428;5.110918;1.349709;2.698890;1.690716;2.579575;4.131820;4.799599;3.455084;4.091904;3.190726;4.742304;5.124636;3.692225;4.281903;3.246454;2.109727;4.543936;2.149839;1.531847;1.577392;5.040776;1.857439;2.453077;4.165029;4.822551;1.499461;4.119693;2.761842;1.686090;4.326101;4.764044;4.885584;3.159260;4.752197;1.466478;3.610606;3.959181;1.622431;5.542346;6.033782;4.184160;3.862290;3.371862;3.015470;2.153116;2.544486;4.018767;3.439242;4.755443;3.884032;4.185735;2.646994;3.409681;2.617364;5.470167;3.612983;4.969242;6.186493;6.080694;9.306743;5.597165;4.556000;9.107029;5.193369;4.724579;4.882249;7.450290;6.483445;7.229306;7.045115;8.918652;8.861084;7.043243;5.358481;5.084620;8.932747;5.298676;4.229090;8.194729;7.099829;6.066920;6.070245;6.537967;7.244502;9.007106;7.273589;7.081451;5.208962;7.931511;7.392322;8.734752;3.680102;4.276004;7.054235;8.438278;5.881258;6.780391;7.150266;8.838609;8.149079;9.379768;7.075952;3.267442;7.484216;4.546767;8.042591;3.797752;7.417335;8.680152;7.492425;5.076236;5.991176;5.939902;9.255740;8.583041;7.023313;3.654060
0.260000;-5.040095;2.877967;3.491894;3.525423;2.983601;3.353839;1.820400;3.145710;4.113805;1.571349;5.327792;1.704479;3.270202;2.328402;3.614609;4.052064;2.563284;1.871858;2.940835;3.788322;5.344045;2.803078;3.812718;4.123217;1.665745;3.867809;3.457827;2.676632;3.499001;2.962579;4.814400;2.990731;4.505922;4.890654;4.791203;1.904294;2.969022;1.334023;3.560128;5.665218;4.923434;1.507392;5.125288;1.915324;5.012954;3.264824;4.031639;4.401744;5.597157;3.655110;2.754402;5.381404;2.706674;1.808797;3.111890;3.366450;3.830009;4.580807;1.862010;5.107471;1.349540;2.694373;1.687073;2.587020;4.129343;4.796052;3.452917;4.087224;3.189456;4.743229;5.121519;3.758829;4.275574;3.241895;2.107264;4.538850;2.146777;1.529969;1.576434;5.036642;1.854998;2.442686;4.164235;4.820536;1.498328;4.115093;2.759676;1.687348;4.311052;4.756958;4.882120;3.154952;4.751341;1.467510;3.609179;3.957016;1.620252;5.535722;6.027563;4.183275;3.857496;3.372883;3.012527;2.149982;2.542325;4.016104;3.435688;4.753773;3.883381;4.181547;2.646994;3.406752;2.614750;5.466973;3.606583;4.961992;6.184378;6.079995;9.304930;5.596870;4.554806;9.103402;5.189272;4.723461;4.882898;7.450492;6.483460;7.221072;7.046081;8.913380;8.856224;7.041492;5.358601;5.079612;8.927029;5.298676;4.209547;8.194575;7.105736;6.065255;6.060152;6.533050;7.232197;9.005039;7.273582;7.081067;5.207909;7.925936;7.388880;8.733762;3.678289;4.271359;7.052015;8.435652;5.879078;6.766878;7.148479;8.837348;8.137367;9.376076;7.072039;3.267441;7.486855;4.536845;8.041577;3.794850;7.410973;8.673016;7.486486;5.074981;5.981699;5.935133;9.249026;8.576474;7.022800;3.654061
0.260000;-5.292123;2.875924;3.494701;3.527828;2.985849;3.357815;1.819834;3.152665;4.115174;1.573846;5.329584;1.706587;3.273690;2.328470;3.621823;4.057059;2.423648;1.875382;2.942568;3.792681;5.346762;2.806331;3.813698;4.125586;1.668905;3.868197;3.460735;2.682467;3.502400;2.965090;4.814400;2.995459;4.507692;4.892134;4.792087;1.903879;2.972211;1.335461;3.564399;5.671294;4.926291;1.508328;5.126619;1.916985;5.017307;3.266201;4.032361;4.403226;5.601022;3.656309;2.757159;5.385311;2.708154;1.810579;3.115229;3.369584;3.828344;4.578597;1.864222;5.110596;1.349661;2.698412;1.690370;2.579427;4.131609;4.799264;3.454904;4.091403;3.190626;4.743440;5.124356;3.790488;4.281054;3.245967;2.109519;4.543357;2.149566;1.529775;1.577317;5.040358;1.857233;2.442616;4.164968;4.822387;1.499373;4.119199;2.761661;1.690010;4.312358;4.762991;4.885261;3.158816;4.752131;1.467575;3.610495;3.959001;1.622248;5.541426;6.032961;4.184093;3.861767;3.371911;3.015210;2.152833;2.544307;4.018537;3.438904;4.755310;3.883982;4.185311;2.646994;3.409427;2.617140;5.469875;3.612112;4.962143;6.186318;6.079873;9.306595;5.597142;4.555907;9.106683;5.192959;4.724491;4.882159;7.451197;6.484326;7.227879;7.047295;8.918030;8.860545;7.043101;5.358376;5.084054;8.932043;5.298676;4.236370;8.194641;7.098417;6.066789;6.068029;6.537419;7.241028;9.006933;7.273582;7.081422;5.208880;7.930830;7.391999;8.737200;3.678290;4.275503;7.054050;8.438049;5.881081;6.776052;7.150122;8.838511;8.145980;9.379415;7.075572;3.267442;7.485038;4.544640;8.042511;3.797497;7.416480;8.679087;7.491668;5.076137;5.989251;5.939383;9.254791;8.582131;7.023274;3.654061
0.260000;-4.959352;2.882036;3.497498;3.530185;2.988043;3.361982;1.819224;3.161817;4.116477;1.576304;5.331308;1.708634;3.277266;2.330087;3.621385;4.062617;2.598723;1.878994;2.944233;3.797350;5.349457;2.809630;3.814621;4.127903;1.672095;3.864357;3.463643;2.689377;3.505868;2.967559;4.814400;3.000632;4.509394;4.893550;4.792920;1.902369;2.975434;1.336828;3.568953;5.678645;4.929142;1.509211;5.127882;1.918576;5.021958;3.267509;4.033038;4.404640;5.605049;3.657445;2.759896;5.389393;2.709569;1.812293;3.118633;3.372743;3.837000;4.581096;1.866379;5.113748;1.349363;2.702662;1.693716;2.579546;4.133820;4.802516;3.456826;4.095822;3.191734;4.741420;5.127181;3.798409;4.287367;3.250262;2.111721;4.548226;2.152333;1.531411;1.578148;5.044208;1.859414;2.448454;4.165656;4.824171;1.500357;4.123541;2.763587;1.697132;4.326875;4.770257;4.888428;3.162844;4.752873;1.465775;3.611742;3.960921;1.624182;5.548102;6.039142;4.184859;3.866319;3.372088;3.017866;2.155677;2.546222;4.020926;3.442159;4.756778;3.884545;4.189225;2.646994;3.412075;2.619480;5.472773;3.618515;4.960606;6.188194;6.079872;9.308190;5.597395;4.556949;9.110017;5.196768;4.725463;4.882364;7.450126;6.484498;7.236703;7.045416;8.923119;8.865171;7.044642;5.358370;5.088840;8.937646;5.298677;4.218016;8.195157;7.108439;6.068256;6.079718;6.542103;7.256692;9.008768;7.273582;7.081753;5.209795;7.936261;7.395146;8.733384;3.678642;4.279891;7.056021;8.440405;5.883020;6.794187;7.151693;8.839612;8.160514;9.382809;7.079188;3.267442;7.484215;4.556043;8.043391;3.800115;7.422830;8.686410;7.497519;5.077232;5.999942;5.943900;9.261581;8.588742;7.023715;3.654062
0.260000;-4.905920;2.885465;3.490341;3.524085;2.982346;3.351674;1.820224;3.142057;4.113028;1.569957;5.326781;1.703299;3.268291;2.328263;3.614899;4.049384;2.621968;1.869927;2.939858;3.785964;5.342538;2.801292;3.812157;4.121898;1.664004;3.868207;3.456217;2.673532;3.497134;2.961185;4.814400;2.988182;4.504927;4.889813;4.790695;1.902327;2.967267;1.333210;3.557813;5.662000;4.921854;1.506855;5.124532;1.914387;5.010606;3.264042;4.031224;4.400904;5.595054;3.654429;2.752875;5.379277;2.705836;1.807792;3.110054;3.364727;3.834245;4.584536;1.860772;5.105750;1.349424;2.692179;1.685263;2.580066;4.128078;4.794284;3.451804;4.084960;3.188789;4.741702;5.119951;3.798409;4.272648;3.239683;2.106004;4.536415;2.145236;1.530295;1.575927;5.034615;1.853748;2.441617;4.163814;4.819494;1.497732;4.112859;2.758559;1.688538;4.319482;4.753757;4.880391;3.152849;4.750887;1.475745;3.608430;3.955902;1.619132;5.532690;6.024678;4.182806;3.855177;3.372360;3.011039;2.148406;2.541214;4.014750;3.433923;4.752904;3.883034;4.179488;2.646994;3.405279;2.613420;5.465371;3.603635;4.980528;6.183288;6.079862;9.303992;5.596711;4.554177;9.101600;5.187261;4.722875;4.881903;7.450413;6.483628;7.217494;7.048560;8.910867;8.853886;7.040584;5.359426;5.077205;8.924330;5.298678;4.210239;8.194568;7.098417;6.064388;6.056060;6.530683;7.227696;9.003975;7.273582;7.080861;5.207353;7.923306;7.387155;8.736070;3.680701;4.269110;7.050875;8.434303;5.877952;6.762261;7.147552;8.836683;8.132953;9.374246;7.070108;3.267442;7.488801;4.532795;8.041040;3.793383;7.408040;8.669808;7.483705;5.074320;5.977764;5.932832;9.245955;8.573462;7.022527;3.654061
0.260000;-5.161087;2.875121;3.489990;3.523770;2.982046;3.351242;1.820078;3.141388;4.112825;1.569635;5.326530;1.703013;3.267891;2.328787;3.616343;4.048889;2.348910;1.869526;2.939613;3.785505;5.342197;2.800905;3.812005;4.121586;1.663628;3.865682;3.455860;2.672979;3.496745;2.960861;4.814400;2.987705;4.504677;4.889596;4.790555;1.903891;2.966887;1.332999;3.557359;5.661426;4.921501;1.506709;5.124333;1.914150;5.010148;3.263837;4.031107;4.400687;5.594627;3.654248;2.752531;5.378848;2.705619;1.807541;3.109663;3.364351;3.864472;4.584105;1.860476;5.105375;1.354445;2.691742;1.684874;2.580063;4.127777;4.793904;3.451529;4.084515;3.188612;4.745290;5.119597;3.704160;4.272121;3.239242;2.105704;4.535947;2.144887;1.545384;1.575790;5.034198;1.853449;2.442140;4.163696;4.819237;1.497571;4.112422;2.758290;1.690392;4.318025;4.753186;4.880014;3.152422;4.750761;1.503850;3.608235;3.955630;1.618857;5.532147;6.024157;4.182677;3.854726;3.376384;3.010700;2.148054;2.540941;4.014432;3.433537;4.752679;3.882934;4.179065;2.646994;3.404934;2.613108;5.465013;3.603100;4.968969;6.183017;6.079886;9.303750;5.596664;4.554006;9.101213;5.186846;4.722715;4.882133;7.452903;6.483441;7.216837;7.045413;8.910387;8.853427;7.040350;5.358463;5.076744;8.923826;5.298678;4.220614;8.199099;7.102759;6.064164;6.055186;6.530224;7.226344;9.003706;7.273574;7.080801;5.207201;7.922808;7.386781;8.733369;3.681973;4.268666;7.050597;8.433986;5.877679;6.760485;7.147316;8.836507;8.131759;9.373849;7.069704;3.267441;7.484175;4.531947;8.040895;3.793045;7.407509;8.669230;7.483197;5.074143;5.976977;5.932379;9.245409;8.572920;7.022449;3.654061
0.260000;-4.562356;2.923780;3.495914;3.528790;2.986722;3.359926;1.819199;3.158976;4.115623;1.574864;5.330221;1.707384;3.275391;2.328304;3.614777;4.060230;2.621968;1.877110;2.943177;3.795159;5.347914;2.807855;3.813994;4.126526;1.670357;3.864377;3.462012;2.686768;3.504031;2.966112;4.814400;2.998323;4.508319;4.892632;4.792352;1.904277;2.973681;1.335936;3.566792;5.675980;4.927535;1.508610;5.127051;1.917561;5.019771;3.266651;4.032568;4.403722;5.603030;3.656688;2.758335;5.387361;2.708652;1.811214;3.116817;3.371016;3.831025;4.587562;1.865077;5.112023;1.349346;2.700580;1.691921;2.582593;4.132490;4.800759;3.455637;4.093695;3.190995;4.741499;5.125583;3.765002;4.284846;3.248169;2.110397;4.545986;2.150761;1.563325;1.577580;5.042245;1.858098;2.443654;4.165178;4.823054;1.499694;4.121437;2.762397;1.690352;4.316015;4.767603;4.886697;3.160828;4.752361;1.472039;3.610920;3.959734;1.622989;5.545530;6.036642;4.184331;3.864158;3.371804;3.016339;2.154071;2.545038;4.019515;3.440399;4.755830;3.884150;4.187241;2.646994;3.410551;2.618093;5.471145;3.615980;5.001882;6.187030;6.080544;9.307175;5.597212;4.556249;9.108226;5.194817;4.724807;4.882607;7.450349;6.489731;7.233890;7.048527;8.920823;8.862989;7.043653;5.358453;5.086623;8.935249;5.298676;4.213502;8.194571;7.099719;6.067308;6.076719;6.539908;7.253516;9.007624;7.273578;7.081517;5.209174;7.933896;7.393424;8.736227;3.680321;4.277772;7.054808;8.439011;5.881822;6.790905;7.150688;8.838877;8.157386;9.380997;7.077296;3.267441;7.484304;4.553054;8.042792;3.798602;7.420301;8.683748;7.495080;5.076501;5.996994;5.941749;9.258990;8.586176;7.023403;3.654061
0.260000;-5.181178;2.875015;3.497997;3.530584;2.988405;3.362807;1.819198;3.163468;4.116656;1.576727;5.331570;1.708964;3.277948;2.328477;3.614576;4.063742;2.581856;1.879686;2.944483;3.798284;5.349933;2.810250;3.814736;4.128294;1.672682;3.865112;3.464171;2.690748;3.506529;2.967983;4.814400;3.001679;4.509651;4.893750;4.793021;1.903607;2.976033;1.337021;3.569862;5.680076;4.929653;1.509319;5.128056;1.918812;5.022892;3.267693;4.033115;4.404841;5.605833;3.657594;2.760383;5.390195;2.709768;1.812555;3.119277;3.373326;3.826772;4.583767;1.866734;5.114330;1.349508;2.703501;1.694345;2.586728;4.134187;4.803121;3.457130;4.096702;3.191879;4.741488;5.127687;3.767319;4.288635;3.251112;2.112083;4.549206;2.152825;1.529855;1.578249;5.044958;1.859772;2.443499;4.165735;4.824447;1.500485;4.124403;2.763884;1.686154;4.311482;4.771683;4.889015;3.163633;4.752961;1.468399;3.611913;3.961224;1.624489;5.549436;6.040386;4.184950;3.867230;3.372020;3.018334;2.156184;2.546525;4.021332;3.442765;4.756989;3.884607;4.189985;2.646994;3.412539;2.619877;5.473296;3.619795;4.963947;6.188488;6.079983;9.308429;5.597420;4.557085;9.110639;5.197506;4.725584;4.881995;7.450167;6.484136;7.238324;7.046659;8.924145;8.866092;7.044868;5.358728;5.089801;8.938777;5.298678;4.210165;8.194669;7.103756;6.068465;6.081509;6.543040;7.258394;9.009052;7.273585;7.081787;5.209910;7.937355;7.395725;8.733887;3.678722;4.280762;7.056335;8.440811;5.883328;6.795692;7.151927;8.839757;8.162267;9.383447;7.079879;3.267442;7.486928;4.557829;8.043501;3.800571;7.424101;8.687845;7.498703;5.077377;6.001695;5.944805;9.262931;8.590061;7.023762;3.654060
0.260000;-5.206786;2.874947;3.492451;3.525927;2.984080;3.354501;1.820319;3.146242;4.114128;1.571865;5.328193;1.704934;3.270834;2.329082;3.614728;4.052758;2.621968;1.872489;2.941227;3.789004;5.344592;2.803685;3.812958;4.123715;1.666344;3.864525;3.458392;2.677296;3.499624;2.963098;4.814400;2.991422;4.506321;4.890997;4.791420;1.914618;2.969622;1.334360;3.560806;5.665866;4.923998;1.507622;5.125602;1.915702;5.013639;3.265147;4.031820;4.402087;5.597816;3.655398;2.754953;5.382064;2.707020;1.809197;3.112504;3.367046;3.837994;4.578117;1.862483;5.108066;1.349301;2.695042;1.687685;2.579962;4.129825;4.796653;3.453353;4.087902;3.189738;4.741490;5.122080;3.680278;4.276253;3.242563;2.107744;4.539536;2.147332;1.540846;1.576653;5.037294;1.855473;2.445560;4.164419;4.820949;1.498583;4.115764;2.760113;1.687175;4.311774;4.757604;4.882715;3.155610;4.751537;1.472788;3.609490;3.957452;1.620691;5.536397;6.028246;4.183479;3.858173;3.376000;3.013068;2.150545;2.542761;4.016611;3.436293;4.754128;3.883533;4.182195;2.646994;3.407293;2.615252;5.467543;3.607261;4.960568;6.184806;6.080340;9.305309;5.596941;4.555071;9.104013;5.189918;4.723711;4.882981;7.450545;6.486138;7.221627;7.047928;8.914062;8.856905;7.041862;5.358392;5.080296;8.927715;5.298676;4.209763;8.194827;7.098397;6.065608;6.060466;6.533731;7.232117;9.005461;7.273593;7.081159;5.208145;7.926627;7.389470;8.733475;3.681267;4.272033;7.052461;8.436147;5.879517;6.766524;7.148853;8.837626;8.137405;9.376689;7.072668;3.267442;7.488058;4.537186;8.041806;3.795387;7.411653;8.673659;7.487172;5.075258;5.982108;5.935812;9.249688;8.577147;7.022922;3.654060
0.260000;-5.250785;2.875241;3.495963;3.528911;2.986864;3.359607;1.819570;3.156186;4.115799;1.574973;5.330397;1.707538;3.275259;2.330051;3.617644;4.059355;2.614907;1.876968;2.943356;3.794660;5.347984;2.807793;3.814149;4.126653;1.670326;3.871237;3.462043;2.685237;3.503929;2.966218;4.814400;2.997618;4.508494;4.892811;4.792497;1.902493;2.973640;1.336116;3.566337;5.674215;4.927576;1.508761;5.127225;1.917740;5.019280;3.266829;4.032695;4.403902;5.602762;3.656858;2.758397;5.387072;2.708831;1.811388;3.116728;3.370991;3.827822;4.582241;1.865220;5.112000;1.349387;2.700234;1.691850;2.579369;4.132630;4.800704;3.455802;4.093288;3.191163;4.743400;5.125629;3.798409;4.283616;3.247808;2.110536;4.545407;2.150816;1.536845;1.577725;5.042033;1.858241;2.442679;4.165308;4.823226;1.499854;4.121059;2.762556;1.686313;4.314921;4.765882;4.886671;3.160557;4.752497;1.466799;3.611095;3.959898;1.623152;5.544111;6.035477;4.184470;3.863701;3.375990;3.016415;2.154114;2.545202;4.019632;3.440347;4.756010;3.884261;4.187007;2.646994;3.410625;2.618215;5.471177;3.614709;4.962197;6.187199;6.080482;9.307353;5.597270;4.556414;9.108158;5.194616;4.724966;4.882420;7.450087;6.484896;7.231297;7.045249;8.920165;8.862507;7.043834;5.358965;5.086076;8.934359;5.298677;4.214010;8.194909;7.098487;6.067487;6.072389;6.539402;7.246667;9.007795;7.273585;7.081589;5.209326;7.933087;7.393398;8.733358;3.680279;4.277382;7.054970;8.439133;5.881988;6.782495;7.150869;8.839045;8.151258;9.380915;7.077154;3.267441;7.484804;4.548903;8.042944;3.798687;7.419055;8.682000;7.494075;5.076668;5.993278;5.941306;9.257519;8.584799;7.023495;3.654062
0.260000;-5.381221;2.878799;3.491402;3.524972;2.983167;3.353288;1.819401;3.145264;4.113497;1.570887;5.327415;1.704062;3.269667;2.328902;3.616063;4.051515;2.621968;1.871321;2.940471;3.787767;5.343564;2.802554;3.812484;4.122769;1.665227;3.870290;3.457327;2.676116;3.498471;2.962118;4.814400;2.990178;4.505552;4.890327;4.790989;1.902523;2.968503;1.333707;3.559571;5.664718;4.922939;1.507166;5.124988;1.914969;5.012402;3.264515;4.031458;4.401419;5.596610;3.654835;2.753915;5.380856;2.706350;1.808423;3.111363;3.365937;3.826833;4.578431;1.861579;5.106957;1.349453;2.693820;1.686548;2.579470;4.128909;4.795528;3.452517;4.086670;3.189186;4.741429;5.121027;3.798409;4.275037;3.241340;2.106829;4.538291;2.146290;1.533902;1.576220;5.036101;1.854564;2.441962;4.164053;4.820153;1.498082;4.114538;2.759274;1.687256;4.311982;4.756451;4.881603;3.154407;4.751145;1.475836;3.608881;3.956615;1.619848;5.535202;6.027023;4.183075;3.856937;3.372244;3.012047;2.149487;2.541924;4.015649;3.435171;4.753438;3.883228;4.180995;2.646994;3.406277;2.614300;5.466475;3.606048;4.962283;6.183978;6.079866;9.304574;5.596797;4.554547;9.102879;5.188728;4.723219;4.883299;7.450243;6.484667;7.220614;7.045103;8.912821;8.855665;7.041145;5.358482;5.079054;8.926474;5.298676;4.212788;8.194738;7.098878;6.064918;6.059773;6.532492;7.231867;9.004647;7.273589;7.080973;5.207675;7.925384;7.388364;8.733341;3.678550;4.270805;7.051608;8.435188;5.878671;6.766528;7.148128;8.837077;8.137033;9.375548;7.071502;3.267442;7.484611;4.536465;8.041351;3.794375;7.410438;8.672511;7.485938;5.074710;5.981299;5.934577;9.248505;8.575947;7.022678;3.654061
0.260000;-5.675200;2.901535;3.496941;3.529706;2.987592;3.361202;1.819601;3.160164;4.116193;1.575809;5.330944;1.708210;3.276579;2.329709;3.614695;4.061605;2.556602;1.878304;2.943880;3.796484;5.348919;2.808991;3.814416;4.127432;1.671471;3.864532;3.463071;2.688135;3.505201;2.967060;4.814399;2.999687;4.509034;4.893244;4.792734;1.902318;2.974805;1.336532;3.568106;5.677320;4.928576;1.509014;5.127606;1.918237;5.021097;3.267225;4.032884;4.404335;5.604289;3.657194;2.759350;5.388623;2.709264;1.811932;3.117974;3.372126;3.826188;4.588451;1.865936;5.113131;1.349560;2.701863;1.693067;2.579884;4.133367;4.801885;3.456426;4.094996;3.191489;4.743104;5.126619;3.769999;4.286229;3.249459;2.111267;4.547327;2.151782;1.532000;1.577961;5.043477;1.858965;2.442524;4.165499;4.823796;1.500139;4.122730;2.763180;1.695135;4.313263;4.768951;4.887809;3.162082;4.752706;1.465954;3.611470;3.960520;1.623780;5.546902;6.038024;4.184687;3.865473;3.371809;3.017335;2.155113;2.545823;4.020441;3.441526;4.756462;3.884416;4.188484;2.646994;3.411545;2.619005;5.472199;3.617360;4.963758;6.187803;6.079951;9.307853;5.597336;4.556720;9.109367;5.196043;4.725247;4.882570;7.450243;6.488811;7.235109;7.049381;8.922175;8.864308;7.044313;5.359001;5.087957;8.936625;5.298678;4.211237;8.194961;7.100160;6.067940;6.077539;6.541235;7.253581;9.008382;7.273578;7.081676;5.209593;7.935266;7.394528;8.736826;3.678573;4.279070;7.055612;8.439930;5.882617;6.790438;7.151357;8.839371;8.157679;9.382150;7.078490;3.267442;7.485996;4.553930;8.043193;3.799587;7.421684;8.685101;7.496460;5.076992;5.997973;5.943060;9.260360;8.587552;7.023613;3.654061
0.260000;-5.224361;2.875021;3.492914;3.526324;2.984452;3.355163;1.819272;3.147364;4.114353;1.572280;5.328489;1.705285;3.271409;2.328912;3.615081;4.053581;2.424079;1.873075;2.941512;3.789726;5.345042;2.804223;3.813117;4.124106;1.666861;3.864445;3.458874;2.678250;3.500187;2.963514;4.814400;2.992202;4.506613;4.891241;4.791567;1.902415;2.970152;1.334597;3.561515;5.666860;4.924472;1.507776;5.125822;1.915977;5.014361;3.265373;4.031939;4.402332;5.598455;3.655595;2.755409;5.382712;2.707262;1.809492;3.113061;3.367565;3.826099;4.577986;1.862850;5.108584;1.349486;2.695711;1.688232;2.579478;4.130201;4.797189;3.453682;4.088589;3.189930;4.742424;5.122550;3.798409;4.277156;3.243241;2.108118;4.540282;2.147796;1.531844;1.576797;5.037906;1.855842;2.441682;4.164539;4.821254;1.498755;4.116447;2.760441;1.697474;4.311468;4.758591;4.883235;3.156250;4.751667;1.479037;3.609706;3.957780;1.621021;5.537331;6.029133;4.183613;3.858880;3.371810;3.013513;2.151016;2.543087;4.017014;3.436828;4.754382;3.883632;4.182824;2.646994;3.407738;2.615648;5.468023;3.608171;5.006317;6.185127;6.084051;9.305585;5.596985;4.555253;9.104557;5.190530;4.723882;4.881889;7.453584;6.485504;7.222727;7.045232;8.914835;8.857621;7.042126;5.358431;5.081031;8.928550;5.298678;4.218535;8.195349;7.101004;6.065859;6.061697;6.534454;7.233414;9.005774;7.273585;7.081217;5.208306;7.927438;7.389988;8.733507;3.678900;4.272720;7.052797;8.436547;5.879847;6.767809;7.149124;8.837816;8.138694;9.377244;7.073256;3.267443;7.484584;4.538417;8.041960;3.795828;7.412559;8.674653;7.488026;5.075449;5.983305;5.936519;9.250639;8.578076;7.022999;3.654060
0.260000;-5.090135;2.876570;3.496138;3.528984;2.986905;3.360236;1.820316;3.159428;4.115734;1.575065;5.330367;1.707555;3.275671;2.329562;3.614572;4.060595;2.598928;1.877384;2.943320;3.795489;5.348132;2.808112;3.814075;4.126718;1.670606;3.864551;3.462247;2.687174;3.504299;2.966315;4.814400;2.998677;4.508464;4.892752;4.792423;1.902578;2.973936;1.336054;3.567116;5.676393;4.927764;1.508686;5.127160;1.917697;5.020103;3.266763;4.032626;4.403843;5.603326;3.656786;2.758557;5.387662;2.708772;1.811358;3.117082;3.371265;3.826718;4.578713;1.865257;5.112272;1.350344;2.700891;1.692182;2.580902;4.132676;4.801016;3.455801;4.094014;3.191091;4.746384;5.125811;3.755845;4.285235;3.248481;2.110580;4.546325;2.150981;1.538831;1.577651;5.042536;1.858281;2.443369;4.165238;4.823205;1.499778;4.121752;2.762558;1.699182;4.313720;4.768014;4.886948;3.161127;4.752426;1.469380;3.611026;3.959895;1.623151;5.545929;6.037026;4.184398;3.864484;3.372149;3.016555;2.154301;2.545198;4.019714;3.440652;4.755955;3.884198;4.187533;2.646994;3.410766;2.618286;5.471378;3.616369;4.964122;6.187187;6.079861;9.307305;5.597236;4.556339;9.108485;5.195107;4.724889;4.882841;7.450286;6.491334;7.234332;7.045653;8.921170;8.863309;7.043787;5.358426;5.086953;8.935619;5.298678;4.231065;8.194568;7.098981;6.067435;6.077225;6.540237;7.254146;9.007782;7.273582;7.081544;5.209253;7.934256;7.393671;8.733367;3.678628;4.278088;7.054975;8.439209;5.881986;6.791665;7.150824;8.838970;8.157972;9.381260;7.077577;3.267442;7.484628;4.553556;8.042868;3.798817;7.420691;8.684165;7.495451;5.076594;5.997473;5.942072;9.259392;8.586572;7.023441;3.654061
0.260000;-5.200256;2.874954;3.497685;3.530315;2.988153;3.362413;1.822094;3.163517;4.116509;1.576445;5.331371;1.708728;3.277578;2.328301;3.615429;4.063355;2.621968;1.879315;2.944291;3.797881;5.349629;2.809891;3.814635;4.128027;1.672338;3.873400;3.463847;2.690458;3.506166;2.967702;4.814400;3.001277;4.509456;4.893589;4.792930;1.902652;2.975685;1.336864;3.569459;5.679831;4.929338;1.509223;5.127913;1.918629;5.022489;3.267542;4.033041;4.404679;5.605444;3.657467;2.760075;5.389802;2.709607;1.812357;3.118914;3.372985;3.831290;4.578222;1.866485;5.113989;1.349329;2.703100;1.693990;2.580455;4.133933;4.802774;3.456908;4.096302;3.191755;4.741398;5.127372;3.798409;4.288291;3.250713;2.111831;4.548802;2.152517;1.541778;1.578158;5.044568;1.859522;2.458843;4.165660;4.824238;1.500375;4.124001;2.763665;1.687392;4.311174;4.771432;4.888672;3.163240;4.752880;1.475836;3.611771;3.961002;1.624265;5.549122;6.040030;4.184865;3.866824;3.371911;3.018034;2.155868;2.546304;4.021058;3.442415;4.756820;3.884547;4.189595;2.646994;3.412239;2.619609;5.472976;3.619463;4.967906;6.188272;6.082926;9.308246;5.597395;4.556968;9.110288;5.197124;4.725478;4.881988;7.451500;6.485874;7.238312;7.054182;8.923738;8.865692;7.044691;5.358394;5.089396;8.938391;5.298677;4.209551;8.196711;7.098358;6.068299;6.082139;6.542636;7.260212;9.008840;7.273578;7.081753;5.209808;7.936966;7.395388;8.733319;3.680992;4.280362;7.056108;8.440539;5.883102;6.798371;7.151746;8.839633;8.163727;9.383093;7.079512;3.267442;7.484339;4.558394;8.043405;3.800276;7.423768;8.687607;7.498330;5.077255;6.002069;5.944403;9.262632;8.589743;7.023716;3.654061
0.260000;-5.299678;2.875915;3.499561;3.531867;2.989584;3.365339;1.821145;3.169882;4.117308;1.578072;5.332465;1.710051;3.280049;2.328332;3.637515;4.067308;2.621968;1.881816;2.945342;3.801175;5.351434;2.812157;3.815183;4.129554;1.674517;3.869980;3.465813;2.695365;3.508552;2.969337;4.814400;3.004951;4.510531;4.894464;4.793421;1.902623;2.977886;1.337709;3.572668;5.685042;4.931256;1.509744;5.128685;1.919628;5.025774;3.268347;4.033433;4.405556;5.608255;3.658153;2.761911;5.392656;2.710483;1.813442;3.121254;3.375137;3.827062;4.589571;1.867889;5.116134;1.349466;2.706082;1.696286;2.580343;4.135378;4.804999;3.458143;4.099415;3.192424;4.743040;5.129273;3.783497;4.292785;3.253727;2.113267;4.552245;2.154375;1.529699;1.578646;5.047248;1.860945;2.442217;4.166059;4.825374;1.500964;4.127050;2.764903;1.691299;4.311056;4.776581;4.890831;3.166054;4.753313;1.471567;3.612534;3.962234;1.625507;5.553871;6.044431;4.185315;3.870037;3.372559;3.019810;2.157784;2.547533;4.022631;3.444638;4.757732;3.884870;4.192324;2.646994;3.414011;2.621148;5.474930;3.624014;4.962683;6.189472;6.079900;9.309247;5.597535;4.557593;9.112567;5.199772;4.726056;4.882258;7.450786;6.484164;7.244464;7.047468;8.927341;8.868946;7.045653;5.358375;5.092780;8.942372;5.298678;4.210858;8.196951;7.098396;6.069209;6.089971;6.545942;7.270063;9.010007;7.273593;7.081936;5.210351;7.940815;7.397527;8.733390;3.680056;4.283443;7.057376;8.442093;5.884349;6.809358;7.152730;8.840298;8.173027;9.385420;7.082008;3.267442;7.484411;4.566050;8.043924;3.802018;7.428283;8.692803;7.502491;5.077915;6.009340;5.947583;9.267454;8.594440;7.023965;3.654062
0.260000;-5.478939;2.884361;3.494319;3.527496;2.985538;3.357282;1.819280;3.151612;4.114977;1.573504;5.329330;1.706291;3.273224;2.328452;3.618627;4.056384;2.621968;1.874903;2.942323;3.792098;5.346391;2.805894;3.813554;4.125257;1.668475;3.869653;3.460339;2.681657;3.501945;2.964744;4.814399;2.994825;4.507443;4.891923;4.791957;1.902436;2.971780;1.335254;3.563828;5.670442;4.925904;1.508192;5.126428;1.916749;5.016724;3.266004;4.032253;4.403013;5.600501;3.656136;2.756782;5.384788;2.707942;1.810329;3.114782;3.369160;3.827908;4.582875;1.863914;5.110175;1.349447;2.697872;1.689924;2.580177;4.131296;4.798833;3.454627;4.090842;3.190457;4.742397;5.123969;3.798409;4.280305;3.245423;2.109206;4.542752;2.149185;1.529984;1.577188;5.039862;1.856920;2.444946;4.164860;4.822129;1.499220;4.118654;2.761383;1.688248;4.313492;4.762142;4.884836;3.158299;4.752015;1.513305;3.610304;3.958723;1.621970;5.540641;6.032224;4.183972;3.861193;3.375706;3.014841;2.152445;2.544028;4.018202;3.438472;4.755091;3.883892;4.184805;2.646994;3.409065;2.616812;5.469479;3.611354;4.960665;6.186046;6.079974;9.306358;5.597101;4.555747;9.106237;5.192463;4.724341;4.881944;7.454302;6.484899;7.226861;7.057896;8.917407;8.859960;7.042872;5.361216;5.083457;8.931358;5.298677;4.220255;8.195591;7.101822;6.066570;6.066676;6.536835;7.239122;9.006669;7.273582;7.081369;5.208737;7.930173;7.391571;8.733303;3.678479;4.274950;7.053766;8.437718;5.880799;6.773751;7.149887;8.838343;8.144240;9.378960;7.075086;3.267442;7.489053;4.543314;8.042376;3.797133;7.415721;8.678227;7.490963;5.075969;5.988019;5.938814;9.253988;8.581351;7.023202;3.654061
0.260000;-5.172939;2.875092;3.496531;3.529346;2.987253;3.360682;1.820400;3.159807;4.115977;1.575435;5.330665;1.707889;3.276100;2.331816;3.614718;4.061051;2.621968;1.877817;2.943610;3.795948;5.348520;2.808535;3.814258;4.127075;1.671025;3.867523;3.462646;2.687609;3.504730;2.966686;4.814400;2.999131;4.508760;4.893012;4.792591;1.903018;2.974355;1.336307;3.567573;5.676817;4.928163;1.508864;5.127398;1.917979;5.020561;3.267009;4.032767;4.404102;5.603776;3.657005;2.758947;5.388112;2.709031;1.811655;3.117508;3.371681;3.826203;4.578404;1.865600;5.112687;1.350075;2.701343;1.692606;2.579373;4.133024;4.801433;3.456119;4.094468;3.191305;4.745783;5.126207;3.798409;4.285677;3.248934;2.110927;4.546784;2.151375;1.529673;1.577820;5.042978;1.858626;2.443052;4.165381;4.823509;1.499974;4.122211;2.762876;1.691604;4.312428;4.768444;4.887363;3.161573;4.752579;1.534270;3.611262;3.960216;1.623473;5.546366;6.037476;4.184556;3.864938;3.376331;3.016939;2.154696;2.545519;4.020078;3.441073;4.756221;3.884319;4.187977;2.646994;3.411151;2.618647;5.471781;3.616818;5.007535;6.187505;6.081419;9.307592;5.597292;4.556543;9.108913;5.195547;4.725081;4.882493;7.452549;6.483461;7.234729;7.045658;8.921634;8.863776;7.044062;5.360148;5.087414;8.936071;5.298678;4.222207;8.197179;7.101014;6.067700;6.077545;6.540695;7.254401;9.008089;7.273585;7.081619;5.209435;7.934719;7.394087;8.733307;3.682682;4.278545;7.055301;8.439577;5.882311;6.791907;7.151103;8.839186;8.158237;9.381688;7.078013;3.267443;7.484218;4.553884;8.043046;3.799199;7.421139;8.684598;7.495911;5.076807;5.997824;5.942532;9.259831;8.587015;7.023536;3.654060
0.260000;-5.600912;2.893435;3.497926;3.530508;2.988327;3.362803;1.820738;3.164065;4.116590;1.576653;5.331496;1.708886;3.277909;2.329796;3.614810;4.063855;2.621968;1.879651;2.944410;3.798316;5.349863;2.810199;3.814683;4.128219;1.672629;3.864380;3.464105;2.691015;3.506486;2.967907;4.814399;3.001755;4.509577;4.893681;4.792972;1.904396;2.975977;1.336952;3.569884;5.680408;4.929586;1.509269;5.127991;1.918738;5.022924;3.267625;4.033073;4.404770;5.605821;3.657533;2.760313;5.390184;2.709700;1.812479;3.119228;3.373269;3.836558;4.586311;1.866655;5.114271;1.349372;2.703500;1.694296;2.582777;4.134110;4.803066;3.457053;4.096717;3.191819;4.749316;5.127619;3.798409;4.288830;3.251115;2.112007;4.549253;2.152759;1.531651;1.578200;5.044933;1.859695;2.442883;4.165692;4.824369;1.500428;4.124407;2.763808;1.686155;4.322875;4.771996;4.888957;3.163617;4.752915;1.487842;3.611849;3.961147;1.624412;5.549676;6.040564;4.184904;3.867253;3.374583;3.018262;2.156119;2.546449;4.021256;3.442712;4.756918;3.884571;4.189966;2.646994;3.412469;2.619802;5.473229;3.620001;4.962769;6.188411;6.081712;9.308355;5.597404;4.557026;9.110588;5.197479;4.725533;4.882601;7.450836;6.488370;7.238864;7.045179;8.924199;8.866117;7.044796;5.358479;5.089840;8.938890;5.298678;4.209713;8.194605;7.099513;6.068393;6.082533;6.543073;7.260175;9.008974;7.273585;7.081764;5.209856;7.937454;7.395670;8.735142;3.678315;4.280771;7.056257;8.440735;5.883248;6.797969;7.151852;8.839698;8.163835;9.383400;7.079840;3.267442;7.485037;4.558800;8.043449;3.800498;7.424302;8.688172;7.498845;5.077317;6.002541;5.944823;9.263183;8.590291;7.023732;3.654060
0.260000;-5.135491;2.875528;3.497931;3.530525;2.988349;3.362752;1.820594;3.163747;4.116621;1.576667;5.331524;1.708910;3.277886;2.329204;3.614773;4.063732;2.621968;1.879626;2.944437;3.798240;5.349871;2.810188;3.814710;4.128239;1.672621;3.883409;3.464105;2.690819;3.506463;2.967923;4.814400;3.001652;4.509605;4.893711;4.792998;1.902330;2.975966;1.336983;3.569814;5.680185;4.929590;1.509294;5.128021;1.918768;5.022846;3.267655;4.033096;4.404802;5.605778;3.657563;2.760319;5.390138;2.709730;1.812509;3.119208;3.373262;3.826272;4.579754;1.866678;5.114265;1.349778;2.703448;1.694280;2.579419;4.134131;4.803055;3.457080;4.096655;3.191848;4.741488;5.127624;3.798409;4.288666;3.251059;2.112029;4.549167;2.152763;1.540165;1.578225;5.044892;1.859719;2.441620;4.165715;4.824398;1.500456;4.124348;2.763837;1.686067;4.315639;4.771779;4.888949;3.163573;4.752940;1.469395;3.611877;3.961173;1.624437;5.549489;6.040407;4.184928;3.867181;3.371842;3.018271;2.156123;2.546474;4.021272;3.442703;4.756948;3.884591;4.189923;2.646994;3.412473;2.619817;5.473231;3.619833;4.961033;6.188438;6.079936;9.308386;5.597412;4.557054;9.110572;5.197443;4.725558;4.882633;7.452165;6.487573;7.238565;7.045161;8.924106;8.866045;7.044825;5.359035;5.089759;8.938766;5.298676;4.230460;8.194795;7.101936;6.068423;6.082104;6.542996;7.259618;9.009004;7.273585;7.081777;5.209883;7.937339;7.395662;8.733314;3.678361;4.280710;7.056283;8.440750;5.883276;6.797361;7.151883;8.839726;8.163312;9.383382;7.079816;3.267441;7.484191;4.558390;8.043477;3.800511;7.424139;8.687950;7.498704;5.077345;6.002157;5.944755;9.262993;8.590110;7.023749;3.654060
0.260000;-5.368581;2.877817;3.499477;3.531785;2.989505;3.365284;1.819478;3.170394;4.117253;1.577994;5.332397;1.709976;3.279974;2.328653;3.618225;4.067341;2.621968;1.881742;2.945277;3.801147;5.351350;2.812077;3.815143;4.129473;1.674435;3.871861;3.465727;2.695540;3.508473;2.969255;4.814399;3.004955;4.510465;4.894405;4.793384;1.909986;2.977805;1.337652;3.572631;5.685269;4.931171;1.509707;5.128633;1.919563;5.025743;3.268292;4.033404;4.405495;5.608195;3.658106;2.761827;5.392596;2.710424;1.813375;3.121172;3.375056;3.826103;4.579706;1.867812;5.116053;1.350137;2.706030;1.696208;2.580369;4.135299;4.804913;3.458070;4.099370;3.192376;4.743443;5.129189;3.798409;4.292892;3.253677;2.113189;4.552229;2.154293;1.553835;1.578610;5.047184;1.860865;2.444167;4.166028;4.825305;1.500920;4.127003;2.764824;1.689348;4.312113;4.776801;4.890749;3.165992;4.753281;1.474792;3.612481;3.962161;1.625434;5.554016;6.044524;4.185282;3.870000;3.372647;3.019726;2.157698;2.547461;4.022552;3.444560;4.757673;3.884844;4.192257;2.646994;3.413927;2.621068;5.474847;3.624127;4.963861;6.189401;6.080333;9.309183;5.597523;4.557548;9.112487;5.199703;4.726016;4.882370;7.452035;6.483635;7.244922;7.045257;8.927330;8.868915;7.045590;5.358653;5.092754;8.942411;5.298677;4.219108;8.194965;7.099186;6.069149;6.090979;6.545913;7.272047;9.009938;7.273582;7.081923;5.210311;7.940837;7.397447;8.734415;3.683373;4.283399;7.057303;8.442018;5.884275;6.812036;7.152666;8.840252;8.174711;9.385344;7.081938;3.267441;7.485588;4.567008;8.043885;3.801937;7.428394;8.693026;7.502550;5.077867;6.010138;5.947547;9.267618;8.594582;7.023945;3.654061
0.260000;-4.960761;2.881852;3.490714;3.524371;2.982601;3.352356;1.821284;3.143821;4.113142;1.570265;5.326956;1.703527;3.268833;2.328309;3.618475;4.050393;2.621968;1.870480;2.940025;3.786761;5.342891;2.801773;3.812225;4.122177;1.664463;3.867352;3.456614;2.674848;3.497655;2.961493;4.814400;2.989100;4.505096;4.889941;4.790753;1.903915;2.967732;1.333334;3.558583;5.663411;4.922237;1.506917;5.124641;1.914542;5.011399;3.264157;4.031266;4.401033;5.595703;3.654521;2.753237;5.379937;2.705964;1.807967;3.110560;3.365176;3.826106;4.581634;1.861022;5.106198;1.349792;2.692876;1.685754;2.581223;4.128338;4.794753;3.452012;4.085699;3.188879;4.741398;5.120329;3.798409;4.273831;3.240392;2.106261;4.537260;2.145604;1.537156;1.575985;5.035219;1.854001;2.470731;4.163857;4.819679;1.497807;4.113584;2.758770;1.686792;4.311133;4.755149;4.880843;3.153496;4.750936;1.467584;3.608539;3.956111;1.619341;5.533957;6.025830;4.182859;3.855947;3.372587;3.011384;2.148790;2.541420;4.015042;3.434395;4.753042;3.883066;4.180104;2.646994;3.405614;2.613704;5.465766;3.604834;4.966166;6.183487;6.081073;9.304146;5.596723;4.554257;9.102090;5.187854;4.722947;4.883606;7.454521;6.485134;7.219189;7.046769;8.911762;8.854669;7.040729;5.358560;5.078031;8.925349;5.298678;4.209527;8.195348;7.103319;6.064521;6.058183;6.531484;7.230140;9.004165;7.273597;7.080877;5.207419;7.924276;7.387608;8.733484;3.678291;4.269840;7.051093;8.434593;5.878163;6.764732;7.147703;8.836771;8.135336;9.374745;7.070667;3.267442;7.485683;4.534894;8.041104;3.793720;7.409228;8.671207;7.484782;5.074408;5.979761;5.933590;9.247247;8.574709;7.022551;3.654060
0.260000;-5.412369;2.879982;3.493639;3.526871;2.984939;3.356553;1.819269;3.151979;4.114565;1.572867;5.328819;1.705718;3.272489;2.331891;3.615858;4.055774;2.621968;1.874176;2.941826;3.791392;5.345722;2.805173;3.813245;4.124640;1.667764;3.866276;3.459649;2.681311;3.501216;2.964103;4.814400;2.994162;4.506938;4.891484;4.791674;1.902363;2.971065;1.334826;3.563114;5.670209;4.925218;1.507895;5.126024;1.916268;5.016016;3.265587;4.032019;4.402573;5.599768;3.655767;2.756109;5.384055;2.707504;1.809819;3.114055;3.368450;3.834136;4.578014;1.863323;5.109463;1.349301;2.697142;1.689203;2.579853;4.130692;4.798114;3.454076;4.090121;3.190096;4.741448;5.123286;3.798409;4.279829;3.244695;2.108606;4.542064;2.148507;1.529756;1.576905;5.039127;1.856325;2.442222;4.164622;4.821603;1.498892;4.117928;2.760833;1.698167;4.318035;4.761891;4.884124;3.157564;4.751760;1.481046;3.609905;3.958173;1.621418;5.540240;6.031719;4.183710;3.860480;3.378403;3.014178;2.151761;2.543479;4.017573;3.437754;4.754637;3.883694;4.184071;2.646994;3.408396;2.616187;5.468789;3.610895;4.960566;6.185503;6.080057;9.305877;5.597008;4.555404;9.105522;5.191730;4.724018;4.883753;7.451096;6.485438;7.227105;7.046531;8.916739;8.859261;7.042402;5.358532;5.082762;8.930764;5.298677;4.219336;8.195650;7.106960;6.066116;6.068163;6.536126;7.242892;9.006140;7.273589;7.081248;5.208431;7.929546;7.390866;8.733920;3.678587;4.274227;7.053206;8.437097;5.880245;6.779212;7.149412;8.837982;8.147307;9.378239;7.074361;3.267442;7.484334;4.544671;8.042078;3.796476;7.415253;8.677994;7.490401;5.075611;5.989032;5.938094;9.253619;8.580938;7.023044;3.654060
0.260000;-5.384007;2.878778;3.499377;3.531749;2.989489;3.364874;1.819508;3.167857;4.117298;1.577943;5.332422;1.709975;3.279716;2.331144;3.614700;4.066473;2.594833;1.881474;2.945305;3.800588;5.351266;2.811882;3.815191;4.129442;1.674265;3.876690;3.465608;2.694117;3.508243;2.969204;4.814400;3.004228;4.510491;4.894446;4.793432;1.906075;2.977626;1.337695;3.572108;5.683651;4.931064;1.509754;5.128679;1.919598;5.025190;3.268339;4.033448;4.405539;5.607828;3.658154;2.761735;5.392212;2.710465;1.813400;3.120957;3.374891;3.830904;4.584137;1.867799;5.115888;1.349840;2.705599;1.696002;2.581560;4.135281;4.804733;3.458081;4.098888;3.192425;4.741488;5.129086;3.705298;4.291730;3.253233;2.113172;4.551606;2.154197;1.547472;1.578656;5.046859;1.860852;2.450205;4.166072;4.825326;1.500970;4.126546;2.764836;1.688649;4.311308;4.775216;4.890582;3.165622;4.753325;1.477592;3.612528;3.962172;1.625441;5.552699;6.043413;4.185326;3.869474;3.372051;3.019649;2.157593;2.547472;4.022515;3.444376;4.757713;3.884883;4.191921;2.646994;3.413847;2.621035;5.474730;3.622927;4.960486;6.189415;6.079923;9.309216;5.597545;4.557597;9.112286;5.199387;4.726064;4.882258;7.454374;6.484087;7.242556;7.045105;8.926639;8.868369;7.045627;5.358759;5.092160;8.941521;5.298677;4.210448;8.195396;7.101657;6.069189;6.086973;6.545350;7.265414;9.009956;7.273585;7.081949;5.210359;7.940021;7.397283;8.733437;3.679012;4.282926;7.057307;8.441975;5.884285;6.803593;7.152701;8.840299;8.168865;9.385127;7.081670;3.267442;7.485184;4.563175;8.043932;3.801865;7.427208;8.691412;7.501569;5.077916;6.006733;5.947030;9.266241;8.593288;7.023979;3.654061
0.260000;-5.142823;2.875390;3.495739;3.528652;2.986597;3.359609;1.822721;3.157774;4.115554;1.574718;5.330128;1.707270;3.275142;2.331162;3.616627;4.059715;2.620411;1.876857;2.943089;3.794776;5.347751;2.807633;3.813947;4.126392;1.670146;3.868379;3.461829;2.686020;3.503795;2.965966;4.814400;2.997869;4.508228;4.892558;4.792309;1.902305;2.973469;1.335865;3.566423;5.675146;4.927356;1.508564;5.126985;1.917475;5.019395;3.266583;4.032532;4.403647;5.602728;3.656630;2.758165;5.387053;2.708578;1.811120;3.116587;3.370810;3.826820;4.578568;1.864953;5.111817;1.349339;2.700253;1.691697;2.584075;4.132366;4.800541;3.455535;4.093344;3.190937;4.741988;5.125407;3.798409;4.284205;3.247837;2.110270;4.545576;2.150588;1.529687;1.577537;5.041967;1.857975;2.444601;4.165144;4.822957;1.499643;4.121098;2.762290;1.693120;4.316433;4.766788;4.886491;3.160528;4.752322;1.467559;3.610854;3.959627;1.622882;5.544823;6.036025;4.184290;3.863791;3.371909;3.016177;2.153896;2.544932;4.019377;3.440181;4.755753;3.884121;4.186957;2.646994;3.410388;2.617957;5.470964;3.615323;4.986879;6.186927;6.080294;9.307087;5.597199;4.556196;9.108002;5.194541;4.724757;4.882761;7.450413;6.487954;7.232755;7.045495;8.920383;8.862610;7.043572;5.358599;5.086218;8.934724;5.298677;4.209783;8.196435;7.098414;6.067229;6.074943;6.539522;7.250787;9.007526;7.273582;7.081500;5.209126;7.933399;7.393221;8.733301;3.678770;4.277428;7.054699;8.438874;5.881715;6.787579;7.150606;8.838820;8.154928;9.380763;7.077039;3.267442;7.484957;4.551348;8.042748;3.798443;7.419655;8.682923;7.494519;5.076444;5.995451;5.941385;9.258260;8.585482;7.023380;3.654063
0.260000;-5.597944;2.893191;3.496678;3.529465;2.987363;3.360892;1.820529;3.159936;4.116037;1.575561;5.330750;1.707993;3.276287;2.328597;3.618419;4.061284;2.588703;1.878009;2.943691;3.796165;5.348662;2.808706;3.814298;4.127195;1.671188;3.866774;3.462801;2.687831;3.504907;2.966813;4.814399;2.999367;4.508841;4.893077;4.792627;1.903879;2.974521;1.336370;3.567788;5.677032;4.928310;1.508901;5.127455;1.918055;5.020780;3.267069;4.032794;4.404169;5.603979;3.657055;2.759089;5.388313;2.709097;1.811739;3.117682;3.371845;3.830755;4.581975;1.865710;5.112851;1.349301;2.701551;1.692779;2.579430;4.133136;4.801600;3.456217;4.094680;3.191353;4.742170;5.126354;3.759806;4.285913;3.249144;2.111038;4.547007;2.151519;1.532659;1.577854;5.043175;1.858738;2.441609;4.165409;4.823596;1.500015;4.122414;2.762975;1.687501;4.312255;4.768656;4.887529;3.161774;4.752610;1.479437;3.611318;3.960310;1.623570;5.546592;6.037709;4.184587;3.865158;3.371957;3.017076;2.154846;2.545614;4.020200;3.441241;4.756290;3.884341;4.188180;2.646994;3.411288;2.618768;5.471931;3.617045;4.962028;6.187596;6.081850;9.307668;5.597301;4.556589;9.109079;5.195739;4.725123;4.882133;7.450096;6.483475;7.234866;7.045114;8.921852;8.863989;7.044134;5.358370;5.087633;8.936301;5.298677;4.210174;8.195399;7.117038;6.067767;6.077457;6.540915;7.253846;9.008183;7.273589;7.081629;5.209475;7.934941;7.394247;8.736453;3.678463;4.278755;7.055397;8.439688;5.882402;6.790991;7.151176;8.839233;8.157826;9.381860;7.078192;3.267441;7.486674;4.553822;8.043082;3.799334;7.421371;8.684800;7.496137;5.076856;5.997820;5.942743;9.260052;8.587241;7.023553;3.654061
0.260000;-5.153628;2.875247;3.493933;3.527125;2.985176;3.356952;1.819710;3.152484;4.114711;1.573129;5.329010;1.705941;3.272851;2.328512;3.621922;4.056255;2.621968;1.874536;2.942010;3.791826;5.346006;2.805511;3.813350;4.124889;1.668092;3.865198;3.459950;2.681830;3.501564;2.964367;4.814399;2.994625;4.507124;4.891641;4.791769;1.905597;2.971395;1.334977;3.563541;5.670730;4.925517;1.507994;5.126166;1.916444;5.016449;3.265734;4.032096;4.402730;5.600161;3.655894;2.756398;5.384451;2.707662;1.810009;3.114401;3.368775;3.846833;4.578141;1.863556;5.109789;1.350294;2.697551;1.689544;2.579444;4.130933;4.798444;3.454287;4.090537;3.190220;4.745455;5.123582;3.798409;4.280328;3.245107;2.108843;4.542509;2.148798;1.529956;1.577000;5.039503;1.856562;2.442543;4.164700;4.821799;1.499005;4.118340;2.761045;1.693798;4.311061;4.762413;4.884451;3.157958;4.751843;1.471854;3.610046;3.958383;1.621627;5.540751;6.032221;4.183798;3.860908;3.372308;3.014458;2.152058;2.543689;4.017829;3.438087;4.754800;3.883758;4.184455;2.646994;3.408678;2.616439;5.469091;3.611406;4.985960;6.185709;6.080018;9.306052;5.597036;4.555521;9.105863;5.192107;4.724129;4.882134;7.451812;6.488583;7.227623;7.049046;8.917201;8.859690;7.042572;5.358414;5.083203;8.931238;5.298676;4.223953;8.194574;7.099912;6.066281;6.068557;6.536564;7.242914;9.006340;7.273585;7.081286;5.208534;7.930026;7.391196;8.734569;3.678286;4.274645;7.053421;8.437353;5.880458;6.778909;7.149585;8.838107;8.147457;9.378585;7.074728;3.267442;7.484349;4.545079;8.042177;3.796753;7.415764;8.678526;7.490897;5.075736;5.989483;5.938522;9.254140;8.581452;7.023095;3.654061
0.260000;-5.751125;2.910646;3.496154;3.529043;2.986977;3.360029;1.819198;3.157763;4.115832;1.575115;5.330461;1.707635;3.275570;2.328791;3.616196;4.060057;2.621968;1.877283;2.943416;3.795174;5.348159;2.808061;3.814160;4.126780;1.670569;3.864555;3.462249;2.686245;3.504225;2.966364;4.814400;2.998240;4.508558;4.892850;4.792504;1.902934;2.973897;1.336152;3.566827;5.675337;4.927774;1.508770;5.127256;1.917792;5.019790;3.266862;4.032697;4.403941;5.603151;3.656881;2.758578;5.387473;2.708870;1.811452;3.117016;3.371234;3.829197;4.581020;1.865330;5.112242;1.349527;2.700667;1.692124;2.579480;4.132747;4.800961;3.455887;4.093753;3.191183;4.746165;5.125823;3.798409;4.284486;3.248249;2.110650;4.545962;2.151001;1.530963;1.577732;5.042393;1.858353;2.446218;4.165309;4.823294;1.499867;4.121511;2.762642;1.686913;4.313913;4.766978;4.886916;3.160948;4.752502;1.494830;3.611123;3.959983;1.623237;5.545071;6.036317;4.184475;3.864193;3.372363;3.016587;2.154311;2.545284;4.019769;3.440609;4.756053;3.884261;4.187377;2.646994;3.410799;2.618348;5.471382;3.615598;4.971365;6.187278;6.080003;9.307405;5.597267;4.556431;9.108430;5.194970;4.724978;4.882892;7.452040;6.492853;7.232780;7.053098;8.920761;8.863012;7.043882;5.359918;5.086613;8.935062;5.298679;4.214693;8.195153;7.110919;6.067529;6.074655;6.539919;7.250108;9.007872;7.273582;7.081587;5.209338;7.933757;7.393643;8.733336;3.678429;4.277838;7.055057;8.439271;5.882071;6.786703;7.150919;8.839065;8.154352;9.381193;7.077474;3.267441;7.492437;4.551091;8.042953;3.798852;7.419935;8.683110;7.494838;5.076687;5.995270;5.941792;9.258501;8.585737;7.023492;3.654061
0.260000;-5.583540;2.891385;3.501863;3.533852;2.991445;3.368550;1.820837;3.175547;4.118464;1.580133;5.333964;1.711803;3.282876;2.329183;3.617279;4.071321;2.621968;1.884677;2.946792;3.804689;5.353663;2.814805;3.816019;4.131508;1.677092;3.864550;3.468194;2.700062;3.511315;2.971405;4.814400;3.008754;4.512011;4.895713;4.794177;1.902644;2.980487;1.338919;3.576113;5.689939;4.933598;1.510544;5.129809;1.921020;5.029278;3.269509;4.034054;4.406802;5.611378;3.659170;2.764173;5.395815;2.711730;1.814933;3.123970;3.377694;3.828746;4.578443;1.869723;5.118685;1.349305;2.709345;1.698970;2.579391;4.137253;4.807611;3.459795;4.102783;3.193416;4.742891;5.131598;3.798409;4.297193;3.257018;2.115135;4.555876;2.156661;1.529982;1.579400;5.050258;1.862795;2.441675;4.166687;4.826921;1.501852;4.130366;2.766551;1.698481;4.313782;4.781445;4.893394;3.169179;4.753990;1.466440;3.613645;3.963886;1.627170;5.558455;6.048771;4.186013;3.873481;3.372415;3.022013;2.160119;2.549184;4.024643;3.447264;4.759025;3.885388;4.195374;2.646994;3.416209;2.623122;5.477306;3.628460;4.972591;6.191093;6.079968;9.310643;5.597771;4.558529;9.115242;5.202759;4.726934;4.882024;7.450343;6.496116;7.250000;7.045167;8.931085;8.872432;7.047005;5.358374;5.096357;8.946404;5.298678;4.226245;8.200376;7.098482;6.070498;6.096541;6.549465;7.277771;9.011589;7.273578;7.082245;5.211180;7.944756;7.400078;8.734132;3.678288;4.286789;7.059070;8.444080;5.886019;6.817636;7.154109;8.841285;8.180444;9.388138;7.084873;3.267442;7.484659;4.572542;8.044723;3.804195;7.432708;8.697696;7.506662;5.078897;6.015582;5.951013;9.272096;8.598992;7.024374;3.654060
0.260000;-5.272318;2.875532;3.494427;3.527568;2.985597;3.357556;1.819213;3.153054;4.114993;1.573584;5.329362;1.706344;3.273414;2.328239;3.614980;4.056902;2.621968;1.875100;2.942354;3.792450;5.346490;2.806053;3.813560;4.125328;1.668623;3.864989;3.460459;2.682476;3.502126;2.964824;4.814400;2.995268;4.507474;4.891941;4.791962;1.902463;2.971932;1.335272;3.564162;5.671371;4.926016;1.508196;5.126440;1.916775;5.017074;3.266017;4.032254;4.403032;5.600756;3.656146;2.756886;5.385049;2.707963;1.810360;3.114953;3.369306;3.827215;4.578423;1.863973;5.110318;1.350062;2.698158;1.690090;2.579509;4.131356;4.798985;3.454670;4.091154;3.190465;4.743924;5.124082;3.798409;4.280983;3.245715;2.109267;4.543139;2.149290;1.529673;1.577191;5.040090;1.856982;2.448451;4.164860;4.822162;1.499227;4.118954;2.761426;1.686294;4.317464;4.763053;4.884982;3.158553;4.752016;1.514312;3.610317;3.958765;1.622014;5.541399;6.032872;4.183975;3.861528;3.371918;3.014939;2.152559;2.544072;4.018276;3.438624;4.755111;3.883892;4.185042;2.646994;3.409156;2.616879;5.469598;3.612057;5.044611;6.186089;6.080184;9.306386;5.597099;4.555755;9.106402;5.192687;4.724348;4.882637;7.450261;6.483504;7.228209;7.045395;8.917835;8.860318;7.042897;5.358378;5.083833;8.931891;5.298678;4.209542;8.194593;7.104952;6.066590;6.068962;6.537190;7.242939;9.006707;7.273585;7.081367;5.208742;7.930665;7.391721;8.733301;3.679157;4.275257;7.053811;8.437790;5.880841;6.778621;7.149915;8.838351;8.147601;9.379137;7.075290;3.267442;7.486267;4.545503;8.042379;3.797227;7.416411;8.679160;7.491548;5.075978;5.989959;5.939142;9.254784;8.582101;7.023202;3.654060
0.260000;-5.309711;2.876286;3.491986;3.525442;2.983595;3.354272;1.819487;3.148119;4.113729;1.571383;5.327736;1.704456;3.270473;2.328698;3.617003;4.052961;2.352235;1.872134;2.940779;3.788908;5.344121;2.803278;3.812641;4.123229;1.665919;3.869896;3.457936;2.678063;3.499243;2.962614;4.814399;2.991492;4.505866;4.890580;4.791129;1.905705;2.969203;1.333951;3.560675;5.666837;4.923537;1.507315;5.125212;1.915260;5.013538;3.264747;4.031571;4.401671;5.597547;3.655032;2.754483;5.381808;2.706603;1.808743;3.112112;3.366618;3.829243;4.582862;1.861999;5.107636;1.349336;2.694827;1.687281;2.579469;4.129342;4.796242;3.452882;4.087733;3.189377;4.742648;5.121617;3.759279;4.276762;3.242363;2.107260;4.539501;2.146870;1.529793;1.576359;5.036982;1.854990;2.441827;4.164165;4.820487;1.498251;4.115578;2.759641;1.686223;4.312575;4.758533;4.882289;3.155342;4.751269;1.468118;3.609101;3.956980;1.620217;5.537063;6.028696;4.183205;3.858041;3.373358;3.012592;2.150083;2.542288;4.016127;3.435877;4.753703;3.883319;4.181900;2.646994;3.406822;2.614767;5.467084;3.607799;4.981709;6.184336;6.080258;9.304866;5.596836;4.554726;9.103606;5.189599;4.723382;4.882050;7.450969;6.483485;7.223327;7.047009;8.914094;8.856791;7.041425;5.358416;5.080231;8.927925;5.298678;4.213274;8.195131;7.098629;6.065185;6.063733;6.533638;7.237699;9.004989;7.273589;7.081025;5.207831;7.926780;7.389039;8.734984;3.679968;4.271853;7.051984;8.435664;5.879041;6.773568;7.148413;8.837268;8.142322;9.376291;7.072315;3.267442;7.485064;4.540292;8.041499;3.794909;7.412175;8.674610;7.487486;5.074901;5.984812;5.935671;9.250401;8.577776;7.022748;3.654061
0.260000;-5.675612;2.900457;3.496802;3.529520;2.987394;3.361342;1.819619;3.162456;4.115996;1.575632;5.330732;1.708006;3.276579;2.328320;3.614749;4.062207;2.621968;1.878312;2.943669;3.796775;5.348767;2.808936;3.814250;4.127243;1.671391;3.865611;3.462945;2.689305;3.505178;2.966882;4.814400;3.000147;4.508824;4.893041;4.792579;1.907812;2.974732;1.336331;3.568361;5.678696;4.928445;1.508853;5.127412;1.918028;5.021381;3.267027;4.032751;4.404131;5.604390;3.657009;2.759203;5.388742;2.709060;1.811722;3.117933;3.372042;3.826679;4.578650;1.865737;5.113047;1.349320;2.702030;1.693019;2.580517;4.133172;4.801819;3.456216;4.095212;3.191307;4.742159;5.126484;3.798409;4.287137;3.249637;2.111072;4.547683;2.151640;1.532048;1.577808;5.043533;1.858766;2.442273;4.165364;4.823585;1.499968;4.122921;2.762971;1.688586;4.311116;4.770286;4.887727;3.162187;4.752564;1.466725;3.611276;3.960311;1.623573;5.547964;6.038875;4.184540;3.865729;3.371854;3.017179;2.154979;2.545614;4.020258;3.441457;4.756257;3.884301;4.188554;2.646994;3.411383;2.618819;5.472074;3.618303;4.964000;6.187593;6.079901;9.307641;5.597280;4.556541;9.109319;5.196095;4.725075;4.882164;7.452746;6.485103;7.237230;7.045104;8.922612;8.864587;7.044105;5.359480;5.088284;8.937248;5.298676;4.245808;8.195893;7.099877;6.067731;6.081289;6.541531;7.259844;9.008175;7.273582;7.081603;5.209426;7.935822;7.394444;8.734864;3.679050;4.279275;7.055403;8.439747;5.882408;6.798375;7.151149;8.839187;8.163200;9.382113;7.078504;3.267442;7.484179;4.557509;8.043036;3.799429;7.422606;8.686468;7.497176;5.076809;6.001129;5.943310;9.261477;8.588585;7.023519;3.654061
0.260000;-5.062321;2.877355;3.499263;3.531675;2.989425;3.364600;1.821466;3.166888;4.117289;1.577859;5.332391;1.709923;3.279517;2.328909;3.618852;4.066020;2.359941;1.881275;2.945277;3.800255;5.351163;2.811718;3.815194;4.129370;1.674110;3.870716;3.465483;2.693470;3.508059;2.969119;4.814400;3.003826;4.510462;4.894433;4.793435;1.910099;2.977468;1.337684;3.571790;5.682941;4.930943;1.509757;5.128671;1.919574;5.024858;3.268328;4.033453;4.405523;5.607575;3.658151;2.761626;5.391955;2.710453;1.813372;3.120780;3.374738;3.827975;4.578046;1.867740;5.115738;1.349371;2.705319;1.695830;2.580562;4.135216;4.804573;3.458039;4.098587;3.192422;4.742686;5.128967;3.765494;4.291170;3.252947;2.113109;4.551246;2.154086;1.545827;1.578661;5.046627;1.860790;2.441801;4.166079;4.825291;1.500971;4.126257;2.764795;1.686071;4.315956;4.774516;4.890430;3.165372;4.753331;1.475836;3.612521;3.962128;1.625400;5.552086;6.042872;4.185332;3.869158;3.371808;3.019546;2.157472;2.547429;4.022436;3.444214;4.757696;3.884890;4.191675;2.646994;3.413749;2.620962;5.474605;3.622352;4.970449;6.189376;6.082331;9.309196;5.597550;4.557596;9.112118;5.199165;4.726065;4.883226;7.451346;6.486275;7.241641;7.045441;8.926249;8.868045;7.045607;5.358583;5.091810;8.941060;5.298676;4.213579;8.196351;7.098658;6.069168;6.085669;6.545015;7.263656;9.009919;7.273582;7.081955;5.210363;7.939591;7.397134;8.734385;3.678689;4.282632;7.057263;8.441900;5.884242;6.801606;7.152682;8.840297;8.167225;9.384951;7.081467;3.267441;7.486809;4.561902;8.043937;3.801768;7.426642;8.690701;7.501077;5.077914;6.005566;5.946723;9.265616;8.592685;7.023986;3.654061
0.260000;-5.326478;2.876825;3.494076;3.527254;2.985299;3.357096;1.821619;3.152226;4.114794;1.573259;5.329115;1.706061;3.272998;2.328330;3.614722;4.056337;2.597944;1.874684;2.942113;3.791951;5.346146;2.805657;3.813411;4.125018;1.668240;3.873361;3.460095;2.681816;3.501714;2.964501;4.814400;2.994732;4.507229;4.891729;4.791826;1.906340;2.971539;1.335065;3.563670;5.670683;4.925658;1.508053;5.126246;1.916542;5.016576;3.265819;4.032142;4.402823;5.600303;3.655969;2.756535;5.384590;2.707752;1.810113;3.114551;3.368919;3.828052;4.598725;1.863679;5.109933;1.350002;2.697688;1.689689;2.579348;4.131057;4.798596;3.454400;4.090672;3.190293;4.743600;5.123723;3.798409;4.280367;3.245244;2.108968;4.542624;2.148936;1.534295;1.577056;5.039646;1.856685;2.441560;4.164747;4.821908;1.499070;4.118475;2.761158;1.689801;4.316365;4.762369;4.884595;3.158099;4.751894;1.468553;3.610127;3.958496;1.621743;5.540760;6.032265;4.183848;3.861036;3.378951;3.014595;2.152200;2.543802;4.017958;3.438233;4.754893;3.883797;4.184599;2.646994;3.408816;2.616569;5.469235;3.611432;4.966952;6.185822;6.082005;9.306151;5.597054;4.555590;9.106002;5.192247;4.724192;4.883316;7.450665;6.483903;7.227405;7.045101;8.917306;8.859815;7.042670;5.358596;5.083323;8.931320;5.298676;4.237928;8.194842;7.098591;6.066369;6.067924;6.536687;7.241555;9.006447;7.273585;7.081309;5.208596;7.930111;7.391336;8.733665;3.679701;4.274776;7.053537;8.437475;5.880571;6.777020;7.149681;8.838180;8.146318;9.378726;7.074867;3.267442;7.486337;4.544488;8.042236;3.796888;7.415791;8.678468;7.490957;5.075807;5.989003;5.938652;9.254128;8.581462;7.023126;3.654060
0.260000;-5.049869;2.877927;3.493497;3.526743;2.984815;3.356392;1.819870;3.152037;4.114481;1.572733;5.328715;1.705600;3.272337;2.329241;3.615128;4.055642;2.408452;1.874021;2.941724;3.791240;5.345584;2.805023;3.813183;4.124511;1.667614;3.871324;3.459505;2.681232;3.501065;2.963972;4.814400;2.994022;4.506832;4.891393;4.791618;1.913024;2.970915;1.334739;3.562961;5.670151;4.925075;1.507833;5.125943;1.916170;5.015865;3.265503;4.031971;4.402484;5.599615;3.655693;2.755969;5.383899;2.707413;1.809714;3.113904;3.368300;3.833661;4.578503;1.863200;5.109314;1.350173;2.696986;1.689051;2.585156;4.130569;4.797962;3.453963;4.089964;3.190022;4.741403;5.123143;3.798409;4.279716;3.244541;2.108483;4.541914;2.148367;1.532745;1.576849;5.038968;1.856203;2.441583;4.164573;4.821497;1.498827;4.117772;2.760720;1.686514;4.311153;4.761827;4.883975;3.157409;4.751709;1.466985;3.609824;3.958060;1.621304;5.540145;6.031607;4.183657;3.860330;3.371803;3.014040;2.151619;2.543366;4.017442;3.437604;4.754545;3.883654;4.183915;2.646994;3.408260;2.616058;5.468647;3.610792;4.994044;6.185394;6.079929;9.305779;5.596990;4.555335;9.105371;5.191573;4.723951;4.883317;7.450475;6.485019;7.227142;7.045767;8.916591;8.859105;7.042308;5.358674;5.082612;8.930639;5.298677;4.220875;8.195938;7.098581;6.066023;6.068454;6.535977;7.243646;9.006025;7.273585;7.081225;5.208370;7.929412;7.390718;8.733801;3.678491;4.274072;7.053091;8.436962;5.880130;6.780309;7.149311;8.837911;8.147916;9.378087;7.074210;3.267442;7.484195;4.544924;8.042020;3.796339;7.415148;8.677936;7.490281;5.075540;5.989222;5.937945;9.253533;8.580843;7.023012;3.654061
0.260000;-5.515306;2.886667;3.493625;3.526926;2.985013;3.356184;1.819201;3.149154;4.114688;1.572906;5.328931;1.705808;3.272299;2.328266;3.614896;4.054876;2.437395;1.873970;2.941942;3.790851;5.345726;2.805054;3.813356;4.124699;1.667669;3.864682;3.459614;2.679768;3.501053;2.964142;4.814400;2.993426;4.507051;4.891606;4.791781;1.903622;2.970961;1.334948;3.562616;5.668445;4.925194;1.508003;5.126146;1.916386;5.015480;3.265711;4.032113;4.402697;5.599448;3.655886;2.756104;5.383714;2.707627;1.809932;3.113909;3.368360;3.826157;4.580831;1.863400;5.109376;1.351055;2.696749;1.689070;2.580722;4.130765;4.798009;3.454173;4.089667;3.190215;4.742468;5.123265;3.798409;4.278581;3.244288;2.108679;4.541448;2.148497;1.544388;1.577010;5.038859;1.856401;2.441520;4.164716;4.821710;1.499008;4.117504;2.760932;1.686056;4.312815;4.760159;4.884034;3.157242;4.751858;1.490612;3.610027;3.958273;1.621517;5.538812;6.030537;4.183809;3.859981;3.371814;3.014187;2.151735;2.543580;4.017622;3.437643;4.754759;3.883775;4.183783;2.646994;3.408408;2.616244;5.468754;3.609611;4.962845;6.185608;6.080148;9.305993;5.597050;4.555520;9.105392;5.191473;4.724133;4.886259;7.450029;6.483448;7.224483;7.057197;8.916047;8.858738;7.042522;5.360008;5.082179;8.929847;5.298677;4.219152;8.194717;7.099723;6.066238;6.063675;6.535583;7.235485;9.006245;7.273589;7.081302;5.208541;7.928707;7.390780;8.736388;3.678504;4.273787;7.053301;8.437151;5.880342;6.769847;7.149529;8.838101;8.140763;9.378095;7.074159;3.267441;7.487648;4.540378;8.042184;3.796491;7.413992;8.676237;7.489373;5.075730;5.985228;5.937614;9.252140;8.579546;7.023113;3.654061
0.260000;-5.128234;2.875579;3.494411;3.527575;2.985613;3.357420;1.819467;3.152204;4.115030;1.573586;5.329394;1.706364;3.273336;2.330408;3.617611;4.056596;2.621968;1.875024;2.942386;3.792259;5.346480;2.806005;3.813594;4.125337;1.668580;3.868351;3.460434;2.681976;3.502056;2.964827;4.814400;2.995010;4.507505;4.891977;4.791994;1.910154;2.971883;1.335307;3.563981;5.670804;4.925997;1.508229;5.126477;1.916809;5.016885;3.266054;4.032284;4.403070;5.600633;3.656183;2.756872;5.384921;2.707998;1.810391;3.114895;3.369262;3.826096;4.585669;1.863991;5.110275;1.349308;2.698012;1.690033;2.579839;4.131371;4.798938;3.454694;4.090990;3.190503;4.744733;5.124061;3.798409;4.280569;3.245566;2.109283;4.542924;2.149273;1.532634;1.577223;5.039985;1.856998;2.443232;4.164890;4.822194;1.499263;4.118798;2.761451;1.686969;4.321778;4.762498;4.884938;3.158431;4.752047;1.489237;3.610354;3.958791;1.622039;5.540938;6.032480;4.184006;3.861349;3.372892;3.014930;2.152540;2.544097;4.018283;3.438576;4.755147;3.883918;4.184934;2.646994;3.409148;2.616891;5.469574;3.611629;4.995827;6.186113;6.080424;9.306418;5.597113;4.555790;9.106348;5.192587;4.724380;4.882570;7.450035;6.483620;7.227408;7.045461;8.917590;8.860127;7.042931;5.358371;5.083625;8.931581;5.298676;4.241312;8.198166;7.099094;6.066623;6.067706;6.536994;7.241096;9.006733;7.273589;7.081385;5.208776;7.930376;7.391678;8.739089;3.682774;4.275096;7.053836;8.437802;5.880867;6.776456;7.149948;8.838387;8.145918;9.379072;7.075212;3.267441;7.484214;4.544294;8.042414;3.797220;7.415995;8.678596;7.491196;5.076015;5.988859;5.938965;9.254299;8.581645;7.023222;3.654061
0.260000;-5.200610;2.874945;3.490020;3.523769;2.982035;3.351441;1.821243;3.142980;4.112792;1.569639;5.326500;1.702998;3.268000;2.329569;3.614572;4.049365;2.586916;1.869637;2.939585;3.785791;5.342217;2.800981;3.811974;4.121583;1.663696;3.867204;3.455895;2.673811;3.496841;2.960866;4.814400;2.988093;4.504648;4.889563;4.790527;1.903450;2.966958;1.332966;3.557624;5.662391;4.921534;1.506678;5.124302;1.914120;5.010428;3.263804;4.031083;4.400655;5.594803;3.654214;2.752555;5.379032;2.705587;1.807514;3.109756;3.364415;3.826788;4.577974;1.860463;5.105439;1.349768;2.691953;1.684958;2.580978;4.127768;4.793970;3.451507;4.084755;3.188580;4.742434;5.119629;3.798409;4.272784;3.239461;2.105694;4.536273;2.144914;1.532417;1.575760;5.034345;1.853437;2.441544;4.163670;4.819212;1.497538;4.112646;2.758265;1.688345;4.315539;4.754128;4.880080;3.152598;4.750733;1.525579;3.608202;3.955608;1.618836;5.532914;6.024786;4.182648;3.854989;3.371803;3.010719;2.148087;2.540918;4.014432;3.433614;4.752648;3.882913;4.179216;2.646994;3.404948;2.613104;5.465051;3.603791;4.965840;6.182996;6.080359;9.303720;5.596653;4.553975;9.101301;5.186988;4.722683;4.882387;7.450059;6.485436;7.218312;7.045351;8.910755;8.853703;7.040320;5.359447;5.077052;8.924322;5.298676;4.210784;8.194572;7.099874;6.064130;6.057828;6.530514;7.230930;9.003685;7.273585;7.080787;5.207170;7.923255;7.386848;8.733340;3.678462;4.268901;7.050576;8.433991;5.877652;6.766419;7.147285;8.836474;8.135758;9.373941;7.069822;3.267441;7.484360;4.534482;8.040865;3.793063;7.408189;8.670188;7.483745;5.074111;5.979185;5.932641;9.246211;8.573668;7.022429;3.654061
0.260000;-5.237482;2.875119;3.492970;3.526322;2.984433;3.355440;1.821126;3.148515;4.114280;1.572290;5.328434;1.705253;3.271580;2.329861;3.614893;4.054121;2.571995;1.873252;2.941456;3.790094;5.345081;2.804355;3.813047;4.124102;1.666975;3.866185;3.458943;2.679046;3.500342;2.963524;4.814399;2.992670;4.506558;4.891173;4.791498;1.903176;2.970264;1.334525;3.561861;5.667738;4.924531;1.507705;5.125749;1.915914;5.014724;3.265302;4.031874;4.402264;5.598708;3.655521;2.755454;5.382971;2.707195;1.809436;3.113202;3.367669;3.827839;4.583869;1.862828;5.108686;1.349660;2.696001;1.688363;2.580157;4.130182;4.797309;3.453642;4.088915;3.189855;4.741702;5.122606;3.798409;4.277839;3.243539;2.108099;4.540688;2.147845;1.529722;1.576728;5.038127;1.855824;2.446530;4.164475;4.821204;1.498681;4.116758;2.760398;1.700355;4.312760;4.759446;4.883341;3.156501;4.751601;1.468331;3.609633;3.957739;1.620981;5.538088;6.029794;4.183545;3.859227;3.372518;3.013544;2.151077;2.543044;4.017015;3.436944;4.754314;3.883575;4.183049;2.646994;3.407767;2.615646;5.468089;3.608869;4.960495;6.185080;6.080954;9.305521;5.596955;4.555180;9.104685;5.190737;4.723808;4.882864;7.450463;6.489023;7.223826;7.047192;8.915277;8.857972;7.042061;5.358988;5.081419;8.929086;5.298678;4.217400;8.195053;7.098435;6.065794;6.063119;6.534826;7.235002;9.005726;7.273585;7.081179;5.208234;7.927949;7.390089;8.734094;3.680402;4.273034;7.052758;8.436543;5.879804;6.769339;7.149060;8.837745;8.140263;9.377384;7.073431;3.267442;7.484482;4.539806;8.041889;3.795852;7.413248;8.675511;7.488620;5.075374;5.984635;5.936853;9.251407;8.578812;7.022951;3.654061
0.260000;-5.252947;2.875221;3.494520;3.527602;2.985613;3.357928;1.819364;3.155121;4.114949;1.573631;5.329340;1.706344;3.273652;2.330450;3.615467;4.057657;2.621968;1.875347;2.942327;3.792947;5.346568;2.806232;3.813512;4.125356;1.668784;3.870484;3.460572;2.683684;3.502340;2.964872;4.814400;2.995906;4.507448;4.891902;4.791915;1.907518;2.972095;1.335229;3.564626;5.672733;4.926118;1.508148;5.126397;1.916742;5.017568;3.265974;4.032212;4.402992;5.601090;3.656099;2.756969;5.385395;2.707923;1.810336;3.115153;3.369457;3.831859;4.583446;1.863985;5.110470;1.349543;2.698543;1.690277;2.580948;4.131375;4.799156;3.454660;4.091585;3.190419;4.741443;5.124178;3.769794;4.281979;3.246114;2.109283;4.543691;2.149380;1.530512;1.577144;5.040385;1.856998;2.442780;4.164817;4.822142;1.499179;4.119362;2.761416;1.686625;4.311938;4.764388;4.885137;3.158886;4.751972;1.465379;3.610273;3.958755;1.622005;5.542529;6.033828;4.183928;3.861993;3.375203;3.015011;2.152658;2.544060;4.018314;3.438794;4.755074;3.883854;4.185349;2.646994;3.409226;2.616914;5.469708;3.613085;4.970265;6.186075;6.081073;9.306353;5.597078;4.555707;9.106591;5.192971;4.724300;4.883206;7.450315;6.485225;7.230139;7.045184;8.918446;8.860800;7.042861;5.358840;5.084359;8.932666;5.298678;4.212658;8.197584;7.099004;6.066552;6.072105;6.537690;7.247881;9.006694;7.273585;7.081341;5.208695;7.931379;7.391870;8.733324;3.678798;4.275679;7.053806;8.437827;5.880836;6.784729;7.149881;8.838304;8.152020;9.379333;7.075533;3.267442;7.485337;4.548518;8.042331;3.797294;7.417425;8.680513;7.492390;5.075931;5.992666;5.939601;9.255948;8.583201;7.023169;3.654061
0.260000;-5.068773;2.877152;3.494248;3.527395;2.985430;3.357418;1.819203;3.153781;4.114871;1.573407;5.329214;1.706179;3.273247;2.328240;3.615475;4.056899;2.578671;1.874936;2.942209;3.792351;5.346311;2.805876;3.813467;4.125155;1.668446;3.873990;3.460274;2.682688;3.501947;2.964648;4.814400;2.995216;4.507328;4.891812;4.791877;1.902504;2.971754;1.335146;3.564050;5.671663;4.925837;1.508107;5.126323;1.916635;5.016971;3.265897;4.032185;4.402905;5.600608;3.656037;2.756706;5.384904;2.707836;1.810212;3.114778;3.369128;3.828994;4.585136;1.863806;5.110139;1.349321;2.698022;1.689916;2.579348;4.131187;4.798806;3.454511;4.091031;3.190357;4.742197;5.123901;3.798409;4.281088;3.245585;2.109099;4.543058;2.149111;1.533445;1.577107;5.039932;1.856813;2.444752;4.164790;4.822012;1.499130;4.118825;2.761268;1.691113;4.311373;4.763334;4.884801;3.158403;4.751941;1.475836;3.610200;3.958609;1.621856;5.541572;6.032957;4.183895;3.861415;3.374599;3.014759;2.152377;2.543914;4.018103;3.438447;4.754980;3.883834;4.184887;2.646994;3.408978;2.616709;5.469416;3.612178;4.968183;6.185933;6.079960;9.306243;5.597071;4.555654;9.106232;5.192530;4.724254;4.884998;7.450334;6.484859;7.228851;7.045102;8.917781;8.860212;7.042760;5.358559;5.083741;8.931899;5.298678;4.209597;8.194726;7.098351;6.066461;6.070479;6.537090;7.246005;9.006556;7.273585;7.081332;5.208652;7.930648;7.391542;8.734920;3.680647;4.275133;7.053652;8.437621;5.880688;6.782815;7.149772;8.838244;8.150193;9.378963;7.075125;3.267441;7.484508;4.546931;8.042290;3.797046;7.416526;8.679456;7.491579;5.075872;5.991147;5.939031;9.254975;8.582258;7.023155;3.654061
0.260000;-5.116349;2.875889;3.496757;3.529531;2.987422;3.361019;1.820092;3.160172;4.116066;1.575632;5.330793;1.708045;3.276396;2.329087;3.624097;4.061455;2.621968;1.878115;2.943731;3.796313;5.348738;2.808805;3.814315;4.127257;1.671284;3.864357;3.462884;2.688035;3.505013;2.966882;4.814400;2.999525;4.508883;4.893110;4.792643;1.902640;2.974618;1.336400;3.567930;5.677242;4.928393;1.508918;5.127482;1.918092;5.020926;3.267097;4.032806;4.404201;5.604104;3.657079;2.759168;5.388441;2.709130;1.811781;3.117789;3.371938;3.832044;4.577994;1.865767;5.112944;1.349301;2.701684;1.692881;2.580460;4.133195;4.801698;3.456265;4.094820;3.191376;4.741561;5.126435;3.684646;4.286106;3.249278;2.111098;4.547160;2.151599;1.531118;1.577870;5.043293;1.858797;2.441581;4.165421;4.823641;1.500036;4.122550;2.763022;1.696533;4.311192;4.768867;4.887622;3.161899;4.752622;1.475836;3.611346;3.960360;1.623621;5.546793;6.037896;4.184601;3.865300;3.371957;3.017154;2.154928;2.545662;4.020267;3.441339;4.756325;3.884350;4.188297;2.646994;3.411364;2.618832;5.472013;3.617238;5.070034;6.187642;6.080040;9.307707;5.597304;4.556610;9.109179;5.195857;4.725142;4.884548;7.450952;6.483480;7.235096;7.052145;8.922011;8.864131;7.044171;5.358586;5.087783;8.936473;5.298677;4.212435;8.194929;7.100197;6.067801;6.077701;6.541060;7.254058;9.008227;7.273582;7.081634;5.209492;7.935113;7.394343;8.733356;3.678288;4.278892;7.055448;8.439754;5.882453;6.791166;7.151212;8.839255;8.158060;9.381961;7.078305;3.267442;7.485088;4.554063;8.043098;3.799408;7.421561;8.685011;7.496318;5.076876;5.998065;5.942883;9.260253;8.587439;7.023560;3.654060
0.260000;-5.251484;2.875149;3.502376;3.534314;2.991886;3.369147;1.820511;3.175835;4.118759;1.580611;5.334333;1.712222;3.283456;2.328520;3.614696;4.071907;2.611753;1.885248;2.947153;3.805292;5.354168;2.815363;3.816238;4.131967;1.677642;3.880125;3.468717;2.700572;3.511884;2.971881;4.814400;3.009353;4.512380;4.896030;4.794377;1.902331;2.981035;1.339227;3.576715;5.690416;4.934115;1.510755;5.130098;1.921368;5.029881;3.269806;4.034218;4.407119;5.611973;3.659432;2.764679;5.396409;2.712046;1.815302;3.124534;3.378237;3.838767;4.580596;1.870160;5.119228;1.349314;2.709943;1.699528;2.579350;4.137695;4.808167;3.460198;4.103384;3.193674;4.749087;5.132113;3.684458;4.297746;3.257615;2.115577;4.556478;2.157170;1.533332;1.579599;5.050845;1.863236;2.442210;4.166856;4.827302;1.502086;4.130965;2.766954;1.688072;4.311075;4.781926;4.893939;3.169770;4.754171;1.468047;3.613931;3.964288;1.627575;5.558987;6.049329;4.186198;3.874082;3.376487;3.022512;2.160636;2.549584;4.025109;3.447814;4.759351;3.885527;4.195966;2.646994;3.416702;2.623584;5.477829;3.629007;4.984540;6.191485;6.080003;9.310992;5.597835;4.558773;9.115796;5.203341;4.727162;4.882183;7.450044;6.484238;7.250323;7.047555;8.931680;8.873034;7.047343;5.358409;5.096961;8.946988;5.298678;4.213685;8.196556;7.101020;6.070827;6.096488;6.550066;7.277120;9.011976;7.273585;7.082329;5.211397;7.945347;7.400620;8.733338;3.678503;4.287390;7.059478;8.444546;5.886423;6.816604;7.154452;8.841540;8.179960;9.388698;7.085444;3.267442;7.484213;4.572518;8.044933;3.804689;7.433258;8.698165;7.507236;5.079151;6.015668;5.951612;9.272614;8.599525;7.024485;3.654061
0.260000;-5.232834;2.875050;3.495656;3.528635;2.986603;3.359241;1.819736;3.155915;4.115625;1.574687;5.330178;1.707290;3.274912;2.330221;3.616590;4.058971;2.609849;1.876617;2.943142;3.794281;5.347684;2.807462;3.814019;4.126381;1.669993;3.871458;3.461730;2.684869;3.503585;2.965935;4.814400;2.997235;4.508277;4.892622;4.792378;1.907452;2.973311;1.335933;3.565958;5.673857;4.927266;1.508636;5.127056;1.917534;5.018898;3.266652;4.032597;4.403715;5.602396;3.656703;2.758095;5.386706;2.708642;1.811170;3.116393;3.370663;3.829711;4.578135;1.864963;5.111673;1.349333;2.699865;1.691513;2.579573;4.132369;4.800377;3.455566;4.092912;3.191011;4.741398;5.125322;3.764944;4.283236;3.247436;2.110274;4.545026;2.150508;1.530434;1.577607;5.041671;1.857980;2.441576;4.165208;4.823000;1.499716;4.120685;2.762323;1.687525;4.311774;4.765526;4.886343;3.160192;4.752390;1.468344;3.610925;3.959661;1.622917;5.543741;6.035097;4.184361;3.863325;3.380362;3.016118;2.153805;2.544965;4.019357;3.440016;4.755816;3.884179;4.186642;2.646994;3.410335;2.617943;5.470864;3.614331;4.961533;6.186964;6.082216;9.307145;5.597231;4.556268;9.107825;5.194260;4.724829;4.882360;7.450926;6.486442;7.231007;7.045200;8.919776;8.862133;7.043632;5.358375;5.085695;8.933972;5.298679;4.210834;8.194592;7.105526;6.067297;6.072299;6.539024;7.246981;9.007567;7.273582;7.081538;5.209198;7.932706;7.393077;8.733451;3.678485;4.277005;7.054728;8.438860;5.881748;6.783106;7.150663;8.838893;8.151441;9.380572;7.076804;3.267441;7.484300;4.548794;8.042819;3.798393;7.418679;8.681643;7.493690;5.076517;5.993116;5.940930;9.257151;8.584425;7.023429;3.654060
0.260000;-5.463787;2.882900;3.495393;3.528445;2.986435;3.358675;1.820245;3.153692;4.115563;1.574485;5.330072;1.707145;3.274488;2.328824;3.635567;4.058012;2.621968;1.876185;2.943044;3.793582;5.347439;2.807098;3.813987;4.126196;1.669654;3.873132;3.461447;2.683468;3.503188;2.965726;4.814399;2.996392;4.508176;4.892550;4.792351;1.902542;2.972965;1.335866;3.565292;5.672313;4.926992;1.508606;5.126998;1.917444;5.018206;3.266591;4.032578;4.403643;5.601868;3.656655;2.757842;5.386162;2.708571;1.811067;3.116009;3.370329;3.827219;4.578918;1.864803;5.111341;1.349664;2.699279;1.691139;2.579347;4.132199;4.800023;3.455438;4.092282;3.190965;4.741960;5.125052;3.765561;4.282037;3.246839;2.110107;4.544272;2.150253;1.531321;1.577579;5.041189;1.857816;2.441720;4.165188;4.822892;1.499678;4.120078;2.762194;1.686080;4.315302;4.763998;4.886006;3.159661;4.752368;1.469247;3.610869;3.959533;1.622784;5.542422;6.033940;4.184336;3.862662;3.373442;3.015879;2.153532;2.544837;4.019159;3.439662;4.755739;3.884165;4.186151;2.646994;3.410094;2.617755;5.470582;3.613099;4.966358;6.186841;6.081578;9.307056;5.597228;4.556228;9.107451;5.193779;4.724793;4.882785;7.450550;6.483479;7.228904;7.046525;8.918962;8.861442;7.043548;5.358747;5.084963;8.932996;5.298676;4.215334;8.197886;7.099811;6.067217;6.069086;6.538320;7.242185;9.007447;7.273578;7.081532;5.209166;7.931778;7.392742;8.733465;3.678849;4.276381;7.054592;8.438669;5.881614;6.777338;7.150576;8.838847;8.147092;9.380189;7.076366;3.267442;7.484271;4.545690;8.042788;3.798161;7.417461;8.680086;7.492629;5.076472;5.990294;5.940268;9.255787;8.583124;7.023419;3.654060
0.260000;-4.866254;2.888276;3.493588;3.526863;2.984944;3.356295;1.820644;3.150345;4.114610;1.572847;5.328851;1.705733;3.272337;2.328765;3.614928;4.055223;2.601687;1.874013;2.941859;3.791038;5.345683;2.805060;3.813289;4.124634;1.667665;3.864425;3.459584;2.680401;3.501076;2.964085;4.814400;2.993702;4.506970;4.891525;4.791718;1.905871;2.970961;1.334868;3.562784;5.669171;4.925160;1.507938;5.126070;1.916305;5.015668;3.265632;4.032057;4.402616;5.599539;3.655813;2.756063;5.383815;2.707546;1.809852;3.113929;3.368353;3.827181;4.578498;1.863329;5.109369;1.349313;2.696874;1.689081;2.579364;4.130696;4.798009;3.454097;4.089816;3.190140;4.745017;5.123232;3.764575;4.279078;3.244418;2.108610;4.541668;2.148458;1.529939;1.576948;5.038927;1.856331;2.444751;4.164660;4.821633;1.498937;4.117640;2.760856;1.686509;4.317464;4.760874;4.884027;3.157336;4.751800;1.465425;3.609950;3.958195;1.621439;5.539392;6.031009;4.183751;3.860150;3.371860;3.014141;2.151704;2.543502;4.017561;3.437646;4.754679;3.883729;4.183861;2.646994;3.408363;2.616180;5.468728;3.610128;4.967393;6.185530;6.080215;9.305915;5.597027;4.555449;9.105402;5.191540;4.724065;4.882248;7.450159;6.483540;7.225588;7.045305;8.916304;8.858916;7.042441;5.358525;5.082384;8.930201;5.298676;4.214839;8.194789;7.098372;6.066157;6.065584;6.535774;7.238584;9.006164;7.273589;7.081272;5.208475;7.929027;7.390776;8.735637;3.678310;4.273931;7.053224;8.437087;5.880264;6.773724;7.149449;8.838028;8.143517;9.378113;7.074198;3.267442;7.484799;4.542195;8.042122;3.796443;7.414495;8.676960;7.489777;5.075657;5.986842;5.937774;9.252745;8.580112;7.023073;3.654061
0.260000;-5.469351;2.883002;3.503682;3.535433;2.992932;3.371010;1.819241;3.179203;4.119395;1.581771;5.335166;1.713202;3.285082;2.328254;3.614576;4.074269;2.607591;1.886896;2.947958;3.807340;5.355431;2.816880;3.816693;4.133067;1.679116;3.881913;3.470073;2.703357;3.513469;2.973048;4.814400;3.011583;4.513199;4.896716;4.794788;1.906231;2.982522;1.339894;3.578722;5.693323;4.935446;1.511191;5.130716;1.922140;5.031924;3.270447;4.034554;4.407807;5.613780;3.659990;2.765962;5.398240;2.712734;1.816130;3.126094;3.379699;3.834559;4.579720;1.871187;5.120685;1.349303;2.711835;1.701068;2.580540;4.138750;4.809665;3.461121;4.105345;3.194218;4.741645;5.133432;3.756774;4.300350;3.259527;2.116625;4.558600;2.158465;1.530133;1.580010;5.052583;1.864275;2.441558;4.167196;4.828159;1.502571;4.132893;2.767877;1.688807;4.342848;4.784813;4.895403;3.171580;4.754539;1.465407;3.614542;3.965208;1.628501;5.561700;6.051893;4.186578;3.876091;3.372884;3.023760;2.161967;2.550504;4.026240;3.449314;4.760065;3.885808;4.197721;2.646994;3.417947;2.624693;5.479179;3.631638;4.960603;6.192386;6.080636;9.311769;5.597963;4.559287;9.117329;5.205066;4.727641;4.882317;7.455767;6.485679;7.253619;7.046041;8.933886;8.875067;7.048090;5.358377;5.099053;8.949362;5.298678;4.210690;8.197277;7.105252;6.071536;6.100378;6.552122;7.281576;9.012856;7.273589;7.082495;5.211850;7.947664;7.402077;8.733360;3.678425;4.289333;7.060423;8.445662;5.887355;6.821284;7.155219;8.842083;8.184280;9.390255;7.087098;3.267442;7.484267;4.576363;8.045368;3.805919;7.435873;8.701072;7.509692;5.079690;6.019366;5.953610;9.275364;8.602217;7.024705;3.654061
0.260000;-5.565831;2.890725;3.493148;3.526439;2.984529;3.355922;1.822698;3.151118;4.114300;1.572416;5.328483;1.705331;3.271914;2.328333;3.621386;4.055053;2.621968;1.873598;2.941499;3.790723;5.345244;2.804625;3.813051;4.124212;1.667226;3.867269;3.459143;2.680533;3.500649;2.963656;4.814400;2.993461;4.506604;4.891199;4.791499;1.902305;2.970524;1.334548;3.562454;5.669408;4.924721;1.507709;5.125767;1.915952;5.015350;3.265321;4.031875;4.402289;5.599149;3.655534;2.755624;5.383430;2.707219;1.809484;3.113497;3.367915;3.830124;4.584733;1.862919;5.108931;1.350988;2.696506;1.688649;2.581514;4.130281;4.797566;3.453707;4.089465;3.189867;4.742341;5.122792;3.798409;4.279069;3.244056;2.108195;4.541381;2.148019;1.535731;1.576730;5.038521;1.855918;2.444816;4.164474;4.821257;1.498686;4.117282;2.760462;1.686585;4.324749;4.761095;4.883590;3.156945;4.751601;1.475835;3.609649;3.957804;1.621047;5.539465;6.030967;4.183546;3.859823;3.372238;3.013705;2.151263;2.543113;4.017136;3.437210;4.754344;3.883573;4.183465;2.646994;3.407928;2.615757;5.468287;3.610135;4.961128;6.185141;6.079874;9.305560;5.596952;4.555188;9.104965;5.191129;4.723813;4.881991;7.450165;6.485502;7.226256;7.050236;8.916047;8.858596;7.042096;5.358606;5.082088;8.930037;5.298676;4.238519;8.200006;7.104155;6.065825;6.067203;6.535460;7.241652;9.005785;7.273589;7.081176;5.208238;7.928839;7.390336;8.735167;3.679792;4.273579;7.052830;8.436669;5.879874;6.777680;7.149097;8.837754;8.146162;9.377679;7.073781;3.267442;7.484221;4.543719;8.041890;3.796008;7.414493;8.677201;7.489666;5.075384;5.988114;5.937438;9.252842;8.580167;7.022949;3.654061
0.260000;-5.294585;2.875975;3.486690;3.520918;2.979369;3.346687;1.819882;3.133896;4.111160;1.566679;5.324370;1.700494;3.263853;2.328239;3.614767;4.043294;2.621968;1.865450;2.937527;3.780555;5.338994;2.797119;3.810802;4.118776;1.659942;3.864685;3.452447;2.666554;3.492798;2.957892;4.814400;2.982376;4.502545;4.887801;4.789469;1.902770;2.963171;1.331258;3.552498;5.654773;4.918145;1.505557;5.122716;1.912145;5.005207;3.262165;4.030218;4.398891;5.590196;3.652785;2.749286;5.374367;2.703824;1.805396;3.105784;3.360697;3.830255;4.578066;1.857838;5.101728;1.349472;2.687123;1.681042;2.579381;4.125081;4.790164;3.449150;4.079754;3.187184;4.743314;5.116268;3.798409;4.266042;3.234588;2.103019;4.530843;2.141614;1.541903;1.574704;5.029916;1.850785;2.442134;4.162792;4.817012;1.496292;4.107733;2.755912;1.686263;4.311059;4.746569;4.876351;3.147988;4.749786;1.497006;3.606637;3.953252;1.616464;5.525856;6.018159;4.181673;3.849865;3.372260;3.007537;2.144705;2.538568;4.011547;3.429794;4.750822;3.882190;4.174733;2.646994;3.401780;2.610272;5.461610;3.596969;4.960567;6.180691;6.079877;9.301741;5.596323;4.552659;9.097395;5.182597;4.721453;4.882800;7.458446;6.483626;7.209485;7.046673;8.905133;8.848508;7.038406;5.358717;5.071703;8.918208;5.298678;4.214909;8.194803;7.098351;6.062305;6.046830;6.525263;7.217162;9.001431;7.273585;7.080359;5.206010;7.917312;7.383140;8.733871;3.678423;4.263937;7.048161;8.431135;5.875278;6.751013;7.145333;8.835087;8.122763;9.369975;7.065625;3.267441;7.484465;4.523676;8.039745;3.789927;7.401408;8.662570;7.477410;5.072731;5.968934;5.927544;9.239053;8.566666;7.021860;3.654061
0.260000;-5.102198;2.876228;3.494400;3.527484;2.985499;3.357825;1.820670;3.155425;4.114862;1.573510;5.329237;1.706234;3.273535;2.328423;3.618076;4.057622;2.546368;1.875232;2.942225;3.792866;5.346447;2.806118;3.813445;4.125240;1.668664;3.864995;3.460447;2.683751;3.502221;2.964753;4.814399;2.995848;4.507348;4.891810;4.791854;1.902673;2.971976;1.335140;3.564540;5.672842;4.925998;1.508084;5.126312;1.916645;5.017486;3.265887;4.032160;4.402901;5.600989;3.656021;2.756848;5.385293;2.707832;1.810233;3.115033;3.369337;3.826658;4.581086;1.863871;5.110349;1.349373;2.698445;1.690162;2.579597;4.131259;4.799039;3.454551;4.091494;3.190341;4.744639;5.124057;3.798409;4.282002;3.246017;2.109169;4.543619;2.149261;1.530095;1.577082;5.040276;1.856881;2.454377;4.164765;4.822038;1.499110;4.119269;2.761309;1.686770;4.311526;4.764485;4.885016;3.158781;4.751915;1.475837;3.610188;3.958648;1.621897;5.542576;6.033835;4.183872;3.861907;3.373216;3.014891;2.152536;2.543954;4.018196;3.438677;4.754981;3.883809;4.185245;2.646994;3.409106;2.616797;5.469585;3.613106;4.962099;6.185966;6.080151;9.306253;5.597055;4.555634;9.106473;5.192860;4.724230;4.881965;7.450032;6.483456;7.230402;7.045101;8.918384;8.860712;7.042766;5.358373;5.084283;8.932619;5.298677;4.209542;8.194925;7.099274;6.066459;6.072762;6.537607;7.249260;9.006585;7.273585;7.081315;5.208629;7.931334;7.391750;8.733683;3.678288;4.275584;7.053696;8.437711;5.880725;6.786633;7.149781;8.838227;8.153180;9.379214;7.075423;3.267442;7.484487;4.549140;8.042268;3.797173;7.417444;8.680627;7.492378;5.075855;5.993176;5.939509;9.256002;8.583240;7.023133;3.654060
0.260000;-5.348418;2.877464;3.492265;3.525726;2.983878;3.354433;1.819725;3.146985;4.113953;1.571667;5.327997;1.704732;3.270699;2.329237;3.615499;4.052876;2.621968;1.872365;2.941034;3.788995;5.344402;2.803532;3.812817;4.123514;1.666178;3.865154;3.458214;2.677637;3.499480;2.962900;4.814399;2.991482;4.506125;4.890816;4.791289;1.903351;2.969462;1.334182;3.560781;5.666286;4.923814;1.507486;5.125432;1.915514;5.013628;3.264973;4.031709;4.401907;5.597727;3.655238;2.754760;5.381983;2.706837;1.809003;3.112358;3.366880;3.826638;4.578080;1.862281;5.107900;1.349864;2.694978;1.687533;2.581678;4.129624;4.796490;3.453154;4.087857;3.189580;4.741621;5.121895;3.790806;4.276494;3.242509;2.107541;4.539552;2.147146;1.531902;1.576522;5.037183;1.855272;2.441736;4.164306;4.820752;1.498435;4.115714;2.759913;1.692036;4.314228;4.758008;4.882549;3.155524;4.751418;1.470541;3.609319;3.957252;1.620490;5.536700;6.028465;4.183356;3.858148;3.374909;3.012877;2.150362;2.542561;4.016411;3.436133;4.753944;3.883437;4.182094;2.646994;3.407099;2.615052;5.467362;3.607517;4.969922;6.184608;6.079972;9.305120;5.596894;4.554919;9.103860;5.189806;4.723567;4.883270;7.450361;6.484307;7.222312;7.045914;8.914113;8.856887;7.041673;5.359070;5.080299;8.927839;5.298676;4.213046;8.195278;7.103742;6.065423;6.061657;6.533724;7.233944;9.005262;7.273589;7.081099;5.208007;7.926726;7.389301;8.734085;3.679708;4.271986;7.052259;8.435951;5.879315;6.768710;7.148664;8.837468;8.139055;9.376543;7.072542;3.267442;7.485757;4.538327;8.041671;3.795194;7.411903;8.674074;7.487339;5.075102;5.983123;5.935781;9.250012;8.577436;7.022844;3.654062
0.260000;-5.635917;2.896804;3.498163;3.530760;2.988581;3.362900;1.819494;3.163064;4.116806;1.576903;5.331739;1.709139;3.278085;2.328453;3.620386;4.063706;2.621968;1.879815;2.944650;3.798335;5.350107;2.810395;3.814856;4.128470;1.672836;3.864558;3.464333;2.690571;3.506666;2.968157;4.814400;3.001681;4.509818;4.893906;4.793132;1.903070;2.976182;1.337172;3.569922;5.679862;4.929820;1.509436;5.128203;1.918975;5.022943;3.267841;4.033210;4.404995;5.605936;3.657732;2.760551;5.390292;2.709924;1.812723;3.119415;3.373481;3.833588;4.577979;1.866910;5.114483;1.349418;2.703586;1.694490;2.581624;4.134362;4.803285;3.457304;4.096776;3.192015;4.741636;5.127854;3.688175;4.288522;3.251192;2.112260;4.549235;2.152997;1.543983;1.578359;5.045070;1.859949;2.450398;4.165830;4.824615;1.500609;4.124477;2.764061;1.687207;4.323597;4.771468;4.889169;3.163733;4.753063;1.474887;3.612058;3.961397;1.624662;5.549282;6.040286;4.185055;3.867290;3.373140;3.018506;2.156352;2.546698;4.021507;3.442915;4.757146;3.884689;4.190098;2.646994;3.412711;2.620053;5.473460;3.619675;4.962273;6.188660;6.079881;9.308593;5.597459;4.557214;9.110785;5.197622;4.725709;4.882478;7.455238;6.484288;7.237945;7.048114;8.924149;8.866142;7.045028;5.360131;5.089839;8.938742;5.298676;4.263042;8.195634;7.119119;6.068623;6.080885;6.543089;7.257546;9.009222;7.273589;7.081837;5.210028;7.937333;7.395881;8.733730;3.678655;4.280835;7.056509;8.440987;5.883502;6.794768;7.152090;8.839892;8.161470;9.383591;7.080009;3.267442;7.484953;4.557224;8.043617;3.800743;7.423986;8.687627;7.498632;5.077511;6.001151;5.944866;9.262769;8.589914;7.023828;3.654060
0.260000;-5.452869;2.882150;3.495126;3.528104;2.986076;3.358877;1.819924;3.157451;4.115212;1.574156;5.329694;1.706774;3.274445;2.328678;3.623495;4.058978;2.621968;1.876158;2.942668;3.794029;5.347149;2.806963;3.813695;4.125849;1.669487;3.884717;3.461204;2.685378;3.503110;2.965400;4.814400;2.997124;4.507799;4.892190;4.792079;1.903251;2.972806;1.335508;3.565678;5.674551;4.926736;1.508323;5.126651;1.917070;5.018645;3.266239;4.032344;4.403280;5.602003;3.656326;2.757561;5.386325;2.708208;1.810689;3.115902;3.370153;3.826154;4.578576;1.864439;5.111162;1.350030;2.699517;1.691021;2.579376;4.131841;4.799871;3.455062;4.092601;3.190640;4.741650;5.124791;3.798409;4.283510;3.247099;2.109747;4.544828;2.149977;1.530933;1.577309;5.041251;1.857456;2.442173;4.164951;4.822512;1.499374;4.120354;2.761821;1.686102;4.314141;4.766183;4.885833;3.159800;4.752117;1.469347;3.610524;3.959157;1.622408;5.544158;6.035319;4.184082;3.863045;3.372679;3.015584;2.153273;2.544460;4.018822;3.439514;4.755373;3.883963;4.186233;2.646994;3.409800;2.617412;5.470339;3.614637;4.962143;6.186463;6.079864;9.306683;5.597125;4.555915;9.107330;5.193832;4.724492;4.882502;7.450037;6.484467;7.232379;7.045108;8.919640;8.861866;7.043178;5.359181;5.085474;8.933992;5.298678;4.212682;8.194596;7.107905;6.066852;6.075159;6.538776;7.252082;9.007071;7.273578;7.081405;5.208876;7.932663;7.392561;8.734502;3.678491;4.276687;7.054219;8.438325;5.881240;6.789647;7.150202;8.838525;8.155898;9.380088;7.076346;3.267442;7.484550;4.551500;8.042506;3.797858;7.418963;8.682327;7.493793;5.076150;5.995436;5.940642;9.257610;8.584813;7.023254;3.654060
0.260000;-5.239550;2.875131;3.491137;3.524787;2.983009;3.352712;1.821309;3.143412;4.113457;1.570685;5.327326;1.703928;3.269236;2.328247;3.616849;4.050584;2.621968;1.870879;2.940389;3.787068;5.343316;2.802186;3.812472;4.122591;1.664880;3.865377;3.457036;2.674830;3.498064;2.961912;4.814400;2.989345;4.505465;4.890273;4.790982;1.904151;2.968150;1.333658;3.558902;5.663318;4.922663;1.507157;5.124951;1.914897;5.011705;3.264473;4.031459;4.401366;5.596071;3.654808;2.753660;5.380303;2.706296;1.808335;3.110975;3.365597;3.834807;4.579247;1.861427;5.106619;1.349545;2.693226;1.686167;2.579453;4.128745;4.795171;3.452401;4.086032;3.189161;4.741674;5.120754;3.798409;4.273909;3.240738;2.106669;4.537543;2.146034;1.530756;1.576213;5.035603;1.854408;2.443563;4.164052;4.820056;1.498066;4.113925;2.759158;1.686607;4.311131;4.755071;4.881261;3.153865;4.751144;1.468078;3.608846;3.956499;1.619731;5.533973;6.025928;4.183072;3.856268;3.375994;3.011807;2.149216;2.541809;4.015459;3.434809;4.753380;3.883231;4.180480;2.646994;3.406038;2.614118;5.466189;3.604899;5.012719;6.183873;6.080090;9.304502;5.596802;4.554527;9.102503;5.188241;4.723204;4.883731;7.450025;6.486046;7.218843;7.051242;8.912019;8.854984;7.041079;5.358426;5.078326;8.925539;5.298676;4.264171;8.194654;7.103376;6.064859;6.057351;6.531790;7.228726;9.004547;7.273585;7.080980;5.207665;7.924493;7.388026;8.736527;3.678996;4.270177;7.051483;8.435004;5.878552;6.763037;7.148056;8.837053;8.134075;9.375158;7.071064;3.267442;7.492648;4.534106;8.041343;3.794141;7.409302;8.671111;7.484933;5.074688;5.979098;5.933918;9.247249;8.574739;7.022684;3.654061
0.260000;-4.999856;2.879849;3.485494;3.519929;2.978456;3.344836;1.819227;3.130083;4.110653;1.565637;5.323673;1.699650;3.262279;2.328333;3.615288;4.040821;2.621968;1.863855;2.936856;3.778476;5.337845;2.795679;3.810454;4.117805;1.658559;3.868480;3.451189;2.663525;3.491279;2.956850;4.814399;2.980068;4.501860;4.887242;4.789155;1.903168;2.961773;1.330718;3.550473;5.651566;4.916924;1.505226;5.122224;1.911509;5.003136;3.261652;4.029968;4.398334;5.588413;3.652347;2.748117;5.372561;2.703265;1.804704;3.104294;3.359327;3.827819;4.579129;1.856944;5.100363;1.349332;2.685236;1.679583;2.580288;4.124160;4.788744;3.448360;4.077783;3.186757;4.741398;5.115056;3.798409;4.263247;3.232683;2.102103;4.528675;2.140429;1.530511;1.574393;5.028217;1.849878;2.446823;4.162538;4.816288;1.495916;4.105803;2.755123;1.695100;4.312871;4.743408;4.874977;3.146208;4.749511;1.465390;3.606149;3.952466;1.615671;5.522914;6.015422;4.181388;3.847834;3.373338;3.006407;2.143485;2.537783;4.010544;3.428380;4.750240;3.881985;4.173000;2.646994;3.400651;2.609288;5.460365;3.594151;4.963445;6.179924;6.080478;9.301104;5.596235;4.552261;9.095951;5.180920;4.721086;4.882010;7.451015;6.483959;7.205786;7.045684;8.902882;8.846461;7.037793;5.358386;5.069575;8.915729;5.298676;4.234469;8.194794;7.099671;6.061726;6.042350;6.523180;7.211962;9.000688;7.273582;7.080242;5.205665;7.914898;7.381783;8.734190;3.679585;4.261990;7.047356;8.430150;5.874483;6.745569;7.144704;8.834662;8.117729;9.368501;7.064039;3.267442;7.485267;4.519272;8.039415;3.788815;7.398608;8.659398;7.474815;5.072309;5.964699;5.925538;9.236076;8.563760;7.021703;3.654060
0.260000;-5.380972;2.878647;3.496986;3.529766;2.987656;3.361156;1.819588;3.159451;4.116257;1.575866;5.331011;1.708277;3.276579;2.328268;3.619736;4.061409;2.527683;1.878300;2.943949;3.796387;5.348968;2.809008;3.814468;4.127493;1.671496;3.864934;3.463108;2.687762;3.505211;2.967116;4.814400;2.999533;4.509100;4.893309;4.792782;1.907122;2.974826;1.336597;3.568021;5.676887;4.928618;1.509065;5.127671;1.918305;5.020999;3.267289;4.032926;4.404400;5.604248;3.657254;2.759396;5.388583;2.709328;1.811999;3.117988;3.372151;3.833358;4.579303;1.866000;5.113157;1.349640;2.701803;1.693082;2.579469;4.133430;4.801900;3.456494;4.094926;3.191549;4.741430;5.126662;3.704531;4.285937;3.249398;2.111331;4.547209;2.151825;1.533632;1.578010;5.043455;1.859029;2.446700;4.165543;4.823864;1.500195;4.122668;2.763250;1.686061;4.311788;4.768526;4.887834;3.162045;4.752751;1.471039;3.611534;3.960587;1.623846;5.546563;6.037747;4.184731;3.865390;3.371810;3.017385;2.155154;2.545890;4.020499;3.441547;4.756528;3.884452;4.188457;2.646994;3.411592;2.619065;5.472238;3.617053;4.970377;6.187871;6.080213;9.307918;5.597353;4.556775;9.109383;5.196023;4.725299;4.882199;7.450587;6.485815;7.234453;7.045566;8.922039;8.864219;7.044380;5.359769;5.087845;8.936419;5.298678;4.209943;8.197703;7.102519;6.068005;6.076431;6.541137;7.251886;9.008451;7.273585;7.081699;5.209644;7.935093;7.394557;8.735231;3.683789;4.279001;7.055677;8.439990;5.882683;6.788404;7.151426;8.839429;8.156150;9.382161;7.078488;3.267442;7.492943;4.552867;8.043246;3.799639;7.421384;8.684656;7.496227;5.077050;5.997025;5.942978;9.260003;8.587218;7.023643;3.654063
0.260000;-5.321455;2.876517;3.497404;3.530073;2.987925;3.362001;1.820916;3.162325;4.116361;1.576197;5.331186;1.708514;3.277231;2.330159;3.614681;4.062772;2.621968;1.878961;2.944111;3.797412;5.349360;2.809572;3.814525;4.127791;1.672024;3.864556;3.463561;2.689672;3.505821;2.967451;4.814399;3.000749;4.509272;4.893430;4.792829;1.904323;2.975367;1.336709;3.569003;5.678984;4.929053;1.509117;5.127768;1.918455;5.022021;3.267395;4.032957;4.404521;5.605049;3.657335;2.759800;5.389399;2.709449;1.812172;3.118582;3.372674;3.826499;4.587507;1.866262;5.113676;1.350436;2.702682;1.693660;2.580773;4.133704;4.802454;3.456702;4.095861;3.191626;4.741625;5.127089;3.796969;4.287601;3.250287;2.111603;4.548308;2.152238;1.531363;1.578056;5.044194;1.859295;2.447014;4.165574;4.824048;1.500257;4.123572;2.763458;1.689050;4.319766;4.770589;4.888359;3.162844;4.752789;1.469517;3.611628;3.960800;1.624060;5.548379;6.039362;4.184773;3.866372;3.372070;3.017767;2.155587;2.546100;4.020815;3.442096;4.756657;3.884476;4.189217;2.646994;3.411976;2.619368;5.472685;3.618755;4.975257;6.188074;6.079861;9.308071;5.597361;4.556845;9.109954;5.196746;4.725363;4.882174;7.450297;6.488716;7.237179;7.045411;8.923212;8.865220;7.044521;5.358757;5.088912;8.937802;5.298676;4.210321;8.194589;7.102002;6.068134;6.080413;6.542162;7.257590;9.008645;7.273589;7.081708;5.209699;7.936393;7.395075;8.733378;3.679587;4.279923;7.055898;8.440298;5.882895;6.795173;7.151572;8.839504;8.161362;9.382752;7.079151;3.267442;7.484273;4.556721;8.043296;3.800011;7.423064;8.686746;7.497704;5.077124;6.000567;5.943949;9.261861;8.589003;7.023659;3.654061
0.420000;-4.561105;2.922368;3.489905;3.523772;2.982075;3.350746;1.821266;3.138572;4.112936;1.569620;5.326615;1.703064;3.267597;2.336233;3.615811;4.047842;2.621968;1.869213;2.939704;3.784827;5.342134;2.800688;3.812114;4.121596;1.663444;3.867574;3.455746;2.671306;3.496477;2.960843;4.814400;2.986820;4.504766;4.889703;4.790660;1.903908;2.966695;1.333109;3.556726;5.659544;4.921403;1.506816;5.124446;1.914247;5.009471;3.263949;4.031203;4.400795;5.594184;3.654360;2.752458;5.378386;2.705727;1.807629;3.109419;3.364176;3.827199;4.594133;1.860511;5.105202;1.349339;2.691220;1.684646;2.579348;4.127804;4.793703;3.451595;4.083928;3.188725;4.741411;5.119505;3.798409;4.270733;3.238706;2.105732;4.535190;2.144810;1.540650;1.575894;5.033813;1.853480;2.441607;4.163792;4.819317;1.497681;4.111864;2.758358;1.686577;4.313272;4.751339;4.879837;3.151980;4.750860;1.478102;3.608348;3.955697;1.618923;5.530590;6.022830;4.182779;3.854092;3.371803;3.010643;2.147953;2.541008;4.014429;3.433339;4.752786;3.883020;4.178662;2.646994;3.404878;2.613112;5.464903;3.601672;5.003798;6.183091;6.080453;9.303848;5.596710;4.554120;9.100993;5.186475;4.722826;4.883662;7.462896;6.483927;7.214203;7.058542;8.909550;8.852768;7.040451;5.358476;5.076020;8.922772;5.298676;4.211256;8.194627;7.098358;6.064268;6.051021;6.529542;7.220026;9.003783;7.273589;7.080858;5.207311;7.921828;7.386612;8.733975;3.679856;4.268094;7.050656;8.433995;5.877741;6.752836;7.147416;8.836619;8.126061;9.373610;7.069398;3.267442;7.486925;4.527941;8.041000;3.793003;7.406103;8.667352;7.482021;5.074258;5.973359;5.931765;9.243795;8.571395;7.022520;3.654061
0.420000;-4.895700;2.886222;3.493873;3.527096;2.985157;3.356754;1.826408;3.151483;4.114726;1.573092;5.329015;1.705930;3.272718;2.328373;3.624742;4.055861;2.593932;1.874400;2.942016;3.791559;5.345955;2.805404;3.813370;4.124861;1.667997;3.869843;3.459882;2.681223;3.501442;2.964331;4.814400;2.994290;4.507129;4.891654;4.791790;1.903949;2.971296;1.334993;3.563288;5.670053;4.925450;1.508014;5.126183;1.916452;5.016185;3.265751;4.032115;4.402746;5.599980;3.655913;2.756342;5.384257;2.707675;1.810013;3.114286;3.368682;3.826686;4.578996;1.863539;5.109696;1.353281;2.697339;1.689433;2.579929;4.130912;4.798347;3.454283;4.090302;3.190239;4.741478;5.123520;3.798409;4.279819;3.244889;2.108825;4.542213;2.148740;1.530566;1.577020;5.039343;1.856543;2.441853;4.164719;4.821800;1.499024;4.118118;2.761041;1.690166;4.318976;4.761744;4.884356;3.157771;4.751864;1.478176;3.610063;3.958379;1.621624;5.540184;6.031730;4.183816;3.860657;3.371805;3.014410;2.151994;2.543685;4.017799;3.437984;4.754813;3.883775;4.184288;2.646994;3.408631;2.616412;5.469024;3.610878;4.964527;6.185707;6.079863;9.306060;5.597046;4.555540;9.105747;5.191945;4.724148;4.884193;7.450732;6.489406;7.226680;7.049180;8.916875;8.859427;7.042584;5.358460;5.082919;8.930841;5.298676;4.222575;8.212247;7.103706;6.066291;6.067086;6.536295;7.240684;9.006338;7.273593;7.081299;5.208554;7.929643;7.391097;8.736591;3.679292;4.274413;7.053413;8.437316;5.880451;6.776180;7.149593;8.838125;8.145441;9.378466;7.074589;3.267442;7.488710;4.543657;8.042197;3.796706;7.415243;8.677835;7.490449;5.075754;5.988194;5.938273;9.253547;8.580890;7.023110;3.654060
0.420000;-6.044468;2.957761;3.497541;3.530238;2.988095;3.361951;1.820024;3.160780;4.116518;1.576357;5.331357;1.708687;3.277285;2.329136;3.614577;4.062405;2.450220;1.879007;2.944282;3.797260;5.349506;2.809661;3.814652;4.127960;1.672126;3.865490;3.463687;2.688908;3.505886;2.967610;4.814400;3.000480;4.509443;4.893593;4.792949;1.926450;2.975463;1.336871;3.568877;5.678076;4.929186;1.509240;5.127923;1.918624;5.021873;3.267551;4.033060;4.404684;5.605023;3.657481;2.759942;5.389363;2.709610;1.812344;3.118653;3.372775;3.826334;4.586208;1.866434;5.113780;1.357661;2.702615;1.693740;2.579347;4.133873;4.802544;3.456881;4.095760;3.191770;4.746593;5.127225;3.798409;4.287022;3.250215;2.111774;4.548112;2.152376;1.529709;1.578175;5.044202;1.859467;2.451661;4.165678;4.824220;1.500392;4.123490;2.763638;1.696312;4.316130;4.769708;4.888461;3.162820;4.752898;1.468679;3.611783;3.960972;1.624235;5.547683;6.038818;4.184885;3.866245;3.371875;3.017914;2.155720;2.546275;4.020979;3.442183;4.756824;3.884563;4.189209;2.646994;3.412122;2.619535;5.472813;3.618148;5.135139;6.188246;6.082745;9.308241;5.597404;4.556983;9.110038;5.196761;4.725496;4.884566;7.450048;6.497622;7.235758;7.045754;8.922971;8.865084;7.044689;5.358657;5.088736;8.937420;5.298678;4.214300;8.209088;7.099077;6.068299;6.077898;6.542012;7.253498;9.008819;7.273582;7.081763;5.209826;7.936068;7.395181;8.733397;3.680495;4.279832;7.056074;8.440464;5.883071;6.790114;7.151742;8.839647;8.157720;9.382828;7.079194;3.267443;7.485067;4.554316;8.043419;3.800161;7.422475;8.685844;7.497258;5.077269;5.998437;5.943824;9.261137;8.588336;7.023730;3.654061
0.420000;-5.158062;2.875126;3.491846;3.525366;2.983541;3.353820;1.819234;3.145479;4.113744;1.571290;5.327727;1.704417;3.270171;2.334572;3.632380;4.052049;2.621968;1.871827;2.940771;3.788307;5.343996;2.803041;3.812665;4.123160;1.665708;3.868127;3.457779;2.676580;3.498968;2.962525;4.814400;2.990714;4.505860;4.890591;4.791153;1.903076;2.968984;1.333961;3.560110;5.665153;4.923387;1.507340;5.125228;1.915261;5.012945;3.264762;4.031595;4.401681;5.597134;3.655052;2.754352;5.381382;2.706611;1.808733;3.111853;3.366410;3.826973;4.618107;1.861949;5.107431;1.350793;2.694356;1.687036;2.579733;4.129284;4.796009;3.452856;4.087209;3.189400;4.748411;5.121472;3.798409;4.275541;3.241876;2.107204;4.538834;2.146729;1.556060;1.576384;5.036617;1.854938;2.442747;4.164190;4.820473;1.498273;4.115081;2.759618;1.686951;4.311810;4.756883;4.882080;3.154930;4.751294;1.467864;3.609120;3.956954;1.620190;5.535683;6.027534;4.183229;3.857478;3.371977;3.012475;2.149934;2.542261;4.016048;3.435653;4.753711;3.883341;4.181520;2.646994;3.406703;2.614694;5.466928;3.606547;5.017599;6.184315;6.079967;9.304867;5.596849;4.554748;9.103363;5.189243;4.723409;4.886652;7.451421;6.484334;7.220868;7.056417;8.913361;8.856206;7.041429;5.358922;5.079594;8.927001;5.298676;4.216588;8.196987;7.098656;6.065188;6.059536;6.533035;7.230678;9.004975;7.273585;7.081041;5.207855;7.925915;7.388835;8.743293;3.680037;4.271340;7.051953;8.435586;5.879010;6.764611;7.148415;8.837289;8.136147;9.376037;7.072006;3.267442;7.507398;4.536286;8.041525;3.794797;7.410938;8.672937;7.486459;5.074921;5.981256;5.935114;9.248972;8.576429;7.022768;3.654061
0.420000;-5.266721;2.875378;3.495400;3.528324;2.986278;3.359323;1.821756;3.158427;4.115319;1.574387;5.329844;1.706960;3.274819;2.332240;3.633842;4.059595;2.601424;1.876529;2.942811;3.794538;5.347410;2.807296;3.813766;4.126066;1.669810;3.868153;3.461490;2.686147;3.503466;2.965634;4.814399;2.997696;4.507945;4.892306;4.792141;1.903870;2.973133;1.335621;3.566172;5.675356;4.927017;1.508390;5.126753;1.917206;5.019151;3.266346;4.032393;4.403398;5.602431;3.656416;2.757828;5.386760;2.708328;1.810838;3.116255;3.370471;3.826369;4.579554;1.864637;5.111478;1.350064;2.699973;1.691362;2.580011;4.132046;4.800202;3.455230;4.093083;3.190727;4.742512;5.125067;3.782312;4.284215;3.247560;2.109951;4.545361;2.150245;1.546933;1.577371;5.041657;1.857657;2.443915;4.165002;4.822667;1.499450;4.120825;2.761988;1.705632;4.314095;4.766987;4.886152;3.160228;4.752172;1.475836;3.610625;3.959327;1.622581;5.544901;6.036009;4.184138;3.863541;3.374131;3.015839;2.153555;2.544631;4.019047;3.439845;4.755497;3.884003;4.186653;2.646994;3.410053;2.617631;5.470624;3.615349;5.025928;6.186629;6.081089;9.306818;5.597143;4.555996;9.107671;5.194231;4.724568;4.884352;7.459250;6.507129;7.233319;7.045155;8.920193;8.862362;7.043306;5.358683;5.085997;8.934611;5.298679;4.209526;8.195142;7.102420;6.066972;6.076298;6.539286;7.253354;9.007233;7.273589;7.081427;5.208946;7.933267;7.392879;8.733368;3.679307;4.277159;7.054395;8.438551;5.881413;6.790948;7.150336;8.838610;8.157135;9.380432;7.076722;3.267442;7.492373;4.552621;8.042572;3.798109;7.419670;8.683141;7.494445;5.076237;5.996519;5.941132;9.258364;8.585548;7.023284;3.654062
0.420000;-4.464988;2.940995;3.502600;3.534472;2.992022;3.369654;1.820125;3.177938;4.118801;1.580779;5.334414;1.712338;3.283828;2.332668;3.620138;4.072792;2.610368;1.885632;2.947226;3.805926;5.354376;2.815676;3.816257;4.132118;1.677934;3.864727;3.468964;2.701884;3.512235;2.972055;4.814400;3.010127;4.512455;4.896081;4.794393;1.911932;2.981338;1.339274;3.577319;5.691865;4.934350;1.510771;5.130138;1.921435;5.030511;3.269850;4.034227;4.407170;5.612445;3.659464;2.764894;5.396897;2.712097;1.815381;3.124867;3.378528;3.841026;4.582385;1.870289;5.119517;1.352133;2.710470;1.699856;2.582428;4.137833;4.808469;3.460299;4.103955;3.193703;4.741530;5.132343;3.798409;4.298859;3.258154;2.115713;4.557166;2.157389;1.529908;1.579615;5.051278;1.863368;2.444796;4.166864;4.827385;1.502106;4.131514;2.767054;1.699924;4.317802;4.783356;4.894231;3.170246;4.754182;1.472600;3.613969;3.964389;1.627675;5.560221;6.050404;4.186210;3.874689;3.373869;3.022713;2.160869;2.549685;4.025271;3.448122;4.759407;3.885532;4.196412;2.646994;3.416900;2.623738;5.478070;3.630152;5.034845;6.191582;6.079928;9.311062;5.597836;4.558798;9.116121;5.203768;4.727183;4.890481;7.450172;6.492625;7.252314;7.045837;8.932427;8.873656;7.047406;5.358372;5.097628;8.947892;5.298676;4.222278;8.194673;7.101310;6.070879;6.099567;6.550707;7.281767;9.012071;7.273593;7.082329;5.211417;7.946193;7.400907;8.741856;3.678775;4.287952;7.059586;8.444700;5.886528;6.822240;7.154518;8.841570;8.184162;9.389036;7.085832;3.267442;7.487845;4.575498;8.044950;3.804885;7.434386;8.699622;7.508209;5.079180;6.018352;5.952209;9.273886;8.600738;7.024487;3.654061
0.420000;-5.141629;2.875362;3.492732;3.526133;2.984263;3.355040;1.826097;3.147732;4.114197;1.572088;5.328310;1.705096;3.271254;2.328976;3.615726;4.053573;2.608383;1.872918;2.941340;3.789641;5.344852;2.804056;3.812994;4.123917;1.666692;3.872949;3.458693;2.678382;3.500024;2.963323;4.814400;2.992162;4.506437;4.891080;4.791452;1.910933;2.969977;1.334437;3.561420;5.667039;4.924286;1.507655;5.125667;1.915805;5.014274;3.265218;4.031841;4.402169;5.598325;3.655452;2.755222;5.382583;2.707100;1.809314;3.112895;3.367390;3.829408;4.579545;1.862661;5.108407;1.350025;2.695594;1.688063;2.579353;4.130010;4.797019;3.453500;4.088490;3.189790;4.744358;5.122364;3.798409;4.277224;3.243126;2.107927;4.540212;2.147608;1.535008;1.576682;5.037764;1.855655;2.450178;4.164440;4.821075;1.498624;4.116339;2.760256;1.704912;4.314215;4.758757;4.883060;3.156119;4.751561;1.475836;3.609555;3.957596;1.620838;5.537439;6.029190;4.183506;3.858786;3.371999;3.013325;2.150832;2.542903;4.016823;3.436653;4.754215;3.883547;4.182680;2.646994;3.407547;2.615456;5.467840;3.608244;4.978997;6.184943;6.081125;9.305411;5.596945;4.555118;9.104383;5.190382;4.723753;4.882701;7.460729;6.483817;7.223055;7.057010;8.914781;8.857528;7.041955;5.359792;5.080955;8.928538;5.298678;4.209777;8.195501;7.100324;6.065695;6.062324;6.534369;7.234383;9.005589;7.273585;7.081165;5.208182;7.927413;7.389809;8.735814;3.680550;4.272612;7.052609;8.436353;5.879660;6.768943;7.148952;8.837677;8.139569;9.377073;7.073099;3.267442;7.484442;4.539007;8.041840;3.795635;7.412625;8.674816;7.488047;5.075309;5.983829;5.936416;9.250751;8.578173;7.022932;3.654060
0.420000;-4.954710;2.882758;3.498726;3.531160;2.988926;3.364093;1.819432;3.167181;4.116918;1.577340;5.331948;1.709440;3.278982;2.329186;3.627145;4.065651;2.354123;1.880734;2.944845;3.799783;5.350630;2.811169;3.814907;4.128860;1.673564;3.869122;3.464942;2.693311;3.507519;2.968597;4.814400;3.003410;4.510025;4.894041;4.793170;1.912733;2.976922;1.337299;3.571308;5.682867;4.930405;1.509480;5.128308;1.919152;5.024385;3.267956;4.033230;4.405131;5.607054;3.657814;2.761092;5.391437;2.710060;1.812929;3.120237;3.374193;3.874276;4.578063;1.867244;5.115192;1.367590;2.704814;1.695285;2.592518;4.134715;4.804027;3.457568;4.098097;3.192092;4.745439;5.128429;3.798409;4.290910;3.252445;2.112609;4.550793;2.153549;1.532284;1.578397;5.046102;1.860290;2.443716;4.165852;4.824841;1.500668;4.125757;2.764325;1.692150;4.313638;4.774424;4.889886;3.164851;4.753091;1.469234;3.612160;3.961658;1.624929;5.551889;6.042592;4.185085;3.868678;3.372349;3.019015;2.156933;2.546961;4.021920;3.443670;4.757294;3.884701;4.191152;2.646994;3.413218;2.620450;5.474062;3.622108;4.983550;6.188910;6.083159;9.308768;5.597459;4.557281;9.111571;5.198633;4.725766;4.882202;7.451272;6.483601;7.241855;7.058370;8.925818;8.867565;7.045193;5.358637;5.091346;8.940693;5.298677;4.210818;8.200103;7.098547;6.068771;6.086551;6.544545;7.265586;9.009460;7.273585;7.081837;5.210078;7.939193;7.396587;8.734245;3.678291;4.282135;7.056787;8.441386;5.883770;6.804237;7.152258;8.839969;8.168849;9.384406;7.080928;3.267442;7.485399;4.562722;8.043660;3.801239;7.426392;8.690623;7.500749;5.077587;6.006204;5.946233;9.265436;8.592476;7.023832;3.654060
0.420000;-5.133241;2.875541;3.498995;3.531439;2.989205;3.364235;1.819203;3.166129;4.117146;1.577617;5.332210;1.709715;3.279193;2.330979;3.615134;4.065556;2.450129;1.880947;2.945101;3.799855;5.350901;2.811411;3.815087;4.129137;1.673814;3.871635;3.465205;2.692902;3.507739;2.968876;4.814400;3.003391;4.510283;4.894279;4.793339;1.903983;2.977170;1.337533;3.571398;5.682340;4.930673;1.509653;5.128531;1.919402;5.024457;3.268184;4.033373;4.405370;5.607218;3.658022;2.761364;5.391595;2.710298;1.813190;3.120469;3.374444;3.856006;4.580424;1.867520;5.115444;1.349582;2.704950;1.695522;2.591334;4.134994;4.804273;3.457839;4.098205;3.192297;4.744289;5.128697;3.798409;4.290648;3.252575;2.112886;4.550832;2.153816;1.532714;1.578563;5.046285;1.860568;2.453236;4.165997;4.825103;1.500857;4.125878;2.764592;1.686699;4.319705;4.773921;4.890135;3.165015;4.753243;1.465978;3.612382;3.961930;1.625200;5.551538;6.042359;4.185241;3.868767;3.371850;3.019289;2.157200;2.547230;4.022198;3.443913;4.757537;3.884822;4.191336;2.646994;3.413491;2.620728;5.474329;3.621825;4.972937;6.189179;6.080462;9.309022;5.597518;4.557478;9.111812;5.198825;4.725954;4.882117;7.450925;6.491050;7.240909;7.054161;8.925818;8.867645;7.045441;5.361401;5.091401;8.940599;5.298679;4.253492;8.195499;7.098820;6.069013;6.084654;6.544614;7.262191;9.009727;7.273582;7.081913;5.210257;7.939130;7.396839;8.742339;3.679695;4.282250;7.057060;8.441666;5.884041;6.799834;7.152511;8.840173;8.165895;9.384637;7.081141;3.267442;7.484499;4.560926;8.043834;3.801513;7.426123;8.690101;7.500587;5.077790;6.004656;5.946333;9.265056;8.592139;7.023932;3.654063
0.420000;-5.208099;2.874955;3.490807;3.524515;2.982759;3.352177;1.820588;3.141873;4.113315;1.570398;5.327135;1.703696;3.268794;2.332922;3.623265;4.049808;2.621968;1.870433;2.940204;3.786450;5.342998;2.801783;3.812373;4.122325;1.664494;3.867468;3.456691;2.673791;3.497636;2.961627;4.814400;2.988639;4.505277;4.890119;4.790891;1.905834;2.967760;1.333509;3.558302;5.662193;4.922326;1.507062;5.124812;1.914721;5.011089;3.264330;4.031388;4.401211;5.595559;3.654685;2.753340;5.379781;2.706141;1.808145;3.110552;3.365216;3.907933;4.586066;1.861181;5.106238;1.349575;2.692678;1.685758;2.586822;4.128494;4.794784;3.452184;4.085456;3.189041;4.744470;5.120420;3.798409;4.272988;3.240183;2.106419;4.536889;2.145703;1.530890;1.576124;5.035118;1.854159;2.447645;4.163979;4.819858;1.497960;4.113367;2.758943;1.700340;4.315196;4.753955;4.880881;3.153353;4.751064;1.475836;3.608710;3.956283;1.619516;5.532982;6.025036;4.182992;3.855669;3.375248;3.011497;2.148877;2.541594;4.015184;3.434416;4.753219;3.883172;4.179987;2.646994;3.405728;2.613848;5.465845;3.603961;5.140167;6.183661;6.079897;9.304325;5.596776;4.554416;9.102098;5.187764;4.723100;4.882502;7.450025;6.483673;7.217378;7.049628;8.911328;8.854370;7.040909;5.359442;5.077686;8.924745;5.298676;4.233934;8.196296;7.099977;6.064700;6.055176;6.531169;7.225423;9.004339;7.273585;7.080945;5.207566;7.923741;7.387647;8.734134;3.679525;4.269607;7.051261;8.434733;5.878335;6.758946;7.147882;8.836934;8.131111;9.374740;7.070609;3.267442;7.518792;4.532001;8.041248;3.793838;7.408377;8.669991;7.484098;5.074569;5.977175;5.933322;9.246229;8.573760;7.022635;3.654062
0.420000;-4.981884;2.881239;3.500494;3.532683;2.990354;3.366580;1.820112;3.171956;4.117804;1.578918;5.333096;1.710781;3.281163;2.329375;3.617426;4.068812;2.621968;1.882939;2.945953;3.802518;5.352337;2.813207;3.815548;4.130359;1.675545;3.892667;3.466770;2.697097;3.509644;2.970183;4.814400;3.006387;4.511155;4.894996;4.793752;1.908715;2.978920;1.338225;3.573987;5.686837;4.932202;1.510094;5.129169;1.920218;5.027112;3.268846;4.033708;4.406087;5.609467;3.658592;2.762827;5.393880;2.711015;1.814070;3.122327;3.376158;3.826770;4.578386;1.868650;5.117152;1.351900;2.707342;1.697350;2.588902;4.136152;4.806043;3.458834;4.100707;3.192853;4.745040;5.130212;3.794745;4.294419;3.254996;2.114039;4.553628;2.155301;1.564531;1.578976;5.048425;1.861708;2.454773;4.166336;4.826024;1.501349;4.128328;2.765589;1.698031;4.311105;4.778369;4.891854;3.167269;4.753610;1.487386;3.613012;3.962925;1.626203;5.555565;6.046044;4.185622;3.871356;3.374210;3.020703;2.158726;2.548223;4.023459;3.445683;4.758283;3.885099;4.193512;2.646994;3.414900;2.621960;5.475888;3.625662;5.147765;6.190151;6.079996;9.309840;5.597641;4.557998;9.113628;5.200937;4.726439;4.889249;7.450823;6.484796;7.246493;7.046145;8.928753;8.870276;7.046227;5.359157;5.094141;8.943881;5.298678;4.211513;8.195826;7.099248;6.069760;6.092420;6.547288;7.273125;9.010674;7.273582;7.082076;5.210713;7.942299;7.398547;8.744596;3.679823;4.284731;7.058082;8.442906;5.885047;6.812818;7.153316;8.840726;8.175914;9.386497;7.083136;3.267442;7.487051;4.568470;8.044272;3.802906;7.429924;8.694597;7.504045;5.078340;6.011649;5.948900;9.269170;8.596124;7.024146;3.654061
0.420000;-5.308319;2.876158;3.494237;3.527403;2.985442;3.357319;1.823710;3.152992;4.114896;1.573411;5.329237;1.706197;3.273193;2.328530;3.615507;4.056653;2.593931;1.874882;2.942232;3.792201;5.346305;2.805843;3.813491;4.125164;1.668419;3.878209;3.460263;2.682264;3.501906;2.964651;4.814400;2.995017;4.507350;4.891837;4.791899;1.902670;2.971721;1.335171;3.563914;5.671181;4.925824;1.508130;5.126348;1.916659;5.016827;3.265921;4.032205;4.402929;5.600517;3.656062;2.756699;5.384810;2.707859;1.810236;3.114735;3.369097;3.830302;4.581833;1.863819;5.110111;1.349303;2.697913;1.689876;2.586951;4.131200;4.798779;3.454532;4.090909;3.190384;4.742342;5.123886;3.798409;4.280748;3.245472;2.109111;4.542890;2.149104;1.534835;1.577129;5.039858;1.856827;2.444237;4.164808;4.822034;1.499154;4.118709;2.761288;1.687055;4.312161;4.762856;4.884774;3.158315;4.751961;1.486135;3.610226;3.958629;1.621876;5.541179;6.032635;4.183916;3.861281;3.397842;3.014755;2.152363;2.543933;4.018107;3.438415;4.755004;3.883850;4.184809;2.646994;3.408975;2.616716;5.469403;3.611823;4.974513;6.185951;6.080019;9.306269;5.597080;4.555677;9.106193;5.192456;4.724277;4.882027;7.450126;6.484261;7.228112;7.046147;8.917586;8.860063;7.042784;5.359175;5.083581;8.931643;5.298679;4.231340;8.196128;7.098868;6.066480;6.069176;6.536940;7.243780;9.006577;7.273582;7.081343;5.208674;7.930415;7.391515;8.741107;3.678633;4.275011;7.053669;8.437625;5.880703;6.779932;7.149801;8.838269;8.148241;9.378909;7.075065;3.267442;7.484261;4.545682;8.042315;3.797048;7.416178;8.678966;7.491301;5.075897;5.990047;5.938893;9.254563;8.581873;7.023169;3.654059
0.420000;-5.301636;2.875973;3.496335;3.529173;2.987090;3.360427;1.825762;3.159509;4.115874;1.575258;5.330534;1.707736;3.275866;2.328276;3.614928;4.060754;2.621968;1.877583;2.943483;3.795672;5.348329;2.808313;3.814183;4.126906;1.670807;3.890560;3.462444;2.687298;3.504500;2.966507;4.814400;2.998845;4.508628;4.892900;4.792523;1.907018;2.974137;1.336198;3.567301;5.676497;4.927962;1.508791;5.127295;1.917855;5.020287;3.266905;4.032710;4.403988;5.603523;3.656913;2.758754;5.387859;2.708920;1.811524;3.117283;3.371466;3.880727;4.579864;1.865440;5.112473;1.350797;2.701082;1.692384;2.589704;4.132862;4.801211;3.455975;4.094201;3.191214;4.741812;5.126010;3.683712;4.285374;3.248673;2.110764;4.546503;2.151178;1.529727;1.577751;5.042730;1.858464;2.467800;4.165323;4.823373;1.499893;4.121939;2.762732;1.687349;4.311084;4.768130;4.887148;3.161321;4.752516;1.475836;3.611161;3.960070;1.623326;5.546054;6.037169;4.184491;3.864667;3.373713;3.016750;2.154501;2.545373;4.019904;3.440854;4.756106;3.884272;4.187732;2.646994;3.410958;2.618472;5.471577;3.616509;4.960473;6.187359;6.083374;9.307471;5.597270;4.556458;9.108689;5.195303;4.725000;4.881976;7.453259;6.495948;7.234426;7.057469;8.921350;8.863502;7.043941;5.360011;5.087136;8.935780;5.298676;4.215182;8.194570;7.121666;6.067585;6.077319;6.540421;7.254381;9.007951;7.273585;7.081591;5.209361;7.934423;7.393873;8.733449;3.679309;4.278278;7.055151;8.439402;5.882163;6.792055;7.150979;8.839095;8.158152;9.381460;7.077777;3.267442;7.484201;4.553654;8.042973;3.799011;7.420833;8.684286;7.495605;5.076718;5.997557;5.942262;9.259522;8.586704;7.023499;3.654060
0.420000;-5.267545;2.875332;3.501107;3.533262;2.990917;3.367164;1.820767;3.171516;4.118215;1.579505;5.333591;1.711325;3.281780;2.328334;3.621303;4.069226;2.621968;1.883557;2.946440;3.803058;5.352949;2.813834;3.815864;4.130936;1.676170;3.864716;3.467388;2.697241;3.510266;2.970773;4.814400;3.006862;4.511648;4.895432;4.794042;1.916354;2.979545;1.338653;3.574540;5.686880;4.932815;1.510398;5.129572;1.920690;5.027654;3.269259;4.033949;4.406523;5.610067;3.658965;2.763436;5.394475;2.711450;1.814565;3.122951;3.376779;3.842996;4.579835;1.869208;5.117775;1.349800;2.707923;1.697973;2.589350;4.136718;4.806656;3.459361;4.101272;3.193218;4.742174;5.130825;3.688596;4.294700;3.255574;2.114603;4.554142;2.155911;1.529844;1.579265;5.049031;1.862269;2.443479;4.166583;4.826530;1.501683;4.128899;2.766119;1.719139;4.311811;4.778430;4.892477;3.167865;4.753874;1.475836;3.613412;3.963453;1.626733;5.555759;6.046344;4.185893;3.871910;3.387398;3.021309;2.159342;2.548749;4.024042;3.446308;4.758729;3.885307;4.194114;2.646994;3.415503;2.622540;5.476504;3.625915;4.967110;6.190671;6.080420;9.310314;5.597740;4.558347;9.114252;5.201547;4.726768;4.882546;7.451240;6.483507;7.246147;7.046524;8.929246;8.870824;7.046690;5.358483;5.094667;8.944296;5.298676;4.280214;8.194930;7.103062;6.070207;6.091212;6.547825;7.270619;9.011184;7.273585;7.082202;5.211027;7.942733;7.399168;8.733659;3.678589;4.285300;7.058618;8.443491;5.885579;6.809475;7.153785;8.841090;8.173783;9.387120;7.083755;3.267442;7.484213;4.567348;8.044580;3.803509;7.430186;8.694640;7.504413;5.078701;6.010753;5.949455;9.269338;8.596335;7.024312;3.654061
0.420000;-4.712517;2.904155;3.495647;3.528583;2.986536;3.359457;1.819593;3.157685;4.115533;1.574644;5.330088;1.707214;3.275013;2.328475;3.616299;4.059527;2.621968;1.876724;2.943053;3.794607;5.347663;2.807516;3.813937;4.126323;1.670034;3.867294;3.461731;2.685837;3.503670;2.965893;4.814400;2.997686;4.508191;4.892531;4.792301;1.912432;2.973358;1.335842;3.566258;5.674959;4.927264;1.508557;5.126965;1.917441;5.019221;3.266562;4.032529;4.403622;5.602584;3.656614;2.758078;5.386905;2.708551;1.811081;3.116465;3.370702;3.827333;4.580288;1.864896;5.111710;1.355809;2.700098;1.691578;2.585979;4.132304;4.800424;3.455485;4.093183;3.190922;4.741783;5.125315;3.798409;4.284015;3.247679;2.110208;4.545403;2.150498;1.529672;1.577529;5.041825;1.857914;2.484851;4.165139;4.822915;1.499631;4.120934;2.762239;1.687060;4.311371;4.766612;4.886382;3.160380;4.752319;1.468054;3.610833;3.959580;1.622834;5.544631;6.035834;4.184286;3.863625;3.371823;3.016094;2.153802;2.544885;4.019305;3.440068;4.755724;3.884120;4.186809;2.646994;3.410306;2.617888;5.470867;3.615138;4.989753;6.186882;6.080938;9.307054;5.597200;4.556183;9.107887;5.194407;4.724746;4.882038;7.450048;6.487694;7.232653;7.064561;8.920208;8.862450;7.043542;5.364784;5.086051;8.934533;5.298677;4.212609;8.197288;7.098872;6.067203;6.075091;6.539355;7.251507;9.007482;7.273589;7.081501;5.209118;7.933226;7.393114;8.734680;3.680137;4.277269;7.054650;8.438809;5.881668;6.788774;7.150573;8.838805;8.155462;9.380649;7.076922;3.267441;7.484286;4.551469;8.042740;3.798367;7.419470;8.682759;7.494330;5.076430;5.995491;5.941226;9.258079;8.585297;7.023378;3.654061
0.420000;-4.807268;2.893612;3.494724;3.527829;2.985844;3.357941;1.822325;3.153571;4.115153;1.573852;5.329567;1.706579;3.273768;2.330227;3.615684;4.057343;2.596622;1.875458;2.942551;3.792856;5.346777;2.806390;3.813678;4.125586;1.668950;3.878069;3.460763;2.682955;3.502468;2.965095;4.814400;2.995694;4.507675;4.892115;4.792068;1.909460;2.972257;1.335440;3.564561;5.671869;4.926317;1.508308;5.126597;1.916966;5.017482;3.266179;4.032342;4.403205;5.601131;3.656287;2.757177;5.385427;2.708134;1.810562;3.115291;3.369627;3.827609;4.578166;1.864216;5.110639;1.349304;2.698542;1.690425;2.579658;4.131605;4.799315;3.454893;4.091548;3.190605;4.743000;5.124379;3.798409;4.281446;3.246104;2.109515;4.543555;2.149586;1.536192;1.577297;5.040455;1.857228;2.467725;4.164949;4.822371;1.499352;4.119347;2.761649;1.687530;4.312447;4.763537;4.885303;3.158927;4.752112;1.477174;3.610473;3.958989;1.622237;5.541877;6.033331;4.184073;3.861928;3.374947;3.015224;2.152861;2.544293;4.018539;3.438955;4.755290;3.883965;4.185412;2.646994;3.409442;2.617142;5.469901;3.612516;5.029803;6.186307;6.080628;9.306576;5.597133;4.555886;9.106737;5.193048;4.724470;4.882454;7.454512;6.487856;7.228713;7.047425;8.918255;8.860714;7.043082;5.358379;5.084241;8.932335;5.298676;4.220418;8.196206;7.105841;6.066769;6.069499;6.537595;7.243526;9.006922;7.273589;7.081412;5.208860;7.931103;7.392042;8.733548;3.681804;4.275649;7.054038;8.438051;5.881065;6.779247;7.150099;8.838489;8.148172;9.379471;7.075643;3.267442;7.486027;4.546036;8.042490;3.797509;7.416876;8.679639;7.491987;5.076117;5.990488;5.939541;9.255254;8.582569;7.023261;3.654061
0.420000;-5.116943;2.875949;3.499346;3.531717;2.989455;3.364854;1.819441;3.168011;4.117271;1.577910;5.332390;1.709943;3.279697;2.328480;3.615646;4.066489;2.353804;1.881452;2.945273;3.800581;5.351235;2.811855;3.815168;4.129408;1.674235;3.867240;3.465580;2.694176;3.508218;2.969171;4.814399;3.004232;4.510460;4.894418;4.793410;1.907432;2.977598;1.337666;3.572098;5.683722;4.931032;1.509732;5.128651;1.919567;5.025182;3.268309;4.033430;4.405508;5.607808;3.658128;2.761703;5.392194;2.710437;1.813370;3.120932;3.374861;3.826658;4.592186;1.867767;5.115858;1.350283;2.705583;1.695974;2.580534;4.135248;4.804702;3.458047;4.098876;3.192400;4.742405;5.129054;3.798409;4.291763;3.253221;2.113138;4.551602;2.154164;1.575166;1.578636;5.046840;1.860817;2.447541;4.166054;4.825294;1.500946;4.126534;2.764803;1.686504;4.311887;4.775284;4.890553;3.165605;4.753306;1.475836;3.612500;3.962140;1.625410;5.552750;6.043446;4.185308;3.869467;3.377534;3.019617;2.157560;2.547438;4.022480;3.444348;4.757683;3.884868;4.191898;2.646994;3.413816;2.621003;5.474698;3.622963;4.972587;6.189382;6.081807;9.309186;5.597537;4.557573;9.112256;5.199365;4.726039;4.884677;7.450153;6.483749;7.242699;7.046986;8.926639;8.868363;7.045598;5.358467;5.092154;8.941537;5.298676;4.210731;8.194607;7.101377;6.069158;6.087289;6.545345;7.266071;9.009923;7.273597;7.081940;5.210336;7.940026;7.397253;8.742549;3.678920;4.282915;7.057276;8.441943;5.884252;6.804522;7.152674;8.840274;8.169412;9.385101;7.081645;3.267442;7.488660;4.563468;8.043913;3.801834;7.427246;8.691479;7.501593;5.077891;6.006985;5.947022;9.266294;8.593333;7.023966;3.654063
0.420000;-5.534372;2.887241;3.497712;3.530288;2.988107;3.362700;1.827470;3.165163;4.116413;1.576431;5.331291;1.708671;3.277741;2.328596;3.627040;4.063978;2.621968;1.879485;2.944207;3.798280;5.349644;2.810006;3.814544;4.127998;1.672436;3.890229;3.463892;2.691451;3.506307;2.967687;4.814399;3.001802;4.509374;4.893494;4.792845;1.907418;2.975783;1.336769;3.569831;5.680954;4.929373;1.509134;5.127817;1.918541;5.022887;3.267449;4.032964;4.404585;5.605698;3.657372;2.760097;5.390068;2.709515;1.812275;3.119045;3.373071;3.826150;4.594556;1.866438;5.114073;1.349307;2.703407;1.694108;2.594923;4.133891;4.802871;3.456840;4.096645;3.191661;4.741905;5.127407;3.798409;4.289116;3.251026;2.111787;4.549251;2.152542;1.529941;1.578072;5.044786;1.859477;2.445957;4.165582;4.824165;1.500282;4.124325;2.763597;1.687430;4.322121;4.772526;4.888760;3.163496;4.752799;1.475836;3.611676;3.960934;1.624197;5.550054;6.040821;4.184783;3.867199;3.372197;3.018044;2.155905;2.546235;4.021036;3.442518;4.756729;3.884478;4.189829;2.646994;3.412251;2.619580;5.473019;3.620308;4.960483;6.188200;6.080002;9.308158;5.597357;4.556873;9.110402;5.197332;4.725387;4.882749;7.462973;6.486216;7.239855;7.045519;8.924234;8.866076;7.044600;5.360823;5.089824;8.939019;5.298676;4.300653;8.195727;7.101031;6.068205;6.084548;6.543040;7.263852;9.008765;7.273597;7.081707;5.209718;7.937551;7.395472;8.733306;3.680423;4.280694;7.056045;8.440509;5.883036;6.802800;7.151656;8.839538;8.167010;9.383220;7.079678;3.267442;7.499860;4.560704;8.043315;3.800281;7.424599;8.688719;7.499030;5.077159;6.004182;5.944766;9.263588;8.590651;7.023657;3.654061
0.420000;-5.255111;2.875206;3.500270;3.532525;2.990218;3.366097;1.821647;3.170072;4.117761;1.578746;5.333016;1.710664;3.280807;2.328480;3.617319;4.067998;2.621968;1.882572;2.945880;3.801925;5.352132;2.812902;3.815529;4.130206;1.675255;3.870614;3.466532;2.695909;3.509308;2.970010;4.814399;3.005670;4.511078;4.894944;4.793738;1.904437;2.978627;1.338177;3.573420;5.685535;4.931970;1.510077;5.129129;1.920151;5.026520;3.268803;4.033699;4.406035;5.609017;3.658562;2.762615;5.393418;2.710963;1.813991;3.122002;3.375875;3.850832;4.578456;1.868519;5.116872;1.352459;2.706841;1.697034;2.579935;4.136015;4.805730;3.458730;4.100168;3.192825;4.741619;5.129984;3.798409;4.293400;3.254486;2.113904;4.552985;2.155080;1.533364;1.578962;5.048006;1.861577;2.441732;4.166328;4.825936;1.501328;4.127808;2.765487;1.696810;4.313229;4.777078;4.891570;3.166817;4.753601;1.475181;3.612974;3.962824;1.626098;5.554441;6.045063;4.185609;3.870787;3.384511;3.020505;2.158496;2.548121;4.023297;3.445384;4.758227;3.885094;4.193086;2.646994;3.414703;2.621805;5.475649;3.624622;4.961200;6.190053;6.080601;9.309770;5.597642;4.557974;9.113316;5.200533;4.726415;4.886350;7.451769;6.483523;7.244722;7.045541;8.928061;8.869696;7.046165;5.358887;5.093522;8.943065;5.298678;4.222952;8.194637;7.112306;6.069704;6.089672;6.546691;7.268898;9.010583;7.273582;7.082075;5.210694;7.941519;7.398269;8.734258;3.678644;4.284202;7.057974;8.442756;5.884941;6.807615;7.153252;8.840696;8.172122;9.386172;7.082768;3.267441;7.484545;4.565820;8.044257;3.802712;7.428898;8.693292;7.503154;5.078312;6.009254;5.948337;9.268019;8.595022;7.024146;3.654061
0.420000;-5.450483;2.882426;3.492071;3.525529;2.983682;3.354299;1.825092;3.147401;4.113798;1.571471;5.327816;1.704542;3.270532;2.328253;3.621857;4.052861;2.537776;1.872196;2.940857;3.788896;5.344204;2.803349;3.812693;4.123318;1.665995;3.879526;3.458021;2.677771;3.499309;2.962703;4.814400;2.991430;4.505948;4.890653;4.791175;1.911980;2.969278;1.334021;3.560675;5.666476;4.923620;1.507365;5.125277;1.915339;5.013531;3.264816;4.031611;4.401742;5.597586;3.655093;2.754569;5.381842;2.706673;1.808822;3.112183;3.366694;3.826139;4.580294;1.862087;5.107714;1.349640;2.694849;1.687352;2.580000;4.129427;4.796312;3.452966;4.087747;3.189437;4.746088;5.121701;3.707682;4.276560;3.242383;2.107347;4.539472;2.146950;1.530720;1.576407;5.037032;1.855077;2.449154;4.164207;4.820569;1.498306;4.115593;2.759722;1.692761;4.317323;4.758184;4.882364;3.155379;4.751312;1.466781;3.609167;3.957064;1.620301;5.536808;6.028514;4.183249;3.858041;3.375189;3.012680;2.150167;2.542372;4.016215;3.435951;4.753777;3.883353;4.181946;2.646994;3.406903;2.614854;5.467168;3.607588;4.965951;6.184418;6.081402;9.304940;5.596852;4.554783;9.103678;5.189650;4.723439;4.883396;7.450484;6.483592;7.222677;7.045679;8.914047;8.856785;7.041501;5.360606;5.080210;8.927828;5.298678;4.270858;8.194639;7.114616;6.065258;6.062386;6.533628;7.235124;9.005078;7.273585;7.081047;5.207882;7.926691;7.389116;8.740875;3.678615;4.271866;7.052068;8.435751;5.879123;6.770119;7.148488;8.837328;8.140123;9.376363;7.072375;3.267442;7.494484;4.539014;8.041550;3.794995;7.411971;8.674257;7.487348;5.074961;5.983727;5.935673;9.250131;8.577533;7.022776;3.654061
0.420000;-5.594178;2.892696;3.492495;3.525870;2.983996;3.355036;1.819867;3.149816;4.113965;1.571830;5.328050;1.704827;3.271122;2.331095;3.615221;4.053986;2.621968;1.872795;2.941079;3.789766;5.344609;2.803879;3.812808;4.123652;1.666502;3.866156;3.458468;2.679341;3.499874;2.963065;4.814400;2.992443;4.506177;4.890836;4.791278;1.912127;2.969792;1.334199;3.561512;5.668188;4.924057;1.507475;5.125441;1.915551;5.014394;3.264986;4.031693;4.401928;5.598284;3.655238;2.754982;5.382558;2.706858;1.809054;3.112732;3.367195;3.828068;4.587620;1.862393;5.108211;1.352464;2.695609;1.687896;2.584273;4.129745;4.796840;3.453231;4.088542;3.189579;4.741492;5.122133;3.798409;4.277925;3.243152;2.107660;4.540397;2.147371;1.529711;1.576510;5.037688;1.855387;2.441537;4.164291;4.820811;1.498428;4.116374;2.759988;1.694357;4.311124;4.759877;4.882868;3.156081;4.751403;1.467599;3.609328;3.957330;1.620568;5.538296;6.029837;4.183342;3.858880;3.377344;3.013076;2.150603;2.542638;4.016562;3.436475;4.753970;3.883421;4.182618;2.646994;3.407301;2.615193;5.467616;3.608986;4.977663;6.184678;6.079868;9.305154;5.596882;4.554915;9.104218;5.190297;4.723560;4.883787;7.456031;6.483516;7.224966;7.056899;8.915033;8.857642;7.041705;5.358612;5.081113;8.928969;5.298679;4.237623;8.194637;7.099007;6.065450;6.065910;6.534501;7.240617;9.005328;7.273585;7.081085;5.207996;7.927786;7.389615;8.733899;3.680705;4.272663;7.052344;8.436094;5.879392;6.776969;7.148700;8.837466;8.145023;9.376918;7.072973;3.267441;7.501978;4.542425;8.041659;3.795389;7.413349;8.675977;7.488565;5.075099;5.986803;5.936502;9.251658;8.579002;7.022829;3.654061
0.420000;-5.474987;2.883348;3.501121;3.533235;2.990875;3.367366;1.820960;3.172449;4.118136;1.579487;5.333524;1.711273;3.281894;2.329339;3.618802;4.069645;2.621968;1.883677;2.946369;3.803336;5.352949;2.813907;3.815789;4.130901;1.676231;3.905330;3.467416;2.697872;3.510364;2.970757;4.814399;3.007222;4.511578;4.895354;4.793970;1.903589;2.979611;1.338574;3.574799;5.687583;4.932836;1.510325;5.129492;1.920616;5.027926;3.269180;4.033886;4.406445;5.610245;3.658885;2.763446;5.394661;2.711372;1.814496;3.123041;3.376839;3.826262;4.596263;1.869165;5.117833;1.349301;2.708135;1.698056;2.579522;4.136678;4.806727;3.459302;4.101513;3.193140;4.741501;5.130844;3.682366;4.295232;3.255792;2.114564;4.554452;2.155923;1.544902;1.579195;5.049183;1.862232;2.441683;4.166518;4.826466;1.501607;4.129130;2.766062;1.689978;4.315121;4.779115;4.892537;3.168044;4.753807;1.475836;3.613332;3.963393;1.626672;5.556359;6.046863;4.185822;3.872168;3.381288;3.021309;2.159362;2.548691;4.024017;3.446376;4.758655;3.885249;4.194279;2.646994;3.415503;2.622512;5.476529;3.626469;4.965373;6.190611;6.083997;9.310238;5.597709;4.558269;9.114334;5.201694;4.726692;4.882460;7.450577;6.483795;7.247041;7.060120;8.929585;8.871092;7.046613;5.358799;5.094965;8.944715;5.298676;4.223968;8.194757;7.098766;6.070129;6.092381;6.548106;7.271937;9.011121;7.273585;7.082163;5.210953;7.943130;7.399225;8.736223;3.678296;4.285533;7.058561;8.443467;5.885520;6.810777;7.153710;8.841010;8.175079;9.387208;7.083875;3.267442;7.484996;4.568501;8.044504;3.803505;7.430736;8.695333;7.504878;5.078623;6.011840;5.949709;9.269950;8.596921;7.024265;3.654061
0.420000;-5.224138;2.875008;3.496789;3.529581;2.987478;3.360949;1.820063;3.159276;4.116127;1.575678;5.330855;1.708103;3.276373;2.331198;3.615874;4.061215;2.621968;1.878095;2.943794;3.796184;5.348773;2.808805;3.814368;4.127309;1.671292;3.867348;3.462910;2.687581;3.505005;2.966929;4.814400;2.999340;4.508945;4.893172;4.792692;1.907945;2.974624;1.336464;3.567816;5.676708;4.928422;1.508969;5.127542;1.918156;5.020799;3.267160;4.032849;4.404263;5.604047;3.657137;2.759202;5.388376;2.709192;1.811844;3.117779;3.371949;3.829045;4.615665;1.865823;5.112955;1.354162;2.701602;1.692877;2.579558;4.133251;4.801702;3.456327;4.094721;3.191434;4.741491;5.126466;3.767246;4.285752;3.249192;2.111153;4.547008;2.151632;1.545081;1.577920;5.043251;1.858852;2.446085;4.165464;4.823704;1.500090;4.122461;2.763082;1.716476;4.322676;4.768352;4.887632;3.161838;4.752668;1.536950;3.611407;3.960420;1.623678;5.546383;6.037564;4.184648;3.865183;3.375942;3.017190;2.154955;2.545723;4.020314;3.441341;4.756388;3.884387;4.188242;2.646994;3.411402;2.618882;5.472040;3.616872;4.960808;6.187706;6.084406;9.307770;5.597323;4.556666;9.109180;5.195817;4.725197;4.881921;7.450031;6.494320;7.234279;7.047290;8.921841;8.864016;7.044235;5.358735;5.087644;8.936224;5.298678;4.210963;8.198733;7.101197;6.067864;6.076195;6.540932;7.251380;9.008288;7.273589;7.081659;5.209544;7.934889;7.394354;8.749456;3.679321;4.278796;7.055510;8.439807;5.882517;6.787649;7.151278;8.839313;8.155737;9.381959;7.078280;3.267442;7.488009;4.552633;8.043150;3.799449;7.421199;8.684484;7.496034;5.076937;5.996819;5.942772;9.259820;8.587036;7.023591;3.654061
0.420000;-6.236794;2.999068;3.501360;3.533391;2.991005;3.367972;1.819416;3.175207;4.118159;1.579662;5.333588;1.711381;3.282328;2.336040;3.622213;4.070747;2.366321;1.884117;2.946427;3.804107;5.353170;2.814265;3.815788;4.131055;1.676560;3.869671;3.467682;2.699547;3.510765;2.970933;4.814400;3.008175;4.511639;4.895387;4.793967;1.911235;2.979951;1.338603;3.575531;5.689450;4.933091;1.510324;5.129512;1.920665;5.028695;3.269203;4.033878;4.406477;5.610805;3.658897;2.763675;5.395241;2.711405;1.814559;3.123424;3.377162;3.832036;4.590682;1.869288;5.118155;1.353783;2.708768;1.698426;2.579353;4.136810;4.807075;3.459393;4.102203;3.193149;4.742687;5.131091;3.798409;4.296642;3.256438;2.114693;4.555294;2.156160;1.532121;1.579190;5.049694;1.862357;2.442630;4.166510;4.826535;1.501608;4.129791;2.766148;1.686715;4.315399;4.780952;4.892861;3.168606;4.753801;1.498308;3.613351;3.963482;1.626763;5.557926;6.048220;4.185819;3.872899;3.372151;3.021522;2.159612;2.548780;4.024178;3.446724;4.758691;3.885240;4.194799;2.646994;3.415714;2.622664;5.476793;3.627920;4.961019;6.190692;6.083044;9.310288;5.597702;4.558276;9.114696;5.202192;4.726695;4.881939;7.454049;6.486610;7.249632;7.046547;8.930505;8.871851;7.046659;5.358540;5.095778;8.945837;5.298678;4.210647;8.222376;7.099207;6.070165;6.096477;6.548881;7.278223;9.011201;7.273582;7.082156;5.210953;7.944182;7.399548;8.733302;3.678403;4.286209;7.058657;8.443620;5.885610;6.818454;7.153759;8.841019;8.180735;9.387591;7.084315;3.267442;7.486310;4.572436;8.044502;3.803708;7.432166;8.697198;7.506096;5.078631;6.015394;5.950431;9.271573;8.598461;7.024255;3.654063
0.420000;-5.911253;2.934438;3.495797;3.528725;2.986676;3.359572;1.821978;3.157099;4.115633;1.574792;5.330211;1.707351;3.275157;2.330698;3.614572;4.059530;2.348290;1.876864;2.943171;3.794690;5.347811;2.807666;3.814014;4.126468;1.670183;3.873275;3.461881;2.685666;3.503815;2.966037;4.814400;2.997729;4.508312;4.892638;4.792370;1.915377;2.973505;1.335945;3.566349;5.674737;4.927414;1.508629;5.127064;1.917560;5.019309;3.266662;4.032587;4.403728;5.602705;3.656704;2.758228;5.387024;2.708658;1.811204;3.116611;3.370847;3.841347;4.578011;1.865034;5.111856;1.355108;2.700208;1.691722;2.583133;4.132444;4.800576;3.455617;4.093284;3.191011;4.741611;5.125465;3.786771;4.283931;3.247786;2.110349;4.545469;2.150646;1.530452;1.577599;5.041959;1.858055;2.452367;4.165198;4.823041;1.499712;4.121043;2.762373;1.707171;4.321044;4.766382;4.886529;3.160501;4.752380;1.500093;3.610933;3.959712;1.622967;5.544500;6.035764;4.184351;3.863719;3.382055;3.016242;2.153950;2.545015;4.019450;3.440215;4.755834;3.884168;4.186941;2.646994;3.410456;2.618032;5.471017;3.615034;5.043582;6.187008;6.080380;9.307171;5.597222;4.556266;9.108029;5.194535;4.724825;4.882061;7.450122;6.483727;7.232128;7.045348;8.920255;8.862532;7.043655;5.358378;5.086122;8.934537;5.298677;4.241744;8.197847;7.104035;6.067311;6.073868;6.539436;7.249064;9.007608;7.273589;7.081529;5.209193;7.933235;7.393254;8.733499;3.696804;4.277370;7.054780;8.438951;5.881797;6.785441;7.150687;8.838893;8.153393;9.380784;7.077049;3.267442;7.486829;4.550316;8.042811;3.798510;7.419371;8.682510;7.494295;5.076517;5.994531;5.941311;9.257923;8.585165;7.023418;3.654060
0.420000;-4.797297;2.894892;3.499709;3.531987;2.989694;3.365585;1.822242;3.170578;4.117369;1.578199;5.332549;1.710153;3.280248;2.328285;3.618867;4.067670;2.616742;1.882025;2.945423;3.801464;5.351575;2.812337;3.815226;4.129670;1.674692;3.872003;3.465967;2.695851;3.508747;2.969465;4.814399;3.005281;4.510614;4.894531;4.793458;1.936944;2.978064;1.337774;3.572946;5.685558;4.931408;1.509786;5.128746;1.919705;5.026059;3.268409;4.033465;4.405622;5.608492;3.658207;2.762054;5.392897;2.710550;1.813525;3.121442;3.375309;3.828333;4.585952;1.867998;5.116306;1.351704;2.706338;1.696472;2.580007;4.135489;4.805171;3.458238;4.099683;3.192476;4.741587;5.129423;3.798409;4.293215;3.253985;2.113379;4.552551;2.154523;1.530108;1.578685;5.047471;1.861052;2.443174;4.166090;4.825461;1.501009;4.127308;2.764992;1.690036;4.334199;4.777100;4.891004;3.166291;4.753347;1.465441;3.612594;3.962329;1.625602;5.554334;6.044852;4.185350;3.870316;3.372163;3.019948;2.157935;2.547628;4.022758;3.444818;4.757803;3.884895;4.192554;2.646994;3.414144;2.621271;5.475085;3.624451;4.963519;6.189563;6.079878;9.309324;5.597545;4.557642;9.112755;5.199991;4.726103;4.886140;7.457075;6.484736;7.245131;7.047384;8.927658;8.869229;7.045728;5.361505;5.093074;8.942740;5.298678;4.214197;8.196329;7.101398;6.069280;6.090907;6.546232;7.271351;9.010100;7.273589;7.081952;5.210393;7.941173;7.397702;8.738290;3.679964;4.283708;7.057473;8.442210;5.884447;6.810839;7.152809;8.840349;8.174217;9.385610;7.082217;3.267442;7.484303;4.566968;8.043966;3.802159;7.428719;8.693327;7.502884;5.077966;6.010189;5.947860;9.267928;8.594898;7.023985;3.654060
0.420000;-4.751914;2.899289;3.500436;3.532643;2.990319;3.366441;1.824361;3.171137;4.117792;1.578873;5.333076;1.710752;3.281069;2.331619;3.617679;4.068544;2.621968;1.882842;2.945935;3.802339;5.352288;2.813127;3.815541;4.130320;1.675468;3.864544;3.466712;2.696654;3.509554;2.970140;4.814400;3.006160;4.511136;4.894982;4.793746;1.902955;2.978845;1.338212;3.573817;5.686336;4.932142;1.510087;5.129157;1.920200;5.026935;3.268834;4.033702;4.406074;5.609342;3.658583;2.762772;5.393750;2.711001;1.814050;3.122241;3.376085;3.833681;4.584288;1.868617;5.117079;1.351948;2.707199;1.697267;2.579381;4.136119;4.805964;3.458811;4.100549;3.192843;4.744393;5.130155;3.709722;4.294059;3.254847;2.114006;4.553429;2.155246;1.534711;1.578971;5.048307;1.861676;2.456106;4.166331;4.826003;1.501343;4.128180;2.765565;1.711192;4.329780;4.777872;4.891780;3.167138;4.753606;1.471913;3.613001;3.962900;1.626176;5.555153;6.045700;4.185616;3.871186;3.374075;3.020655;2.158670;2.548198;4.023418;3.445607;4.758269;3.885096;4.193395;2.646994;3.414851;2.621922;5.475826;3.625289;4.968198;6.190125;6.079860;9.309819;5.597639;4.557991;9.113544;5.200826;4.726432;4.884100;7.450672;6.492715;7.245733;7.045164;8.928541;8.870103;7.046211;5.358597;5.093950;8.943604;5.298678;4.228616;8.196606;7.098448;6.069746;6.091052;6.547106;7.270676;9.010646;7.273585;7.082074;5.210707;7.942039;7.398472;8.736262;3.680806;4.284573;7.058056;8.442867;5.885019;6.809581;7.153298;8.840715;8.173797;9.386405;7.083034;3.267442;7.486031;4.567160;8.044267;3.802857;7.429559;8.694085;7.503744;5.078330;6.010503;5.948732;9.268740;8.595723;7.024144;3.654061
0.420000;-4.820909;2.892334;3.496305;3.529203;2.987137;3.360078;1.819699;3.156631;4.115962;1.575277;5.330612;1.707795;3.275683;2.328240;3.623272;4.059886;2.540659;1.877388;2.943565;3.795154;5.348313;2.808190;3.814264;4.126941;1.670705;3.867294;3.462397;2.685773;3.504339;2.966524;4.814400;2.998138;4.508712;4.892986;4.792599;1.903417;2.974027;1.336286;3.566823;5.674745;4.927925;1.508870;5.127384;1.917939;5.019773;3.266993;4.032777;4.404078;5.603215;3.656999;2.758733;5.387529;2.709008;1.811603;3.117135;3.371370;3.838657;4.625783;1.865490;5.112378;1.349927;2.700705;1.692247;2.579438;4.132906;4.801098;3.456045;4.093767;3.191301;4.741930;5.125974;3.798409;4.284157;3.248279;2.110810;4.545912;2.151156;1.530569;1.577827;5.042473;1.858513;2.446158;4.165391;4.823451;1.499975;4.121534;2.762804;1.686848;4.311080;4.766412;4.887051;3.161010;4.752588;1.475836;3.611251;3.960139;1.623397;5.544656;6.036015;4.184563;3.864192;3.380212;3.016742;2.154463;2.545442;4.019928;3.440737;4.756193;3.884330;4.187455;2.646994;3.410962;2.618507;5.471530;3.615244;4.973927;6.187432;6.089377;9.307551;5.597301;4.556542;9.108555;5.195052;4.725084;4.882188;7.450549;6.486133;7.231754;7.053982;8.920671;8.862997;7.044027;5.358370;5.086574;8.934884;5.298676;4.223937;8.197412;7.098542;6.067669;6.072595;6.539897;7.246360;9.008027;7.273585;7.081629;5.209439;7.933609;7.393780;8.739079;3.688347;4.277855;7.055219;8.439425;5.882231;6.781795;7.151062;8.839182;8.151112;9.381312;7.077571;3.267442;7.495302;4.549145;8.043051;3.799007;7.419590;8.682526;7.494602;5.076805;5.993597;5.941788;9.258056;8.585333;7.023546;3.654060
0.420000;-5.611704;2.893691;3.498971;3.531357;2.989106;3.364544;1.819535;3.169101;4.117019;1.577543;5.332084;1.709604;3.279334;2.330729;3.635852;4.066403;2.621968;1.881095;2.944974;3.800333;5.350860;2.811481;3.814978;4.129052;1.673860;3.864387;3.465203;2.694443;3.507852;2.968807;4.814400;3.004064;4.510155;4.894150;4.793236;1.902660;2.977226;1.337405;3.571835;5.684120;4.930656;1.509548;5.128404;1.919275;5.024930;3.268056;4.033283;4.405241;5.607482;3.657901;2.761330;5.391874;2.710168;1.813064;3.120563;3.374485;3.835309;4.579600;1.867420;5.115485;1.350096;2.705282;1.695606;2.595317;4.134897;4.804327;3.457720;4.098595;3.192177;4.743191;5.128679;3.798409;4.291857;3.252923;2.112789;4.551387;2.153791;1.532320;1.578461;5.046496;1.860469;2.447694;4.165906;4.824982;1.500744;4.126241;2.764479;1.686468;4.312091;4.775667;4.890179;3.165279;4.753148;1.475835;3.612257;3.961813;1.625082;5.552941;6.043509;4.185144;3.869205;3.372071;3.019244;2.157185;2.547112;4.022118;3.443974;4.757407;3.884744;4.191562;2.646994;3.413443;2.620642;5.474323;3.623089;4.960508;6.189062;6.080961;9.308894;5.597479;4.557361;9.111892;5.199024;4.725839;4.883581;7.451119;6.494378;7.243656;7.046277;8.926463;8.868106;7.045311;5.363448;5.091925;8.941474;5.298676;4.246423;8.194577;7.102950;6.068883;6.089572;6.545099;7.270625;9.009606;7.273585;7.081865;5.210146;7.939919;7.396882;8.734897;3.684982;4.282629;7.056945;8.441587;5.883925;6.810671;7.152383;8.840052;8.173283;9.384734;7.081289;3.267442;7.484469;4.565624;8.043730;3.801464;7.427357;8.691889;7.501579;5.077670;6.008778;5.946761;9.266530;8.593515;7.023867;3.654059
0.420000;-4.977844;2.880997;3.488737;3.522657;2.980989;3.349693;1.821044;3.140141;4.112137;1.568488;5.325654;1.702011;3.266440;2.328905;3.615725;4.047233;2.349610;1.868069;2.938765;3.783896;5.340972;2.799521;3.811499;4.120486;1.662266;3.864541;3.454573;2.671378;3.495314;2.959710;4.814400;2.986059;4.503810;4.888856;4.790096;1.902949;2.965522;1.332280;3.555764;5.659873;4.920233;1.506223;5.123662;1.913331;5.008538;3.263145;4.030729;4.399949;5.593100;3.653637;2.751294;5.377312;2.704881;1.806672;3.108254;3.363001;3.826142;4.591228;1.859434;5.104026;1.349485;2.690181;1.683478;2.581359;4.126715;4.792530;3.450577;4.082931;3.188015;4.743704;5.118338;3.798409;4.270477;3.237676;2.104645;4.534324;2.143647;1.529736;1.575329;5.032698;1.852397;2.441990;4.163311;4.818337;1.497033;4.110846;2.757336;1.687087;4.321592;4.751620;4.878662;3.150894;4.750346;1.475836;3.607571;3.954678;1.617898;5.530529;6.022509;4.182251;3.853127;3.376232;3.009489;2.146786;2.539990;4.013308;3.432166;4.751917;3.882617;4.177556;2.646994;3.403724;2.612000;5.463731;3.601465;4.966811;6.182083;6.080445;9.302934;5.596517;4.553442;9.099822;5.185353;4.722185;4.882206;7.450154;6.489782;7.215524;7.045829;8.908756;8.851826;7.039556;5.367855;5.075127;8.922184;5.298676;4.209915;8.200439;7.104679;6.063401;6.054635;6.528617;7.227326;9.002794;7.273578;7.080611;5.206699;7.921160;7.385437;8.736315;3.678288;4.267088;7.049624;8.432880;5.876717;6.762621;7.146507;8.835912;8.132264;9.372452;7.068250;3.267442;7.493798;4.531311;8.040411;3.791850;7.405869;8.667669;7.481543;5.073552;5.976128;5.930789;9.243797;8.571296;7.022196;3.654062
0.420000;-4.515875;2.930393;3.493913;3.527155;2.985222;3.356691;1.825142;3.150811;4.114799;1.573148;5.329088;1.706002;3.272711;2.328408;3.615124;4.055654;2.435156;1.874384;2.942091;3.791449;5.346000;2.805418;3.813433;4.124923;1.668015;3.869034;3.459915;2.680852;3.501440;2.964387;4.814399;2.994125;4.507205;4.891727;4.791850;1.902340;2.971312;1.335067;3.563191;5.669630;4.925488;1.508075;5.126256;1.916528;5.016077;3.265824;4.032167;4.402819;5.599926;3.655984;2.756383;5.384206;2.707750;1.810088;3.114290;3.368701;3.828173;4.584372;1.863606;5.109716;1.349301;2.697268;1.689439;2.581499;4.130979;4.798358;3.454354;4.090219;3.190308;4.745959;5.123559;3.768254;4.279526;3.244816;2.108890;4.542084;2.148781;1.535752;1.577078;5.039314;1.856609;2.466223;4.164772;4.821876;1.499089;4.118036;2.761109;1.691092;4.312234;4.761327;4.884376;3.157723;4.751919;1.466679;3.610135;3.958450;1.621695;5.539846;6.031451;4.183873;3.860560;3.372322;3.014457;2.152035;2.543758;4.017857;3.437997;4.754888;3.883821;4.184246;2.646994;3.408678;2.616474;5.469059;3.610572;4.960547;6.185779;6.080922;9.306135;5.597070;4.555609;9.105758;5.191914;4.724212;4.883142;7.452569;6.483987;7.226052;7.051296;8.916719;8.859323;7.042659;5.358570;5.082798;8.930635;5.298676;4.212888;8.197761;7.098576;6.066366;6.066037;6.536183;7.238979;9.006411;7.273578;7.081328;5.208616;7.929454;7.391119;8.736251;3.678293;4.274330;7.053485;8.437376;5.880525;6.774023;7.149670;8.838195;8.143933;9.378471;7.074567;3.267442;7.491607;4.542650;8.042258;3.796755;7.414940;8.677415;7.490214;5.075823;5.987294;5.938180;9.253187;8.580559;7.023148;3.654061
0.420000;-5.672737;2.900715;3.495826;3.528703;2.986639;3.359854;1.820292;3.159104;4.115554;1.574777;5.330144;1.707301;3.275313;2.340923;3.623763;4.060190;2.614736;1.877030;2.943102;3.795097;5.347825;2.807771;3.813941;4.126441;1.670271;3.867669;3.461930;2.686779;3.503951;2.966025;4.814400;2.998272;4.508244;4.892560;4.792300;1.919469;2.973598;1.335869;3.566725;5.676011;4.927448;1.508558;5.126985;1.917487;5.019710;3.266585;4.032526;4.403652;5.602954;3.656627;2.758249;5.387285;2.708582;1.811136;3.116737;3.370929;3.834515;4.609704;1.864992;5.111939;1.349419;2.700508;1.691837;2.580168;4.132409;4.800673;3.455559;4.093628;3.190934;4.741451;5.125495;3.798409;4.284832;3.248099;2.110311;4.545927;2.150671;1.553720;1.577531;5.042170;1.858017;2.442596;4.165136;4.822975;1.499637;4.121367;2.762315;1.686250;4.317026;4.767628;4.886613;3.160751;4.752316;1.475835;3.610855;3.959654;1.622909;5.545532;6.036622;4.184284;3.864094;3.383404;3.016254;2.153986;2.544958;4.019430;3.440311;4.755759;3.884114;4.187167;2.646994;3.410468;2.618008;5.471061;3.615967;5.056453;6.186948;6.083588;9.307097;5.597195;4.556191;9.108142;5.194738;4.724751;4.883950;7.450844;6.483536;7.233989;7.045661;8.920773;8.862923;7.043581;5.359365;5.086560;8.935207;5.298677;4.214014;8.196007;7.100066;6.067234;6.077040;6.539845;7.254274;9.007548;7.273582;7.081494;5.209118;7.933855;7.393340;8.734166;3.678484;4.277702;7.054728;8.438932;5.881742;6.792012;7.150615;8.838817;8.157998;9.380913;7.077215;3.267442;7.497927;4.553358;8.042738;3.798517;7.420288;8.683784;7.495046;5.076441;5.997230;5.941679;9.258990;8.586168;7.023372;3.654061
0.420000;-5.482794;2.883997;3.493098;3.526425;2.984527;3.355664;1.825021;3.149305;4.114330;1.572395;5.328502;1.705336;3.271759;2.329207;3.638435;4.054473;2.532482;1.873430;2.941520;3.790363;5.345201;2.804512;3.813080;4.124200;1.667127;3.888880;3.459077;2.679541;3.500515;2.963632;4.814400;2.992979;4.506623;4.891225;4.791526;1.910869;2.970421;1.334577;3.562119;5.668270;4.924662;1.507736;5.125794;1.915977;5.014992;3.265350;4.031899;4.402317;5.598919;3.655563;2.755577;5.383192;2.707247;1.809505;3.113371;3.367821;3.827119;4.596033;1.862918;5.108838;1.349695;2.696235;1.688530;2.579942;4.130277;4.797469;3.453718;4.089160;3.189897;4.744487;5.122736;3.798409;4.278269;3.243776;2.108192;4.540975;2.147969;1.537055;1.576757;5.038323;1.855918;2.441548;4.164498;4.821274;1.498716;4.116991;2.760479;1.686249;4.320452;4.759986;4.883494;3.156715;4.751626;1.475836;3.609680;3.957817;1.621058;5.538556;6.030209;4.183573;3.859485;3.375020;3.013667;2.151207;2.543123;4.017118;3.437103;4.754370;3.883593;4.183255;2.646994;3.407885;2.615744;5.468222;3.609308;5.077819;6.185159;6.081255;9.305585;5.596963;4.555217;9.104852;5.190938;4.723843;4.885779;7.450166;6.488570;7.224579;7.045676;8.915588;8.858246;7.042121;5.363152;5.081700;8.929447;5.298676;4.218502;8.198042;7.102344;6.065850;6.064341;6.535096;7.237046;9.005800;7.273585;7.081190;5.208266;7.928289;7.390240;8.733303;3.678325;4.273278;7.052841;8.436649;5.879885;6.772026;7.149121;8.837784;8.142056;9.377555;7.073621;3.267441;7.484910;4.540983;8.041921;3.795974;7.413683;8.676070;7.489004;5.075414;5.985678;5.937113;9.251894;8.579276;7.022966;3.654061
0.420000;-5.313349;2.876154;3.503485;3.535232;2.992735;3.370878;1.819323;3.179895;4.119242;1.581571;5.334988;1.713008;3.284913;2.328836;3.615224;4.074288;2.561553;1.886726;2.947781;3.807253;5.355232;2.816695;3.816574;4.132870;1.678923;3.901706;3.469875;2.703592;3.513293;2.972849;4.814400;3.011555;4.513021;4.896554;4.794678;1.906027;2.982334;1.339735;3.578623;5.693633;4.935248;1.511075;5.130565;1.921966;5.031834;3.270292;4.034461;4.407646;5.613636;3.659851;2.765762;5.398098;2.712573;1.815951;3.125913;3.379507;3.827734;4.579140;1.870993;5.120495;1.349306;2.711708;1.700882;2.581585;4.138553;4.809476;3.460932;4.105233;3.194079;4.741458;5.133234;3.688505;4.300481;3.259404;2.116429;4.558534;2.158265;1.539445;1.579900;5.052428;1.864078;2.442116;4.167102;4.827979;1.502445;4.132780;2.767687;1.687078;4.311087;4.785111;4.895215;3.171436;4.754437;1.472975;3.614393;3.965021;1.628312;5.561892;6.052001;4.186474;3.875993;3.372178;3.023560;2.161765;2.550317;4.026040;3.449126;4.759900;3.885727;4.197576;2.646994;3.417745;2.624494;5.478981;3.631782;4.984278;6.192202;6.080324;9.311594;5.597926;4.559155;9.117144;5.204906;4.727517;4.882055;7.453553;6.495593;7.254234;7.051119;8.933842;8.874974;7.047922;5.358762;5.098978;8.949389;5.298677;4.211661;8.199068;7.102345;6.071374;6.101695;6.552038;7.284025;9.012674;7.273585;7.082445;5.211730;7.947664;7.401885;8.733342;3.684650;4.289219;7.060234;8.445467;5.887165;6.824507;7.155044;8.841945;8.186399;9.390075;7.086927;3.267442;7.484184;4.577598;8.045251;3.805720;7.436010;8.701381;7.509753;5.079553;6.020422;5.953506;9.275572;8.602399;7.024640;3.654061
0.420000;-5.155866;2.875136;3.486501;3.520816;2.979295;3.346125;1.834109;3.131375;4.111188;1.566557;5.324361;1.700443;3.263471;2.330384;3.614614;4.042255;2.621968;1.865054;2.937522;3.779833;5.338830;2.796810;3.810844;4.118680;1.659662;3.869223;3.452229;2.664986;3.492442;2.957768;4.814400;2.981477;4.502538;4.887819;4.789510;1.902664;2.962883;1.331279;3.551816;5.653026;4.917944;1.505600;5.122745;1.912149;5.004490;3.262192;4.030260;4.398910;5.589681;3.652822;2.749109;5.373836;2.703843;1.805387;3.105448;3.360422;3.834556;4.582383;1.857771;5.101456;1.349689;2.686538;1.680720;2.584777;4.125003;4.789863;3.449115;4.079115;3.187220;4.744284;5.116072;3.798409;4.264713;3.233988;2.102943;4.530055;2.141430;1.588256;1.574747;5.029454;1.850714;2.451737;4.162834;4.816996;1.496332;4.107119;2.755876;1.689604;4.311599;4.744854;4.876074;3.147474;4.749829;1.475836;3.606666;3.953218;1.616429;5.524382;6.016879;4.181717;3.849177;3.372411;3.007377;2.144506;2.538533;4.011438;3.429499;4.750836;3.882229;4.174250;2.646994;3.401626;2.610173;5.461397;3.595606;4.962944;6.180663;6.080917;9.301744;5.596347;4.552699;9.097080;5.182146;4.721496;4.882433;7.453554;6.492935;7.207108;7.050048;8.904267;8.847811;7.038415;5.359348;5.070943;8.917153;5.298678;4.214210;8.212817;7.100185;6.062319;6.043208;6.524538;7.211788;9.001410;7.273582;7.080389;5.206051;7.916319;7.382867;8.733558;3.680667;4.263309;7.048120;8.431027;5.875237;6.744571;7.145334;8.835123;8.117889;9.369641;7.065233;3.267441;7.486092;4.520177;8.039789;3.789773;7.400066;8.660831;7.476261;5.072768;5.965748;5.926873;9.237535;8.565220;7.021896;3.654061
0.420000;-5.146387;2.875292;3.496440;3.529258;2.987167;3.360584;1.819429;3.159478;4.115911;1.575349;5.330588;1.707804;3.276007;2.328243;3.616427;4.060928;2.543853;1.877725;2.943536;3.795840;5.348434;2.808439;3.814206;4.126988;1.670931;3.870821;3.462557;2.687438;3.504634;2.966598;4.814400;2.999020;4.508683;4.892941;4.792542;1.907170;2.974261;1.336237;3.567467;5.676630;4.928071;1.508813;5.127332;1.917904;5.020454;3.266942;4.032725;4.404032;5.603679;3.656944;2.758855;5.388011;2.708961;1.811577;3.117417;3.371588;3.826529;4.616761;1.865516;5.112594;1.349742;2.701241;1.692512;2.579812;4.132939;4.801339;3.456041;4.094365;3.191245;4.745920;5.126118;3.798409;4.285537;3.248834;2.110841;4.546675;2.151283;1.535573;1.577770;5.042881;1.858541;2.441514;4.165339;4.823431;1.499917;4.122107;2.762800;1.687103;4.313035;4.768254;4.887271;3.161474;4.752534;1.475836;3.611197;3.960135;1.623392;5.546210;6.037336;4.184509;3.864834;3.379634;3.016850;2.154603;2.545437;4.019989;3.440977;4.756150;3.884283;4.187880;2.646994;3.411062;2.618559;5.471688;3.616668;4.965379;6.187421;6.080986;9.307519;5.597273;4.556485;9.108818;5.195447;4.725028;4.882689;7.450064;6.500280;7.234419;7.047032;8.921517;8.863667;7.043988;5.359373;5.087306;8.935939;5.298678;4.357703;8.195851;7.101583;6.067626;6.076904;6.540590;7.253026;9.008012;7.273582;7.081596;5.209382;7.934597;7.393992;8.737412;3.679008;4.278440;7.055218;8.439484;5.882225;6.789924;7.151030;8.839124;8.157102;9.381593;7.077914;3.267441;7.491346;4.553280;8.042995;3.799107;7.420990;8.684399;7.495775;5.076748;5.997313;5.942423;9.259663;8.586854;7.023506;3.654061
0.420000;-5.254742;2.875204;3.498543;3.531053;2.988843;3.363611;1.821378;3.165292;4.116927;1.577219;5.331921;1.709377;3.278639;2.332138;3.618967;4.064806;2.592278;1.880386;2.944822;3.799176;5.350464;2.810890;3.814931;4.128757;1.673306;3.864773;3.464739;2.692083;3.507198;2.968473;4.814400;3.002668;4.509999;4.894042;4.793198;1.904175;2.976659;1.337304;3.570734;5.681500;4.930213;1.509506;5.128318;1.919137;5.023780;3.267964;4.033259;4.405131;5.606607;3.657831;2.760920;5.390978;2.710060;1.812904;3.119936;3.373942;3.829432;4.592842;1.867165;5.114943;1.354423;2.704317;1.694996;2.579468;4.134629;4.803750;3.457518;4.097550;3.192111;4.742707;5.128242;3.748986;4.289848;3.251937;2.112523;4.550135;2.153371;1.536329;1.578425;5.045696;1.860209;2.471525;4.165881;4.824809;1.500692;4.125230;2.764278;1.690132;4.330488;4.773091;4.889632;3.164407;4.753119;1.475836;3.612173;3.961612;1.624878;5.550720;6.041570;4.185112;3.868104;3.388990;3.018857;2.156744;2.546912;4.021807;3.443398;4.757290;3.884728;4.190738;2.646994;3.413060;2.620344;5.473863;3.621028;4.973371;6.188869;6.079999;9.308754;5.597475;4.557302;9.111284;5.198240;4.725790;4.882934;7.452884;6.487741;7.240073;7.049368;8.925108;8.866978;7.045183;5.358510;5.090714;8.939850;5.298676;4.217366;8.194699;7.098718;6.068768;6.083957;6.543935;7.261918;9.009425;7.273585;7.081858;5.210103;7.938390;7.396343;8.733339;3.680335;4.281603;7.056733;8.441281;5.883720;6.799963;7.152249;8.839987;8.165479;9.384108;7.080579;3.267441;7.484723;4.560205;8.043688;3.801090;7.425324;8.689277;7.499822;5.077606;6.003891;5.945673;9.264242;8.591333;7.023858;3.654061
0.420000;-5.717060;2.905869;3.495971;3.528808;2.986729;3.360152;1.823475;3.160035;4.115588;1.574891;5.330202;1.707380;3.275535;2.330708;3.659145;4.060660;2.432838;1.877258;2.943156;3.795451;5.347963;2.807964;3.813957;4.126543;1.670454;3.864413;3.462086;2.687424;3.504159;2.966140;4.814400;2.998695;4.508297;4.892600;4.792315;1.910865;2.973784;1.335904;3.567066;5.676708;4.927598;1.508573;5.127015;1.917535;5.020064;3.266617;4.032534;4.403692;5.603233;3.656651;2.758387;5.387569;2.708620;1.811192;3.116944;3.371110;3.832003;4.581897;1.865080;5.112116;1.351672;2.700813;1.692037;2.584136;4.132500;4.800860;3.455628;4.093950;3.190958;4.743834;5.125643;3.798409;4.285401;3.248407;2.110403;4.546309;2.150812;1.561243;1.577543;5.042425;1.858105;2.443802;4.165144;4.823036;1.499656;4.121682;2.762389;1.689099;4.317398;4.768320;4.886794;3.161028;4.752326;1.466032;3.610884;3.959724;1.622980;5.546146;6.037175;4.184296;3.864435;3.377915;3.016384;2.154131;2.545027;4.019537;3.440503;4.755800;3.884120;4.187428;2.646994;3.410592;2.618108;5.471213;3.616546;4.974617;6.187016;6.081363;9.307150;5.597195;4.556211;9.108336;5.194990;4.724768;4.882433;7.450646;6.490632;7.234887;7.050441;8.921178;8.863270;7.043626;5.359163;5.086928;8.935690;5.298676;4.209616;8.196017;7.098687;6.067276;6.078252;6.540201;7.255809;9.007610;7.273582;7.081495;5.209137;7.934302;7.393515;8.737370;3.678682;4.278022;7.054801;8.439032;5.881814;6.793696;7.150661;8.838839;8.159453;9.381118;7.077446;3.267441;7.485845;4.554534;8.042756;3.798644;7.420862;8.684488;7.495553;5.076462;5.998334;5.942018;9.259624;8.586779;7.023377;3.654061
0.420000;-6.051872;2.959668;3.496167;3.529015;2.986935;3.360250;1.819737;3.159248;4.115761;1.575096;5.330398;1.707587;3.275691;2.328486;3.614726;4.060571;2.621968;1.877402;2.943351;3.795490;5.348163;2.808130;3.814095;4.126750;1.670635;3.871201;3.462273;2.687101;3.504325;2.966346;4.814400;2.998662;4.508494;4.892780;4.792442;1.904791;2.973962;1.336081;3.567119;5.676303;4.927793;1.508706;5.127185;1.917725;5.020103;3.266792;4.032643;4.403872;5.603342;3.656811;2.758586;5.387676;2.708800;1.811388;3.117105;3.371292;3.827820;4.588331;1.865288;5.112298;1.349751;2.700900;1.692206;2.580311;4.132708;4.801039;3.455832;4.094022;3.191114;4.741408;5.125841;3.798409;4.285185;3.248491;2.110611;4.546321;2.151012;1.532068;1.577670;5.042553;1.858314;2.444161;4.165255;4.823235;1.499801;4.121756;2.762589;1.690116;4.311053;4.767928;4.886974;3.161140;4.752443;1.468652;3.611052;3.959926;1.623181;5.545859;6.036982;4.184416;3.864486;3.380191;3.016585;2.154332;2.545229;4.019745;3.440678;4.755984;3.884213;4.187549;2.646994;3.410805;2.618317;5.471408;3.616318;4.997365;6.187217;6.079883;9.307340;5.597243;4.556363;9.108510;5.195125;4.724913;4.881899;7.457750;6.483792;7.234174;7.047995;8.921166;8.863318;7.043815;5.359000;5.086953;8.935585;5.298678;4.260346;8.195863;7.099092;6.067461;6.076889;6.540238;7.253489;9.007811;7.273585;7.081553;5.209272;7.934238;7.393700;8.736377;3.678415;4.278097;7.055004;8.439242;5.882017;6.790761;7.150853;8.838996;8.157415;9.381281;7.077596;3.267442;7.484690;4.553237;8.042889;3.798845;7.420640;8.684075;7.495420;5.076619;5.997210;5.942077;9.259323;8.586512;7.023452;3.654061
0.420000;-5.829423;2.922556;3.489473;3.523347;2.981657;3.350415;1.827165;3.139358;4.112612;1.569192;5.326234;1.702653;3.267202;2.341434;3.614619;4.047735;2.588097;1.868825;2.939331;3.784563;5.341702;2.800276;3.811861;4.121172;1.663026;3.870194;3.455316;2.671501;3.496073;2.960413;4.814400;2.986642;4.504386;4.889362;4.790426;1.909558;2.966277;1.332774;3.556444;5.659845;4.920972;1.506571;5.124127;1.913882;5.009208;3.263623;4.031005;4.400454;5.593835;3.654065;2.752026;5.378041;2.705384;1.807249;3.109016;3.363755;3.826824;4.617003;1.860095;5.104781;1.361077;2.690895;1.684235;2.579436;4.127385;4.793289;3.451196;4.083630;3.188435;4.741398;5.119076;3.798409;4.270787;3.238389;2.105312;4.534958;2.144376;1.529740;1.575660;5.033447;1.853063;2.466083;4.163591;4.818932;1.497414;4.111554;2.757953;1.687362;4.349502;4.751622;4.879417;3.151630;4.750646;1.594378;3.608032;3.955298;1.618522;5.530725;6.022855;4.182560;3.853810;3.373405;3.010213;2.147525;2.540608;4.014003;3.432921;4.752438;3.882850;4.178302;2.646994;3.404446;2.612688;5.464474;3.601748;5.002905;6.182697;6.081883;9.303482;5.596627;4.553841;9.100579;5.186102;4.722562;4.882865;7.451227;6.488116;7.214896;7.049810;8.909352;8.852497;7.040093;5.359158;5.075774;8.922671;5.298676;4.210309;8.199096;7.139861;6.063919;6.052529;6.529279;7.222684;9.003394;7.273585;7.080754;5.207057;7.921690;7.386190;8.733337;3.680669;4.267791;7.050253;8.433567;5.877340;6.756195;7.147050;8.836330;8.128388;9.373204;7.069007;3.267442;7.484252;4.529366;8.040757;3.792569;7.406169;8.667650;7.481975;5.073968;5.974575;5.931473;9.243962;8.571516;7.022383;3.654061
0.420000;-5.209024;2.874957;3.493006;3.526401;2.984523;3.355291;1.819237;3.147729;4.114398;1.572356;5.328547;1.705352;3.271522;2.328655;3.616772;4.053763;2.571615;1.873184;2.941571;3.789874;5.345126;2.804332;3.813154;4.124181;1.666966;3.864891;3.458969;2.678493;3.500295;2.963593;4.814399;2.992367;4.506670;4.891289;4.791598;1.902366;2.970252;1.334645;3.561657;5.667117;4.924562;1.507808;5.125866;1.916032;5.014507;3.265420;4.031965;4.402382;5.598581;3.655636;2.755497;5.382840;2.707312;1.809550;3.113165;3.367665;3.829538;4.593894;1.862919;5.108682;1.353020;2.695843;1.688336;2.584175;4.130272;4.797290;3.453748;4.088727;3.189970;4.741869;5.122639;3.798409;4.277368;3.243375;2.108189;4.540436;2.147882;1.530998;1.576828;5.038024;1.855915;2.443184;4.164565;4.821314;1.498790;4.116583;2.760503;1.688958;4.312397;4.758851;4.883337;3.156377;4.751696;1.467566;3.609751;3.957843;1.621087;5.537562;6.029342;4.183640;3.859023;3.387644;3.013597;2.151106;2.543153;4.017090;3.436928;4.754433;3.883653;4.182940;2.646994;3.407817;2.615721;5.468114;3.608388;5.082139;6.185189;6.083147;9.305638;5.596996;4.555292;9.104662;5.190648;4.723917;4.883854;7.454577;6.502499;7.223073;7.050606;8.915002;8.857767;7.042180;5.360021;5.081182;8.928732;5.298677;4.256616;8.194590;7.100959;6.065912;6.062244;6.534602;7.234290;9.005837;7.273585;7.081231;5.208340;7.927615;7.390089;8.735985;3.685474;4.272857;7.052864;8.436626;5.879909;6.768931;7.149181;8.837858;8.139479;9.377349;7.073371;3.267442;7.487439;4.538937;8.041992;3.795908;7.412776;8.674917;7.488224;5.075489;5.983777;5.936657;9.250876;8.578305;7.023016;3.654061
0.420000;-5.571802;2.890431;3.502925;3.534784;2.992326;3.369948;1.819352;3.177611;4.119030;1.581097;5.334686;1.712638;3.284145;2.329052;3.617516;4.072967;2.453311;1.885946;2.947492;3.806182;5.354699;2.816002;3.816434;4.132429;1.678263;3.864478;3.469287;2.701891;3.512556;2.972371;4.814400;3.010340;4.512726;4.896321;4.794555;1.942059;2.981663;1.339510;3.577585;5.691818;4.934675;1.510941;5.130361;1.921695;5.030768;3.270079;4.034365;4.407411;5.612745;3.659671;2.765218;5.397192;2.712337;1.815652;3.125194;3.378855;3.827316;4.578068;1.870592;5.119843;1.350085;2.710756;1.700177;2.579744;4.138139;4.808802;3.460587;4.104229;3.193907;4.750716;5.132668;3.710916;4.298943;3.258437;2.116019;4.557407;2.157716;1.549665;1.579778;5.051579;1.863671;2.442982;4.167003;4.827664;1.502292;4.131792;2.767340;1.742802;4.333715;4.783317;4.894556;3.170543;4.754329;1.508973;3.614192;3.964677;1.627966;5.560254;6.050506;4.186363;3.874951;3.398889;3.023036;2.161194;2.549972;4.025584;3.448447;4.759655;3.885649;4.196714;2.646994;3.417223;2.624050;5.478396;3.630228;4.969050;6.191867;6.079888;9.311319;5.597892;4.558994;9.116446;5.204076;4.727368;4.885804;7.454813;6.483444;7.252038;7.050377;8.932654;8.873915;7.047662;5.359077;5.097877;8.948057;5.298677;4.256450;8.194784;7.107378;6.071128;6.098833;6.550962;7.280427;9.012353;7.273578;7.082402;5.211593;7.946383;7.401232;8.734658;3.679816;4.288228;7.059877;8.445014;5.886816;6.820568;7.154779;8.841773;8.182988;9.389358;7.086150;3.267443;7.484809;4.574809;8.045119;3.805206;7.434464;8.699571;7.508348;5.079381;6.017782;5.952475;9.273909;8.600785;7.024581;3.654062
0.420000;-5.778403;2.914544;3.495371;3.528409;2.986396;3.358747;1.820036;3.154495;4.115520;1.574450;5.330027;1.707100;3.274515;2.329650;3.614733;4.058241;2.418807;1.876212;2.942999;3.793706;5.347414;2.807100;3.813950;4.126159;1.669652;3.864593;3.461428;2.683891;3.503203;2.965693;4.814400;2.996571;4.508130;4.892505;4.792315;1.904858;2.972964;1.335821;3.565402;5.672795;4.926973;1.508570;5.126954;1.917397;5.018326;3.266547;4.032548;4.403597;5.601927;3.656613;2.757818;5.386227;2.708526;1.811020;3.116021;3.370327;3.827693;4.582886;1.864762;5.111338;1.350962;2.699358;1.691149;2.595481;4.132158;4.800019;3.455391;4.092381;3.190924;4.741403;5.125033;3.679336;4.282368;3.246924;2.110067;4.544417;2.150228;1.529866;1.577545;5.041235;1.857776;2.442806;4.165158;4.822842;1.499640;4.120167;2.762147;1.699581;4.318064;4.764478;4.886004;3.159723;4.752337;1.466631;3.610826;3.959488;1.622739;5.542813;6.034251;4.184304;3.862769;3.372497;3.015852;2.153514;2.544792;4.019126;3.439665;4.755694;3.884140;4.186194;2.646994;3.410067;2.617718;5.470566;3.613449;4.960983;6.186796;6.080321;9.307011;5.597215;4.556188;9.107461;5.193826;4.724754;4.881887;7.455029;6.493499;7.229649;7.046020;8.919130;8.861561;7.043502;5.361035;5.085100;8.933237;5.298676;4.318783;8.195554;7.098463;6.067171;6.070350;6.538445;7.244143;9.007404;7.273585;7.081517;5.209130;7.931996;7.392738;8.734282;3.678399;4.276477;7.054548;8.438635;5.881571;6.779698;7.150530;8.838808;8.148867;9.380200;7.076397;3.267442;7.484245;4.546899;8.042752;3.798131;7.417804;8.680592;7.492903;5.076432;5.991374;5.940379;9.256191;8.583504;7.023399;3.654061
0.420000;-4.497221;2.934516;3.494151;3.527304;2.985340;3.357315;1.819922;3.153575;4.114806;1.573316;5.329137;1.706096;3.273142;2.329502;3.616314;4.056781;2.339086;1.874837;2.942132;3.792240;5.346218;2.805777;3.813416;4.125065;1.668347;3.876334;3.460181;2.682548;3.501850;2.964556;4.814400;2.995103;4.507249;4.891743;4.791831;1.902619;2.971653;1.335078;3.563942;5.671523;4.925740;1.508057;5.126258;1.916561;5.016862;3.265830;4.032145;4.402834;5.600505;3.655977;2.756610;5.384798;2.707765;1.810135;3.114683;3.369027;3.845035;4.584069;1.863718;5.110041;1.352939;2.697917;1.689814;2.579363;4.131100;4.798708;3.454429;4.090924;3.190300;4.743020;5.123804;3.787452;4.280962;3.245478;2.109010;4.542946;2.149014;1.530501;1.577060;5.039831;1.856726;2.443387;4.164749;4.821932;1.499077;4.118716;2.761185;1.686810;4.317580;4.763186;4.884705;3.158298;4.751897;1.475837;3.610137;3.958526;1.621772;5.541436;6.032832;4.183852;3.861308;3.371820;3.014666;2.152283;2.543832;4.018011;3.438350;4.754908;3.883798;4.184786;2.646994;3.408884;2.616618;5.469321;3.612046;4.963120;6.185850;6.080371;9.306170;5.597054;4.555596;9.106127;5.192423;4.724196;4.882374;7.452626;6.491002;7.228653;7.052404;8.917660;8.860098;7.042686;5.359214;5.083631;8.931771;5.298678;4.225245;8.196461;7.105628;6.066389;6.070132;6.536980;7.245369;9.006476;7.273593;7.081310;5.208601;7.930529;7.391441;8.736721;3.686880;4.275024;7.053568;8.437528;5.880602;6.781950;7.149701;8.838185;8.149645;9.378857;7.075026;3.267441;7.485788;4.546600;8.042240;3.796955;7.416396;8.679300;7.491460;5.075815;5.990861;5.938917;9.254834;8.582122;7.023127;3.654061
0.420000;-4.629225;2.914058;3.497224;3.529918;2.987780;3.361760;1.835841;3.162136;4.116274;1.576037;5.331069;1.708378;3.277008;2.329658;3.614838;4.062503;2.592325;1.878740;2.943998;3.797156;5.349184;2.809367;3.814463;4.127638;1.671824;3.865343;3.463372;2.689410;3.505609;2.967289;4.814399;3.000484;4.509159;4.893337;4.792774;1.902617;2.975165;1.336619;3.568750;5.678731;4.928869;1.509058;5.127685;1.918349;5.021766;3.267308;4.032913;4.404427;5.604811;3.657259;2.759622;5.389160;2.709356;1.812057;3.118368;3.372474;3.840712;4.591323;1.866117;5.113478;1.361064;2.702436;1.693451;2.583204;4.133559;4.802251;3.456575;4.095612;3.191553;4.741465;5.126908;3.798409;4.287332;3.250042;2.111458;4.548047;2.152059;1.605634;1.578001;5.043962;1.859152;2.445951;4.165530;4.823929;1.500193;4.123326;2.763332;1.706889;4.316197;4.770334;4.888159;3.162607;4.752741;1.471695;3.611545;3.960670;1.623932;5.548110;6.039090;4.184722;3.866118;3.372009;3.017595;2.155404;2.545974;4.020658;3.441891;4.756560;3.884440;4.188979;2.646994;3.411800;2.619215;5.472501;3.618490;4.971272;6.187947;6.083315;9.307963;5.597345;4.556775;9.109747;5.196519;4.725299;4.882381;7.455294;6.483862;7.236980;7.046371;8.922951;8.864968;7.044417;5.358490;5.088653;8.937526;5.298679;4.235340;8.195953;7.105159;6.068037;6.080379;6.541911;7.257874;9.008522;7.273585;7.081687;5.209638;7.936128;7.394873;8.735683;3.678649;4.279675;7.055768;8.440144;5.882771;6.795672;7.151470;8.839432;8.161547;9.382545;7.078931;3.267442;7.488727;4.556659;8.043241;3.799840;7.422797;8.686500;7.497433;5.077053;6.000458;5.943697;9.261601;8.588737;7.023629;3.654061
0.420000;-4.462533;2.938621;3.492935;3.526354;2.984484;3.355120;1.823213;3.146698;4.114386;1.572309;5.328524;1.705318;3.271405;2.328343;3.615954;4.053427;2.423528;1.873063;2.941551;3.789649;5.345066;2.804231;3.813148;4.124137;1.666872;3.864372;3.458895;2.677941;3.500183;2.963540;4.814400;2.992088;4.506649;4.891277;4.791592;1.906441;2.970158;1.334631;3.561445;5.666495;4.924490;1.507803;5.125855;1.916013;5.014284;3.265408;4.031960;4.402367;5.598426;3.655627;2.755431;5.382676;2.707297;1.809527;3.113061;3.367574;3.826416;4.579091;1.862883;5.108594;1.352573;2.695665;1.688233;2.582443;4.130233;4.797189;3.453718;4.088534;3.189961;4.742854;5.122569;3.783448;4.276921;3.243191;2.108150;4.540189;2.147817;1.529817;1.576823;5.037886;1.855875;2.456183;4.164563;4.821290;1.498784;4.116393;2.760478;1.689564;4.317996;4.758229;4.883245;3.156218;4.751691;1.480924;3.609739;3.957815;1.621057;5.537053;6.028913;4.183638;3.858814;3.372806;3.013536;2.151038;2.543123;4.017044;3.436832;4.754417;3.883652;4.182793;2.646994;3.407763;2.615676;5.468040;3.607923;4.970639;6.185162;6.079985;9.305618;5.596995;4.555283;9.104553;5.190508;4.723910;4.882677;7.461058;6.485371;7.222120;7.054995;8.914722;8.857543;7.042161;5.358741;5.080945;8.928379;5.298678;4.244323;8.194765;7.098356;6.065896;6.060513;6.534377;7.231203;9.005810;7.273585;7.081231;5.208334;7.927293;7.389996;8.733506;3.682680;4.272663;7.052832;8.436574;5.879879;6.764836;7.149159;8.837849;8.136798;9.377244;7.073243;3.267441;7.489364;4.537295;8.041987;3.795850;7.412318;8.674276;7.487839;5.075479;5.982341;5.936447;9.250340;8.577802;7.023016;3.654062
0.420000;-4.833730;2.891337;3.496907;3.529684;2.987575;3.361122;1.819288;3.159846;4.116190;1.575784;5.330935;1.708196;3.276521;2.346956;3.615749;4.061460;2.621968;1.878241;2.943872;3.796382;5.348888;2.808940;3.814416;4.127409;1.671424;3.864587;3.463032;2.687928;3.505145;2.967035;4.814400;2.999560;4.509027;4.893240;4.792736;1.904528;2.974757;1.336529;3.568008;5.677098;4.928542;1.509015;5.127605;1.918231;5.020996;3.267224;4.032885;4.404330;5.604209;3.657194;2.759318;5.388546;2.709260;1.811924;3.117922;3.372081;3.832416;4.580864;1.865919;5.113087;1.354809;2.701778;1.693017;2.581141;4.133350;4.801838;3.456412;4.094906;3.191489;4.746627;5.126585;3.798409;4.286052;3.249371;2.111251;4.547217;2.151753;1.533587;1.577962;5.043406;1.858948;2.448505;4.165501;4.823786;1.500140;4.122640;2.763172;1.724838;4.338380;4.768728;4.887765;3.162006;4.752707;1.479562;3.611469;3.960507;1.623767;5.546707;6.037851;4.184688;3.865374;3.373642;3.017305;2.155076;2.545811;4.020418;3.441480;4.756457;3.884418;4.188410;2.646994;3.411514;2.618984;5.472162;3.617179;5.037669;6.187790;6.080100;9.307846;5.597338;4.556718;9.109319;5.195974;4.725246;4.882078;7.453560;6.485288;7.234813;7.045978;8.922058;8.864210;7.044307;5.358626;5.087846;8.936473;5.298678;4.231261;8.194596;7.141197;6.067933;6.077124;6.541131;7.253042;9.008374;7.273585;7.081678;5.209592;7.935134;7.394487;8.733309;3.687078;4.278979;7.055599;8.439908;5.882603;6.789854;7.151352;8.839370;8.157172;9.382101;7.078430;3.267442;7.513653;4.553517;8.043197;3.799560;7.421503;8.684871;7.496303;5.076992;5.997596;5.942965;9.260159;8.587358;7.023614;3.654061
0.420000;-4.750039;2.899449;3.498236;3.530795;2.988605;3.363121;1.823512;3.163848;4.116785;1.576942;5.331734;1.709151;3.278233;2.328239;3.615383;4.064099;2.347607;1.879975;2.944642;3.798615;5.350171;2.810517;3.814830;4.128502;1.672949;3.872369;3.464419;2.691127;3.506808;2.968202;4.814400;3.002026;4.509812;4.893886;4.793107;1.902304;2.976296;1.337154;3.570188;5.680462;4.929897;1.509409;5.128181;1.918964;5.023224;3.267821;4.033185;4.404979;5.606143;3.657708;2.760618;5.390503;2.709906;1.812718;3.119548;3.373590;3.828605;4.598084;1.866930;5.114591;1.350530;2.703816;1.694618;2.580792;4.134387;4.803394;3.457309;4.097028;3.191990;4.741484;5.127928;3.798409;4.289007;3.251428;2.112284;4.549542;2.153063;1.530144;1.578332;5.045255;1.859972;2.441542;4.165805;4.824615;1.500583;4.124722;2.764065;1.699308;4.339078;4.772065;4.889277;3.163937;4.753037;1.466828;3.612037;3.961402;1.624666;5.549814;6.040755;4.185029;3.867558;3.373480;3.018566;2.156430;2.546702;4.021546;3.443035;4.757131;3.884666;4.190286;2.646994;3.412771;2.620087;5.473543;3.620168;4.960476;6.188663;6.080947;9.308580;5.597447;4.557189;9.110909;5.197800;4.725683;4.881920;7.451560;6.483531;7.238704;7.045105;8.924476;8.866418;7.045016;5.360197;5.090133;8.939128;5.298678;4.212546;8.204506;7.098567;6.068607;6.081849;6.543373;7.258611;9.009220;7.273593;7.081820;5.210002;7.937706;7.395988;8.733322;3.679136;4.281081;7.056519;8.441020;5.883506;6.795809;7.152077;8.839867;8.162530;9.383723;7.080165;3.267441;7.485638;4.558172;8.043589;3.800801;7.424478;8.688235;7.499063;5.077486;6.002051;5.945129;9.263308;8.590434;7.023808;3.654061
0.420000;-4.897931;2.885729;3.491612;3.525216;2.983420;3.353263;1.819631;3.143674;4.113735;1.571126;5.327672;1.704317;3.269764;2.328672;3.615918;4.051130;2.523119;1.871410;2.940726;3.787624;5.343779;2.802698;3.812679;4.123014;1.665386;3.873864;3.457519;2.675305;3.498586;2.962353;4.814399;2.989897;4.505808;4.890570;4.791170;1.910884;2.968658;1.333948;3.559458;5.663760;4.923140;1.507356;5.125221;1.915223;5.012264;3.264752;4.031617;4.401662;5.596618;3.655056;2.754131;5.380850;2.706593;1.808681;3.111491;3.366099;3.833003;4.584330;1.861833;5.107120;1.350791;2.693779;1.686682;2.579472;4.129159;4.795683;3.452774;4.086586;3.189404;4.742465;5.121231;3.777299;4.274422;3.241289;2.107079;4.538099;2.146502;1.575010;1.576403;5.036144;1.854816;2.443878;4.164211;4.820411;1.498285;4.114480;2.759532;1.706051;4.313620;4.755518;4.881766;3.154411;4.751315;1.465971;3.609113;3.956873;1.620108;5.534467;6.026449;4.183248;3.856825;3.374018;3.012268;2.149691;2.542183;4.015890;3.435320;4.753686;3.883364;4.181031;2.646994;3.406496;2.614544;5.466671;3.605408;5.061911;6.184242;6.080007;9.304827;5.596865;4.554758;9.103016;5.188781;4.723422;4.885517;7.461891;6.488770;7.219144;7.045130;8.912573;8.855534;7.041397;5.359971;5.078881;8.926082;5.298676;4.239473;8.197436;7.106025;6.065166;6.057268;6.532346;7.227949;9.004906;7.273582;7.081060;5.207870;7.925036;7.388528;8.733457;3.682735;4.270731;7.051868;8.435437;5.878929;6.761749;7.148377;8.837294;8.133512;9.375672;7.071591;3.267442;7.485682;4.534060;8.041542;3.794601;7.409811;8.671549;7.485465;5.074928;5.979160;5.934470;9.247733;8.575236;7.022790;3.654060
0.420000;-4.230706;2.987007;3.490334;3.524071;2.982330;3.351707;1.833891;3.142394;4.113010;1.569945;5.326762;1.703280;3.268302;2.330554;3.627773;4.049485;2.550036;1.869943;2.939842;3.786017;5.342531;2.801294;3.812143;4.121883;1.664006;3.865446;3.456211;2.673715;3.497148;2.961172;4.814400;2.988263;4.504909;4.889795;4.790682;1.902317;2.967267;1.333194;3.557862;5.662217;4.921849;1.506841;5.124516;1.914370;5.010657;3.264026;4.031212;4.400886;5.595082;3.654412;2.752868;5.379307;2.705819;1.807774;3.110060;3.364728;3.826992;4.604891;1.860757;5.105750;1.349500;2.692215;1.685267;2.579543;4.128064;4.794288;3.451786;4.085003;3.188774;4.747466;5.119944;3.798409;4.272790;3.239720;2.105988;4.536478;2.145226;1.567163;1.575915;5.034636;1.853731;2.455537;4.163802;4.819473;1.497717;4.112906;2.758544;1.695469;4.350543;4.753962;4.880392;3.152877;4.750875;1.472498;3.608415;3.955886;1.619114;5.532860;6.024814;4.182795;3.855227;3.373192;3.011029;2.148398;2.541196;4.014735;3.433923;4.752886;3.883024;4.179507;2.646994;3.405263;2.613405;5.465365;3.603780;4.965130;6.183269;6.085455;9.303970;5.596705;4.554161;9.101604;5.187280;4.722859;4.885119;7.450731;6.485527;7.217804;7.049596;8.910941;8.853932;7.040564;5.358888;5.077264;8.924426;5.298677;4.230701;8.195256;7.116593;6.064368;6.056573;6.530738;7.228473;9.003956;7.273585;7.080853;5.207338;7.923395;7.387158;8.735782;3.678922;4.269153;7.050858;8.434289;5.877934;6.763172;7.147532;8.836668;8.133662;9.374249;7.070120;3.267442;7.484761;4.533292;8.041029;3.793373;7.408183;8.670006;7.483825;5.074305;5.978208;5.932877;9.246134;8.573622;7.022519;3.654060
0.420000;-5.291364;2.875725;3.498616;3.531081;2.988857;3.363896;1.819227;3.166986;4.116895;1.577250;5.331905;1.709378;3.278818;2.331009;3.615855;4.065400;2.621968;1.880574;2.944802;3.799567;5.350528;2.811031;3.814897;4.128782;1.673431;3.872715;3.464827;2.693050;3.507366;2.968511;4.814400;3.003172;4.509979;4.894012;4.793164;1.902500;2.976789;1.337272;3.571098;5.682597;4.930293;1.509471;5.128285;1.919115;5.024171;3.267933;4.033228;4.405103;5.606869;3.657798;2.760986;5.391250;2.710031;1.812886;3.120088;3.374062;3.884353;4.579793;1.867177;5.115062;1.349778;2.704617;1.695143;2.587490;4.134643;4.803886;3.457514;4.097890;3.192077;4.742535;5.128317;3.798409;4.290645;3.252247;2.112538;4.550569;2.153440;1.550804;1.578390;5.045922;1.860222;2.478783;4.165850;4.824794;1.500656;4.125554;2.764270;1.686203;4.311456;4.774164;4.889752;3.164668;4.753086;1.473828;3.612138;3.961605;1.624873;5.551620;6.042331;4.185080;3.868465;3.373018;3.018916;2.156822;2.546905;4.021837;3.443528;4.757263;3.884700;4.190977;2.646994;3.413119;2.620370;5.473948;3.621848;4.961675;6.188859;6.081029;9.308731;5.597460;4.557267;9.111430;5.198462;4.725755;4.884468;7.451343;6.512844;7.241650;7.075963;8.925592;8.867354;7.045158;5.358441;5.091129;8.940452;5.298677;4.250183;8.195771;7.099376;6.068740;6.086590;6.544329;7.266198;9.009414;7.273585;7.081840;5.210069;7.938961;7.396459;8.734030;3.684206;4.281933;7.056731;8.441310;5.883717;6.805338;7.152227;8.839953;8.169271;9.384264;7.080770;3.267442;7.500472;4.562726;8.043652;3.801142;7.426131;8.690370;7.500495;5.077572;6.006134;5.946029;9.265173;8.592214;7.023833;3.654060
0.420000;-5.215559;2.874950;3.500171;3.532442;2.990142;3.365940;1.821552;3.169640;4.117714;1.578660;5.332954;1.710591;3.280674;2.331603;3.652446;4.067776;2.588758;1.882439;2.945820;3.801745;5.352036;2.812779;3.815495;4.130123;1.675140;3.865059;3.466426;2.695610;3.509177;2.969924;4.814400;3.005467;4.511018;4.894895;4.793708;1.907594;2.978511;1.338130;3.573247;5.685199;4.931870;1.510045;5.129084;1.920094;5.026344;3.268756;4.033674;4.405984;5.608865;3.658521;2.762516;5.393266;2.710914;1.813931;3.121879;3.375763;3.877477;4.586030;1.868443;5.116758;1.349301;2.706680;1.696912;2.581176;4.135938;4.805620;3.458663;4.100001;3.192784;4.741787;5.129884;3.751547;4.293137;3.254324;2.113826;4.552796;2.154983;1.533515;1.578932;5.047869;1.861500;2.445313;4.166303;4.825874;1.501292;4.127644;2.765418;1.720619;4.323830;4.776757;4.891456;3.166667;4.753573;1.468129;3.612929;3.962756;1.626030;5.554162;6.044804;4.185580;3.870615;3.375128;3.020411;2.158396;2.548054;4.023211;3.445267;4.758175;3.885074;4.192937;2.646994;3.414609;2.621724;5.475546;3.624351;4.974609;6.189989;6.080184;9.309715;5.597632;4.557938;9.113194;5.200392;4.726382;4.884739;7.452382;6.484335;7.244302;7.048071;8.927861;8.869518;7.046109;5.364991;5.093337;8.942834;5.298678;4.210443;8.195901;7.113037;6.069651;6.089068;6.546511;7.268003;9.010515;7.273578;7.082064;5.210662;7.941306;7.398154;8.743326;3.678873;4.284034;7.057906;8.442668;5.884875;6.806530;7.153194;8.840656;8.171309;9.386049;7.082637;3.267441;7.495684;4.565238;8.044225;3.802618;7.428628;8.692967;7.502915;5.078271;6.008713;5.948167;9.267725;8.594743;7.024130;3.654063
0.420000;-5.195675;2.875026;3.506907;3.538126;2.995428;3.375929;1.819305;3.190299;4.120842;1.584589;5.337107;1.715524;3.289264;2.332281;3.634547;4.080914;2.621968;1.891127;2.949827;3.812876;5.358533;2.820718;3.817708;4.135716;1.682820;3.902963;3.473437;2.711681;3.517518;2.975878;4.814400;3.017748;4.515114;4.898293;4.795701;1.902785;2.986269;1.341417;3.584113;5.702182;4.938736;1.512159;5.132120;1.923922;5.037440;3.271903;4.035291;4.409384;5.618517;3.661245;2.769115;5.403048;2.714309;1.818059;3.130058;3.383366;3.826605;4.606916;1.873642;5.124343;1.358352;2.716850;1.704966;2.579864;4.141268;4.813450;3.463295;4.110580;3.195441;4.745583;5.136693;3.798409;4.307930;3.264595;2.119131;4.564385;2.161658;1.530787;1.580920;5.057108;1.866757;2.443875;4.167945;4.830171;1.503655;4.138021;2.770051;1.690109;4.315485;4.793577;4.899083;3.176319;4.755348;1.475836;3.615928;3.967381;1.630688;5.569735;6.059310;4.187416;3.881486;3.372011;3.026816;2.165244;2.552671;4.028974;3.453098;4.761704;3.886418;4.202323;2.646994;3.420986;2.627368;5.482527;3.639327;4.998247;6.194507;6.081124;9.313555;5.598235;4.560434;9.121207;5.209536;4.728710;4.882967;7.452340;6.489097;7.264307;7.045184;8.939919;8.880541;7.049816;5.358406;5.104732;8.956059;5.298678;4.211115;8.201416;7.098382;6.073176;6.114575;6.557675;7.300634;9.014926;7.273585;7.082850;5.212855;7.954135;7.405728;8.733932;3.682809;4.294518;7.062656;8.448359;5.889551;6.843417;7.156981;8.843300;8.201957;9.394213;7.091333;3.267442;7.487386;4.590214;8.046333;3.808926;7.443499;8.709914;7.516701;5.080899;6.032342;5.958961;9.283539;8.610168;7.025182;3.654060
0.420000;-4.826941;2.891612;3.492151;3.525629;2.983788;3.354293;1.819963;3.147102;4.113899;1.571566;5.327925;1.704648;3.270567;2.329011;3.638626;4.052756;2.555540;1.872227;2.940964;3.788860;5.344291;2.803404;3.812780;4.123417;1.666055;3.867475;3.458097;2.677577;3.499352;2.962798;4.814399;2.991352;4.506053;4.890758;4.791257;1.905398;2.969337;1.334124;3.560645;5.666251;4.923701;1.507450;5.125379;1.915445;5.013488;3.264918;4.031681;4.401848;5.597595;3.655190;2.754653;5.381848;2.706778;1.808930;3.112232;3.366758;3.843752;4.603206;1.862190;5.107777;1.349814;2.694841;1.687405;2.581472;4.129530;4.796366;3.453073;4.087721;3.189533;4.742731;5.121782;3.765702;4.276403;3.242371;2.107449;4.539420;2.147031;1.557632;1.576488;5.037048;1.855179;2.459977;4.164278;4.820677;1.498396;4.115578;2.759829;1.695055;4.322544;4.757970;4.882429;3.155387;4.751388;1.465994;3.609268;3.957171;1.620408;5.536624;6.028366;4.183325;3.858010;3.374160;3.012767;2.150244;2.542480;4.016313;3.436009;4.753882;3.883415;4.181958;2.646994;3.406991;2.614956;5.467245;3.607430;4.962512;6.184528;6.081156;9.305052;5.596883;4.554876;9.103738;5.189674;4.723527;4.882182;7.465980;6.487586;7.222401;7.053726;8.913989;8.856755;7.041608;5.358370;5.080167;8.927731;5.298677;4.234292;8.194584;7.100414;6.065359;6.062079;6.533588;7.234981;9.005185;7.273589;7.081086;5.207969;7.926604;7.389184;8.737906;3.680423;4.271851;7.052176;8.435852;5.879231;6.770181;7.148598;8.837422;8.139908;9.376417;7.072418;3.267442;7.484273;4.538720;8.041634;3.795088;7.411813;8.674047;7.487226;5.075056;5.983416;5.935649;9.249949;8.577360;7.022827;3.654062
0.420000;-4.880029;2.887717;3.497645;3.530282;2.988123;3.362333;1.820860;3.162938;4.116486;1.576413;5.331346;1.708698;3.277519;2.328301;3.653219;4.063188;2.621968;1.879257;2.944265;3.797774;5.349592;2.809848;3.814616;4.127997;1.672294;3.866004;3.463808;2.690168;3.506110;2.967668;4.814399;3.001141;4.509428;4.893563;4.792913;1.903373;2.975637;1.336841;3.569359;5.679495;4.929297;1.509204;5.127890;1.918602;5.022382;3.267519;4.033026;4.404656;5.605369;3.657446;2.760038;5.389724;2.709584;1.812331;3.118861;3.372938;3.826345;4.579900;1.866457;5.113942;1.349598;2.703020;1.693939;2.579380;4.133903;4.802727;3.456882;4.096210;3.191735;4.745821;5.127333;3.798409;4.288061;3.250628;2.111801;4.548685;2.152480;1.535327;1.578139;5.044506;1.859492;2.441514;4.165644;4.824214;1.500355;4.123915;2.763638;1.689021;4.311060;4.771104;4.888626;3.163166;4.752863;1.465489;3.611750;3.960974;1.624238;5.548855;6.039816;4.184850;3.866731;3.371809;3.017998;2.155831;2.546277;4.021026;3.442369;4.756796;3.884534;4.189529;2.646994;3.412204;2.619577;5.472934;3.619220;5.120109;6.188243;6.080570;9.308220;5.597387;4.556947;9.110237;5.197058;4.725458;4.882843;7.452146;6.483459;7.237778;7.046058;8.923606;8.865577;7.044667;5.358611;5.089285;8.938219;5.298676;4.213133;8.195148;7.098386;6.068271;6.081151;6.542531;7.258470;9.008815;7.273582;7.081744;5.209789;7.936807;7.395339;8.733641;3.682812;4.280270;7.056081;8.440509;5.883077;6.796136;7.151719;8.839612;8.162208;9.383033;7.079450;3.267442;7.500525;4.557443;8.043386;3.800240;7.423528;8.687276;7.498141;5.077233;6.001256;5.944302;9.262354;8.589483;7.023704;3.654061
0.420000;-5.084177;2.876532;3.491823;3.525386;2.983573;3.353630;1.822337;3.144828;4.113816;1.571308;5.327788;1.704460;3.270058;2.329937;3.614817;4.051689;2.550190;1.871709;2.940835;3.788059;5.343983;2.802963;3.812734;4.123180;1.665638;3.866442;3.457748;2.676074;3.498869;2.962536;4.814400;2.990403;4.505919;4.890662;4.791219;1.903972;2.968914;1.334034;3.559877;5.664605;4.923358;1.507409;5.125299;1.915327;5.012696;3.264833;4.031656;4.401752;5.596969;3.655125;2.754335;5.381209;2.706682;1.808794;3.111766;3.366349;3.838418;4.586635;1.861984;5.107370;1.349657;2.694158;1.686953;2.591937;4.129315;4.795936;3.452906;4.086994;3.189471;4.741701;5.121446;3.798409;4.275095;3.241674;2.107235;4.538560;2.146707;1.530524;1.576452;5.036471;1.854969;2.443907;4.164252;4.820533;1.498345;4.114868;2.759662;1.702587;4.313118;4.756348;4.882016;3.154762;4.751359;1.471330;3.609190;3.957004;1.620239;5.535202;6.027102;4.183293;3.857242;3.372831;3.012469;2.149906;2.542313;4.016065;3.435578;4.753779;3.883396;4.181364;2.646994;3.406696;2.614715;5.466895;3.606094;4.969808;6.184368;6.080842;9.304931;5.596879;4.554822;9.103286;5.189106;4.723479;4.889478;7.450427;6.485169;7.220240;7.045425;8.913061;8.855966;7.041497;5.360577;5.079329;8.926644;5.298676;4.216360;8.205702;7.101469;6.065259;6.058895;6.532784;7.230371;9.005030;7.273585;7.081078;5.207926;7.925575;7.388777;8.734432;3.680119;4.271128;7.052001;8.435610;5.879061;6.764689;7.148483;8.837361;8.135696;9.375948;7.071892;3.267442;7.497782;4.535638;8.041595;3.794794;7.410494;8.672399;7.486070;5.074995;5.980593;5.934885;9.248486;8.575956;7.022814;3.654060
0.420000;-5.262952;2.875323;3.499519;3.531857;2.989584;3.365147;1.819611;3.168820;4.117339;1.578059;5.332486;1.710058;3.279931;2.328327;3.614612;4.066915;2.621968;1.881693;2.945365;3.800920;5.351401;2.812066;3.815215;4.129546;1.674440;3.865472;3.465760;2.694742;3.508448;2.969319;4.814400;3.004619;4.510555;4.894493;4.793452;1.909365;2.977805;1.337740;3.572429;5.684331;4.931211;1.509776;5.128718;1.919654;5.025520;3.268379;4.033463;4.405583;5.608088;3.658187;2.761874;5.392478;2.710513;1.813464;3.121152;3.375064;3.838559;4.580585;1.867892;5.116061;1.350520;2.705883;1.696194;2.579765;4.135376;4.804913;3.458157;4.099195;3.192457;4.741400;5.129230;3.750379;4.292269;3.253523;2.113268;4.551963;2.154340;1.534885;1.578677;5.047101;1.860944;2.451107;4.166087;4.825393;1.500997;4.126842;2.764914;1.695129;4.313483;4.775890;4.890756;3.165884;4.753342;1.494769;3.612567;3.962248;1.625520;5.553289;6.043937;4.185345;3.869797;3.389153;3.019778;2.157739;2.547548;4.022623;3.444559;4.757762;3.884896;4.192167;2.646994;3.413982;2.621142;5.474880;3.623481;4.993280;6.189487;6.079860;9.309271;5.597548;4.557626;9.112477;5.199627;4.726089;4.884696;7.452129;6.495759;7.243470;7.055675;8.927021;8.868695;7.045680;5.360636;5.092503;8.941970;5.298676;4.211828;8.198655;7.105456;6.069238;6.088359;6.545684;7.267531;9.010024;7.273582;7.081955;5.210382;7.940444;7.397456;8.734516;3.684186;4.283226;7.057389;8.442081;5.884361;6.806193;7.152757;8.840331;8.170767;9.385324;7.081883;3.267442;7.484819;4.564511;8.043955;3.801994;7.427755;8.692092;7.502054;5.077947;6.007956;5.947349;9.266852;8.593869;7.023987;3.654061
0.420000;-5.123138;2.875661;3.493462;3.526718;2.984793;3.356297;1.823082;3.151269;4.114471;1.572707;5.328700;1.705583;3.272271;2.329899;3.617118;4.055431;2.547406;1.873953;2.941711;3.791108;5.345551;2.804971;3.813176;4.124488;1.667564;3.869286;3.459466;2.680856;3.500998;2.963944;4.814399;2.993845;4.506819;4.891383;4.791611;1.905413;2.970865;1.334728;3.562838;5.669723;4.925037;1.507826;5.125934;1.916156;5.015735;3.265495;4.031966;4.402473;5.599524;3.655684;2.755935;5.383807;2.707404;1.809702;3.113849;3.368253;3.849872;4.582573;1.863179;5.109267;1.350351;2.696882;1.688996;2.582733;4.130549;4.797912;3.453947;4.089851;3.190014;4.743545;5.123106;3.798409;4.279420;3.244436;2.108460;4.541766;2.148334;1.607698;1.576842;5.038892;1.856182;2.452626;4.164569;4.821482;1.498820;4.117663;2.760703;1.690203;4.311310;4.761400;4.883927;3.157319;4.751702;1.475836;3.609817;3.958043;1.621286;5.539805;6.031325;4.183652;3.860204;3.382517;3.014008;2.151582;2.543350;4.017416;3.437552;4.754534;3.883651;4.183837;2.646994;3.408229;2.616035;5.468609;3.610487;4.960471;6.185380;6.080247;9.305765;5.596987;4.555326;9.105316;5.191497;4.723948;4.882124;7.450154;6.484124;7.226443;7.047235;8.916431;8.858974;7.042295;5.359931;5.082470;8.930418;5.298678;4.210641;8.206149;7.104567;6.066013;6.067067;6.535844;7.240956;9.006012;7.273582;7.081222;5.208361;7.929214;7.390671;8.733302;3.678287;4.273961;7.053072;8.436941;5.880115;6.776615;7.149299;8.837901;8.145639;9.378029;7.074142;3.267442;7.491580;4.543625;8.042010;3.796309;7.414847;8.677500;7.490036;5.075531;5.988097;5.937822;9.253174;8.580509;7.023010;3.654061
0.420000;-5.135159;2.875529;3.499008;3.531450;2.989214;3.364274;1.819250;3.166650;4.117155;1.577629;5.332218;1.709723;3.279221;2.329553;3.618468;4.065666;2.555391;1.880972;2.945108;3.799914;5.350913;2.811429;3.815096;4.129147;1.673827;3.869041;3.465219;2.693127;3.507765;2.968885;4.814400;3.003474;4.510292;4.894286;4.793345;1.902303;2.977186;1.337543;3.571451;5.682609;4.930684;1.509663;5.128540;1.919412;5.024516;3.268193;4.033380;4.405378;5.607254;3.658031;2.761375;5.391631;2.710307;1.813199;3.120486;3.374460;3.844525;4.593517;1.867531;5.115458;1.349311;2.704991;1.695541;2.581064;4.135005;4.804280;3.457846;4.098253;3.192306;4.743890;5.128710;3.798409;4.290814;3.252617;2.112895;4.550899;2.153832;1.532426;1.578573;5.046313;1.860579;2.459302;4.166005;4.825114;1.500867;4.125921;2.764602;1.705893;4.319294;4.774185;4.890151;3.165051;4.753252;1.495988;3.612392;3.961939;1.625210;5.551733;6.042515;4.185249;3.868820;3.373853;3.019300;2.157214;2.547239;4.022208;3.443931;4.757546;3.884829;4.191371;2.646994;3.413501;2.620738;5.474342;3.622001;4.981162;6.189188;6.080808;9.309030;5.597522;4.557486;9.111831;5.198853;4.725962;4.884390;7.461585;6.484995;7.241377;7.063627;8.925900;8.867703;7.045450;5.361545;5.091464;8.940713;5.298676;4.235880;8.195471;7.102657;6.069021;6.085657;6.544673;7.264181;9.009735;7.273593;7.081919;5.210266;7.939234;7.396857;8.740452;3.679458;4.282297;7.057068;8.441677;5.884048;6.802562;7.152520;8.840180;8.167579;9.384656;7.081162;3.267442;7.527122;4.561863;8.043842;3.801524;7.426295;8.690381;7.500722;5.077798;6.005452;5.946384;9.265270;8.592338;7.023937;3.654060
0.420000;-5.606096;2.894982;3.490531;3.524262;2.982517;3.351858;1.820106;3.141553;4.113146;1.570141;5.326927;1.703462;3.268488;2.337887;3.623553;4.049480;2.621968;1.870125;2.940002;3.786124;5.342728;2.801488;3.812245;4.122074;1.664202;3.880924;3.456412;2.673463;3.497332;2.961367;4.814400;2.988312;4.505071;4.889939;4.790776;1.902864;2.967464;1.333333;3.557980;5.661868;4.922047;1.506939;5.124648;1.914526;5.010767;3.264160;4.031290;4.401031;5.595243;3.654534;2.753065;5.379465;2.705963;1.807939;3.110252;3.364923;3.826944;4.583893;1.860941;5.105947;1.349748;2.692359;1.685460;2.579413;4.128249;4.794481;3.451960;4.085135;3.188894;4.746045;5.120143;3.798409;4.272662;3.239862;2.106175;4.536564;2.145428;1.529738;1.576009;5.034804;1.853919;2.448756;4.163881;4.819646;1.497826;4.113041;2.758720;1.687871;4.356786;4.753633;4.880588;3.153039;4.750959;1.475836;3.608546;3.956061;1.619289;5.532657;6.024708;4.182883;3.855346;3.378155;3.011226;2.148596;2.541372;4.014929;3.434119;4.753034;3.883090;4.179677;2.646994;3.405459;2.613598;5.465565;3.603634;5.103243;6.183441;6.081171;9.304129;5.596736;4.554273;9.101799;5.187455;4.722966;4.882005;7.451934;6.502001;7.217062;7.051945;8.910999;8.854047;7.040718;5.358401;5.077362;8.924426;5.298678;4.255793;8.201148;7.099591;6.064516;6.054835;6.530846;7.224945;9.004127;7.273589;7.080895;5.207440;7.923412;7.387358;8.733726;3.678674;4.269287;7.051037;8.434484;5.878113;6.758326;7.147688;8.836785;8.130685;9.374439;7.070301;3.267442;7.484276;4.531664;8.041126;3.793570;7.408048;8.669669;7.483770;5.074422;5.976849;5.933001;9.245909;8.573437;7.022572;3.654060
0.420000;-4.421809;2.946175;3.492028;3.525583;2.983765;3.353796;1.822824;3.144203;4.113957;1.571502;5.327959;1.704647;3.270256;2.328853;3.622118;4.051721;2.621968;1.871901;2.941002;3.788184;5.344186;2.803163;3.812842;4.123378;1.665842;3.869108;3.457950;2.675907;3.499069;2.962734;4.814399;2.990479;4.506090;4.890811;4.791317;1.905165;2.969115;1.334180;3.560013;5.664361;4.923564;1.507513;5.125439;1.915489;5.012820;3.264977;4.031739;4.401903;5.597141;3.655253;2.754539;5.381376;2.706833;1.808964;3.111964;3.366552;3.829805;4.594254;1.862175;5.107572;1.349302;2.694317;1.687151;2.582232;4.129508;4.796141;3.453086;4.087133;3.189597;4.745054;5.121651;3.789814;4.275027;3.241830;2.107428;4.538668;2.146913;1.536289;1.576550;5.036656;1.855163;2.441700;4.164336;4.820704;1.498458;4.115023;2.759845;1.690395;4.352605;4.756116;4.882219;3.154935;4.751448;1.629779;3.609327;3.957185;1.620421;5.535068;6.027052;4.183385;3.857378;3.374682;3.012670;2.150112;2.542493;4.016262;3.435781;4.753933;3.883466;4.181539;2.646994;3.406895;2.614910;5.467098;3.606007;4.963061;6.184546;6.083664;9.305094;5.596911;4.554940;9.103481;5.189288;4.723591;4.881916;7.450065;6.489923;7.219685;7.046984;8.913151;8.856093;7.041655;5.363691;5.079448;8.926671;5.298676;4.215345;8.195095;7.098352;6.065414;6.057607;6.532907;7.227832;9.005208;7.273585;7.081121;5.208033;7.925626;7.388980;8.736515;3.679507;4.271277;7.052184;8.435798;5.879243;6.761280;7.148643;8.837487;8.133542;9.376147;7.072084;3.267442;7.487887;4.534428;8.041698;3.794997;7.410413;8.672153;7.486063;5.075119;5.979582;5.935025;9.248330;8.575838;7.022870;3.654061
0.420000;-4.981872;2.880980;3.498404;3.530918;2.988713;3.363476;1.819202;3.165405;4.116830;1.577080;5.331806;1.709249;3.278498;2.330660;3.621470;4.064708;2.604951;1.880244;2.944709;3.799053;5.350325;2.810744;3.814857;4.128623;1.673162;3.871295;3.464598;2.692048;3.507054;2.968335;4.814400;3.002559;4.509884;4.893939;4.793130;1.903344;2.976513;1.337204;3.570604;5.681500;4.930070;1.509435;5.128225;1.919027;5.023657;3.267866;4.033202;4.405030;5.606471;3.657745;2.760781;5.390841;2.709960;1.812789;3.119792;3.373797;3.843987;4.593713;1.867036;5.114799;1.351098;2.704179;1.694851;2.579608;4.134498;4.803609;3.457396;4.097420;3.192026;4.743713;5.128100;3.798409;4.289786;3.251800;2.112393;4.550016;2.153231;1.531467;1.578356;5.045557;1.860079;2.466929;4.165823;4.824690;1.500614;4.125101;2.764151;1.694101;4.316822;4.773078;4.889488;3.164268;4.753057;1.475836;3.612079;3.961489;1.624756;5.550677;6.041502;4.185050;3.867973;3.372041;3.018717;2.156601;2.546790;4.021672;3.443253;4.757185;3.884679;4.190598;2.646994;3.412920;2.620209;5.473722;3.620966;4.963289;6.188747;6.080047;9.308644;5.597453;4.557220;9.111142;5.198097;4.725712;4.885873;7.450038;6.485150;7.240161;7.047588;8.924991;8.866847;7.045076;5.358578;5.090593;8.939753;5.298677;4.238251;8.203506;7.100711;6.068659;6.084262;6.543811;7.262567;9.009304;7.273585;7.081829;5.210030;7.938287;7.396195;8.733479;3.682327;4.281469;7.056609;8.441140;5.883594;6.800826;7.152140;8.839903;8.166027;9.383960;7.080432;3.267442;7.489540;4.560485;8.043614;3.800948;7.425264;8.689261;7.499736;5.077522;6.004111;5.945537;9.264201;8.591284;7.023818;3.654061
0.420000;-4.497254;2.933273;3.489412;3.523258;2.981562;3.350502;1.822376;3.140621;4.112514;1.569107;5.326131;1.702555;3.267210;2.328506;3.614575;4.048065;2.621968;1.868839;2.939227;3.784728;5.341632;2.800260;3.811777;4.121083;1.662997;3.867418;3.455264;2.672137;3.496073;2.960331;4.814400;2.986896;4.504283;4.889263;4.790350;1.902465;2.966250;1.332674;3.556591;5.660593;4.920913;1.506490;5.124032;1.913779;5.009371;3.263525;4.030938;4.400353;5.593903;3.653972;2.751960;5.378117;2.705286;1.807146;3.109003;3.363722;3.841531;4.601545;1.860000;5.104746;1.350671;2.690995;1.684221;2.579590;4.127292;4.793262;3.451095;4.083754;3.188343;4.747234;5.119016;3.776394;4.271281;3.238493;2.105219;4.535157;2.144314;1.529708;1.575583;5.033489;1.852968;2.442176;4.163523;4.818830;1.497328;4.111674;2.757853;1.713137;4.314762;4.752347;4.879385;3.151696;4.750575;1.467064;3.607936;3.955195;1.618420;5.531306;6.023317;4.182487;3.853957;3.373790;3.010142;2.147469;2.540507;4.013916;3.432899;4.752334;3.882794;4.178353;2.646994;3.404374;2.612601;5.464420;3.602257;5.060141;6.182592;6.083100;9.303377;5.596599;4.553752;9.100561;5.186137;4.722476;4.883544;7.454731;6.483465;7.216047;7.046966;8.909581;8.852654;7.039989;5.358588;5.075956;8.923001;5.298677;4.225831;8.194830;7.101941;6.063817;6.054618;6.529446;7.226281;9.003292;7.273589;7.080716;5.206975;7.921990;7.386155;8.734422;3.680183;4.267908;7.050153;8.433478;5.877235;6.760799;7.146945;8.836239;8.131534;9.373191;7.069018;3.267442;7.484698;4.531350;8.040676;3.792494;7.406666;8.668383;7.482362;5.073877;5.976320;5.931612;9.244562;8.572074;7.022334;3.654061
0.420000;-5.442856;2.881684;3.496838;3.529628;2.987522;3.360994;1.819602;3.159207;4.116157;1.575723;5.330892;1.708145;3.276423;2.331148;3.617771;4.061243;2.621968;1.878144;2.943832;3.796228;5.348825;2.808854;3.814390;4.127356;1.671342;3.864499;3.462960;2.687579;3.505055;2.966975;4.814400;2.999369;4.508985;4.893206;4.792712;1.905095;2.974675;1.336494;3.567860;5.676692;4.928472;1.508990;5.127573;1.918191;5.020842;3.267189;4.032865;4.404296;5.604092;3.657164;2.759252;5.388424;2.709223;1.811882;3.117834;3.372001;3.829252;4.591323;1.865867;5.113006;1.349555;2.701648;1.692928;2.582560;4.133295;4.801749;3.456367;4.094766;3.191460;4.741765;5.126515;3.766245;4.285761;3.249239;2.111197;4.547049;2.151682;1.531961;1.577940;5.043299;1.858895;2.445075;4.165480;4.823744;1.500114;4.122504;2.763123;1.691210;4.311066;4.768337;4.887683;3.161890;4.752687;1.497273;3.611435;3.960463;1.623717;5.546381;6.037578;4.184667;3.865228;3.371875;3.017241;2.155008;2.545765;4.020361;3.441394;4.756420;3.884401;4.188297;2.646994;3.411451;2.618928;5.472090;3.616883;4.960770;6.187747;6.080957;9.307805;5.597330;4.556690;9.109231;5.195868;4.725221;4.882025;7.450031;6.483442;7.234221;7.045450;8.921884;8.864058;7.044268;5.358378;5.087687;8.936258;5.298676;4.210399;8.194889;7.140703;6.067897;6.076063;6.540976;7.251195;9.008329;7.273585;7.081666;5.209567;7.934932;7.394407;8.733393;3.680524;4.278843;7.055548;8.439856;5.882556;6.787486;7.151313;8.839339;8.155560;9.382008;7.078332;3.267442;7.489871;4.552516;8.043171;3.799495;7.421213;8.684477;7.496063;5.076962;5.996709;5.942819;9.259824;8.587043;7.023601;3.654061
0.420000;-4.042759;3.034150;3.493598;3.526858;2.984931;3.356394;1.819344;3.150949;4.114581;1.572847;5.328828;1.705720;3.272396;2.329799;3.616329;4.055440;2.621968;1.874079;2.941837;3.791179;5.345691;2.805103;3.813263;4.124628;1.667700;3.879288;3.459606;2.680755;3.501129;2.964084;4.814400;2.993888;4.506945;4.891498;4.791692;1.903645;2.970997;1.334842;3.562915;5.669575;4.925177;1.507912;5.126041;1.916279;5.015804;3.265606;4.032036;4.402588;5.599628;3.655785;2.756075;5.383908;2.707520;1.809829;3.113976;3.368386;3.828201;4.580466;1.863318;5.109402;1.351110;2.696980;1.689126;2.582691;4.130685;4.798044;3.454080;4.089939;3.190113;4.741610;5.123246;3.760503;4.279372;3.244528;2.108599;4.541825;2.148472;1.530175;1.576923;5.039007;1.856321;2.445192;4.164637;4.821611;1.498911;4.117753;2.760839;1.686032;4.311650;4.761266;4.884061;3.157424;4.751776;1.475836;3.609922;3.958177;1.621422;5.539723;6.031288;4.183726;3.860286;3.372668;3.014148;2.151722;2.543483;4.017559;3.437684;4.754652;3.883708;4.183946;2.646994;3.408367;2.616176;5.468746;3.610428;4.996415;6.185512;6.079871;9.305889;5.597016;4.555421;9.105443;5.191609;4.724035;4.881976;7.453075;6.485866;7.226153;7.053262;8.916474;8.859049;7.042417;5.358403;5.082532;8.930422;5.298678;4.216525;8.205163;7.098544;6.066131;6.066482;6.535913;7.239979;9.006144;7.273578;7.081257;5.208450;7.929233;7.390806;8.734637;3.680390;4.274047;7.053208;8.437079;5.880247;6.775422;7.149424;8.838000;8.144765;9.378160;7.074260;3.267442;7.484974;4.543062;8.042095;3.796448;7.414796;8.677357;7.490024;5.075630;5.987619;5.937902;9.253082;8.580433;7.023057;3.654061
0.420000;-5.092999;2.876658;3.502839;3.534661;2.992192;3.370081;1.823867;3.179387;4.118890;1.580981;5.334538;1.712494;3.284165;2.331343;3.614587;4.073453;2.621968;1.885979;2.947346;3.806432;5.354603;2.815984;3.816316;4.132303;1.678224;3.865300;3.469215;2.702815;3.512558;2.972256;4.814400;3.010718;4.512579;4.896176;4.794444;1.903555;2.981630;1.339368;3.577806;5.692892;4.934594;1.510827;5.130224;1.921548;5.031015;3.269938;4.034267;4.407268;5.612851;3.659539;2.765126;5.397309;2.712195;1.815505;3.125184;3.378812;3.826199;4.583694;1.870457;5.119800;1.350966;2.710908;1.700164;2.580032;4.138008;4.808767;3.460443;4.104420;3.193775;4.741851;5.132586;3.798409;4.299665;3.258599;2.115885;4.557705;2.157628;1.532318;1.579667;5.051656;1.863537;2.441779;4.166906;4.827516;1.502169;4.131968;2.767197;1.686464;4.326147;4.784367;4.894515;3.170649;4.754226;1.465623;3.614053;3.964532;1.627820;5.561094;6.051186;4.186257;3.875172;3.371950;3.022936;2.161112;2.549828;4.025462;3.448421;4.759509;3.885565;4.196796;2.646994;3.417122;2.623923;5.478321;3.630978;4.961311;6.191720;6.080739;9.311174;5.597851;4.558866;9.116428;5.204140;4.727245;4.884103;7.451550;6.496619;7.253681;7.045615;8.933007;8.874157;7.047514;5.358418;5.098154;8.948559;5.298677;4.216721;8.197709;7.099725;6.070983;6.101696;6.551213;7.285116;9.012206;7.273589;7.082348;5.211474;7.946824;7.401191;8.734372;3.679809;4.288412;7.059735;8.444893;5.886671;6.826416;7.154629;8.841642;8.187150;9.389352;7.086177;3.267441;7.484254;4.577550;8.045005;3.805101;7.435203;8.700652;7.508930;5.079251;6.020211;5.952691;9.274793;8.601604;7.024512;3.654060
0.420000;-5.101717;2.876111;3.494531;3.527631;2.985647;3.357817;1.823698;3.153968;4.114991;1.573656;5.329381;1.706382;3.273605;2.329098;3.614612;4.057343;2.621968;1.875292;2.942368;3.792772;5.346583;2.806211;3.813549;4.125388;1.668767;3.864513;3.460574;2.683101;3.502297;2.964897;4.814400;2.995657;4.507490;4.891945;4.791948;1.906619;2.972077;1.335273;3.564468;5.672056;4.926124;1.508184;5.126438;1.916787;5.017395;3.266017;4.032241;4.403036;5.600995;3.656139;2.756983;5.385295;2.707967;1.810377;3.115120;3.369443;3.864066;4.577974;1.864022;5.110456;1.350514;2.698426;1.690249;2.583168;4.131408;4.799136;3.454700;4.091443;3.190459;4.749931;5.124185;3.763175;4.281526;3.245988;2.109318;4.543488;2.149389;1.529691;1.577179;5.040308;1.857032;2.450097;4.164846;4.822186;1.499216;4.119230;2.761457;1.707067;4.311936;4.763723;4.885121;3.158791;4.752003;1.468189;3.610313;3.958796;1.622045;5.541998;6.033399;4.183961;3.861837;3.373294;3.015028;2.152663;2.544102;4.018342;3.438775;4.755117;3.883879;4.185268;2.646994;3.409246;2.616942;5.469710;3.612610;4.974075;6.186112;6.080415;9.306399;5.597092;4.555747;9.106565;5.192898;4.724338;4.881956;7.450123;6.499732;7.229079;7.045283;8.918212;8.860629;7.042905;5.358372;5.084167;8.932327;5.298678;4.209605;8.195324;7.101110;6.066597;6.070150;6.537512;7.244467;9.006733;7.273582;7.081357;5.208732;7.931089;7.391859;8.734632;3.683687;4.275542;7.053845;8.437857;5.880877;6.780309;7.149923;8.838344;8.149046;9.379296;7.075481;3.267442;7.490513;4.546666;8.042368;3.797312;7.416960;8.679837;7.492024;5.075971;5.991048;5.939442;9.255392;8.582684;7.023190;3.654061
0.420000;-5.227953;2.874975;3.502520;3.534412;2.991969;3.369505;1.827694;3.177728;4.118783;1.580717;5.334381;1.712293;3.283706;2.328406;3.615297;4.072593;2.607651;1.885509;2.947195;3.805758;5.354300;2.815573;3.816249;4.132059;1.677834;3.865891;3.468876;2.701654;3.512117;2.971989;4.814400;3.009939;4.512424;4.896056;4.794386;1.903077;2.981236;1.339254;3.577155;5.691638;4.934266;1.510765;5.130121;1.921407;5.030343;3.269832;4.034224;4.407148;5.612304;3.659450;2.764816;5.396754;2.712075;1.815349;3.124759;3.378430;3.828418;4.581069;1.870238;5.119419;1.349301;2.710320;1.699747;2.580188;4.137779;4.808367;3.460260;4.103793;3.193691;4.743050;5.132260;3.798409;4.298641;3.258001;2.115660;4.556990;2.157309;1.550333;1.579609;5.051148;1.863316;2.443640;4.166861;4.827349;1.502098;4.131365;2.767013;1.687055;4.315691;4.783125;4.894132;3.170106;4.754177;1.468646;3.613953;3.964349;1.627634;5.559991;6.050187;4.186206;3.874526;3.375152;3.022640;2.160785;2.549644;4.025209;3.448020;4.759383;3.885530;4.196275;2.646994;3.416828;2.623680;5.477984;3.629931;4.961965;6.191542;6.080362;9.311032;5.597836;4.558788;9.116017;5.203635;4.727175;4.882219;7.456938;6.483456;7.252091;7.053230;8.932247;8.873493;7.047380;5.359433;5.097455;8.947693;5.298678;4.271977;8.197246;7.098355;6.070857;6.099471;6.550538;7.282039;9.012033;7.273585;7.082330;5.211408;7.945997;7.400813;8.734601;3.678678;4.287796;7.059543;8.444640;5.886485;6.822855;7.154491;8.841558;8.184309;9.388927;7.085713;3.267441;7.485949;4.575377;8.044943;3.804815;7.434166;8.699394;7.508001;5.079168;6.018199;5.952050;9.273662;8.600514;7.024487;3.654061
0.420000;-4.745992;2.900340;3.500007;3.532336;2.990054;3.365528;1.822173;3.167802;4.117701;1.578541;5.332911;1.710520;3.280377;2.328444;3.619647;4.067025;2.601762;1.882138;2.945783;3.801218;5.351887;2.812534;3.815497;4.130023;1.674917;3.866972;3.466246;2.694479;3.508903;2.969804;4.814400;3.004816;4.510976;4.894875;4.793710;1.902303;2.978281;1.338112;3.572746;5.683937;4.931697;1.510048;5.129072;1.920061;5.025821;3.268741;4.033681;4.405964;5.608486;3.658515;2.762362;5.392869;2.710893;1.813890;3.121614;3.375541;3.836694;4.594292;1.868359;5.116539;1.349960;2.706250;1.696659;2.581467;4.135847;4.805382;3.458605;4.099536;3.192779;4.742214;5.129715;3.798409;4.292177;3.253884;2.113738;4.552221;2.154826;1.550811;1.578935;5.047520;1.861415;2.441791;4.166309;4.825825;1.501292;4.127194;2.765362;1.686034;4.323541;4.775518;4.891234;3.166282;4.753579;1.475836;3.612916;3.962696;1.625969;5.553095;6.043885;4.185587;3.870115;3.371859;3.020266;2.158226;2.547994;4.023103;3.445030;4.758151;3.885081;4.192582;2.646994;3.414462;2.621619;5.475367;3.623367;4.966137;6.189932;6.079885;9.309682;5.597638;4.557934;9.112944;5.200053;4.726382;4.884987;7.450865;6.485127;7.242570;7.051661;8.927240;8.869002;7.046081;5.365110;5.092781;8.942076;5.298676;4.416941;8.194571;7.100035;6.069624;6.086397;6.545979;7.264055;9.010464;7.273582;7.082070;5.210662;7.940589;7.397935;8.733311;3.681346;4.283573;7.057842;8.442562;5.884812;6.801832;7.153165;8.840652;8.167715;9.385785;7.082335;3.267440;7.484552;4.562652;8.044228;3.802480;7.427661;8.691710;7.502091;5.078267;6.006371;5.947677;9.266625;8.593699;7.024137;3.654061
0.420000;-5.430247;2.880445;3.501004;3.533087;2.990722;3.367483;1.822884;3.174671;4.117989;1.579345;5.333364;1.711116;3.281886;2.328796;3.619773;4.070175;2.621968;1.883677;2.946209;3.803580;5.352826;2.813854;3.815670;4.130754;1.676159;3.866170;3.467312;2.698945;3.510338;2.970614;4.814400;3.007617;4.511418;4.895202;4.793860;1.932171;2.979548;1.338425;3.575013;5.688847;4.932727;1.510210;5.129349;1.920458;5.028169;3.269033;4.033792;4.406294;5.610332;3.658750;2.763326;5.394758;2.711221;1.814336;3.123002;3.376767;3.845130;4.578263;1.869009;5.117758;1.350201;2.708269;1.698011;2.585421;4.136523;4.806672;3.459142;4.101693;3.193006;4.742131;5.130733;3.798409;4.296048;3.255937;2.114409;4.554755;2.155804;1.552507;1.579085;5.049230;1.862074;2.455273;4.166423;4.826303;1.501482;4.129282;2.765899;1.686513;4.311085;4.780353;4.892466;3.168128;4.753704;1.469353;3.613189;3.963233;1.626512;5.557328;6.047626;4.185719;3.872381;3.373267;3.021183;2.159250;2.548531;4.023870;3.446319;4.758500;3.885168;4.194341;2.646994;3.415375;2.622361;5.476428;3.627325;4.960734;6.190449;6.080735;9.310081;5.597671;4.558141;9.114284;5.201733;4.726568;4.881915;7.450042;6.487063;7.249083;7.050393;8.929950;8.871325;7.046458;5.358387;5.095243;8.945262;5.298676;4.210687;8.200483;7.112371;6.069974;6.096158;6.548355;7.278483;9.010961;7.273585;7.082114;5.210833;7.943615;7.399157;8.733735;3.679743;4.285703;7.058401;8.443316;5.885358;6.819194;7.153555;8.840877;8.180816;9.387171;7.083877;3.267442;7.487516;4.572092;8.044389;3.803374;7.431571;8.696608;7.505514;5.078489;6.014979;5.949917;9.270973;8.597864;7.024199;3.654062
0.420000;-4.944799;2.882916;3.493390;3.526642;2.984718;3.356281;1.819216;3.151891;4.114410;1.572630;5.328628;1.705507;3.272229;2.328304;3.620657;4.055524;2.596065;1.873906;2.941641;3.791121;5.345477;2.804912;3.813128;4.124412;1.667500;3.874880;3.459396;2.681113;3.500948;2.963868;4.814399;2.993906;4.506748;4.891320;4.791569;1.907059;2.970801;1.334665;3.562843;5.670038;4.924965;1.507782;5.125873;1.916088;5.015746;3.265434;4.031930;4.402411;5.599494;3.655628;2.755864;5.383781;2.707339;1.809630;3.113793;3.368188;3.826109;4.578098;1.863103;5.109202;1.351999;2.696869;1.688936;2.588604;4.130471;4.797850;3.453872;4.089848;3.189960;4.741693;5.123035;3.798409;4.279603;3.244424;2.108384;4.541795;2.148258;1.530208;1.576798;5.038853;1.856104;2.444543;4.164531;4.821412;1.498771;4.117655;2.760631;1.686379;4.324898;4.761708;4.883862;3.157292;4.751664;1.475836;3.609756;3.957970;1.621214;5.540034;6.031491;4.183610;3.860208;3.377715;3.013934;2.151510;2.543277;4.017341;3.437492;4.754468;3.883619;4.183798;2.646994;3.408155;2.615958;5.468537;3.610673;4.962615;6.185303;6.080046;9.305697;5.596972;4.555274;9.105254;5.191455;4.723897;4.882119;7.455207;6.483545;7.227000;7.050024;8.916478;8.858982;7.042228;5.358396;5.082494;8.930511;5.298677;4.215970;8.194611;7.101292;6.065947;6.068206;6.535859;7.243083;9.005934;7.273585;7.081203;5.208314;7.929295;7.390605;8.736910;3.680580;4.273953;7.052999;8.436863;5.880041;6.779418;7.149233;8.837848;8.147461;9.377973;7.074091;3.267442;7.489489;4.544710;8.041965;3.796235;7.415031;8.677807;7.490162;5.075478;5.989024;5.937824;9.253413;8.580725;7.022984;3.654061
0.420000;-5.325311;2.876547;3.495851;3.528753;2.986693;3.359761;1.825494;3.158232;4.115622;1.574821;5.330209;1.707361;3.275274;2.333019;3.632628;4.059915;2.621968;1.876987;2.943169;3.794942;5.347859;2.807760;3.813998;4.126491;1.670269;3.865924;3.461946;2.686296;3.503924;2.966070;4.814400;2.998055;4.508309;4.892628;4.792355;1.942301;2.973594;1.335935;3.566585;5.675446;4.927471;1.508612;5.127049;1.917553;5.019558;3.266650;4.032572;4.403719;5.602875;3.656690;2.758277;5.387201;2.708648;1.811201;3.116716;3.370931;3.839746;4.586137;1.865050;5.111939;1.356285;2.700405;1.691821;2.587964;4.132461;4.800665;3.455621;4.093502;3.190995;4.741422;5.125521;3.798409;4.284441;3.247991;2.110368;4.545749;2.150699;1.609376;1.577583;5.042109;1.858071;2.455701;4.165182;4.823040;1.499696;4.121253;2.762379;1.700216;4.315175;4.767082;4.886612;3.160672;4.752365;1.472667;3.610919;3.959717;1.622971;5.545080;6.036255;4.184336;3.863954;3.389402;3.016287;2.154007;2.545020;4.019478;3.440306;4.755825;3.884154;4.187097;2.646994;3.410499;2.618057;5.471078;3.615565;5.090652;6.187013;6.082088;9.307167;5.597215;4.556252;9.108129;5.194683;4.724810;4.883464;7.452039;6.484743;7.233185;7.064292;8.920570;8.862777;7.043648;5.361393;5.086391;8.934931;5.298678;4.229554;8.194614;7.100108;6.067302;6.075714;6.539689;7.252228;9.007608;7.273593;7.081519;5.209177;7.933599;7.393340;8.735141;3.678671;4.277583;7.054787;8.438977;5.881804;6.789561;7.150680;8.838878;8.156159;9.380896;7.077184;3.267442;7.497391;4.552076;8.042795;3.798554;7.419894;8.683230;7.494731;5.076502;5.996084;5.941545;9.258531;8.585739;7.023405;3.654061
0.420000;-4.917938;2.884956;3.497215;3.529885;2.987741;3.361869;1.822720;3.162971;4.116220;1.576010;5.331019;1.708333;3.277059;2.328328;3.614961;4.062780;2.359222;1.878793;2.943948;3.797321;5.349171;2.809394;3.814415;4.127604;1.671843;3.864362;3.463373;2.689885;3.505648;2.967262;4.814400;3.000710;4.509106;4.893281;4.792729;1.909408;2.975185;1.336566;3.568903;5.679261;4.928864;1.509012;5.127630;1.918295;5.021929;3.267252;4.032874;4.404373;5.604905;3.657208;2.759612;5.389261;2.709302;1.812006;3.118403;3.372489;3.841130;4.580134;1.866077;5.113493;1.349755;2.702556;1.693483;2.579746;4.133520;4.802271;3.456528;4.095750;3.191501;4.742231;5.126901;3.798409;4.287720;3.250165;2.111419;4.548237;2.152049;1.557289;1.577957;5.044038;1.859112;2.445236;4.165490;4.823881;1.500143;4.123451;2.763285;1.686380;4.331601;4.770863;4.888176;3.162703;4.752698;1.472085;3.611492;3.960623;1.623885;5.548549;6.039455;4.184678;3.866271;3.373772;3.017578;2.155398;2.545926;4.020627;3.441915;4.756506;3.884404;4.189065;2.646994;3.411787;2.619183;5.472497;3.618882;5.009360;6.187898;6.081681;9.307909;5.597326;4.556725;9.109780;5.196592;4.725248;4.881904;7.454544;6.485259;7.237760;7.045620;8.923165;8.865127;7.044363;5.362145;5.088833;8.937821;5.298676;4.286124;8.194603;7.099092;6.067983;6.081640;6.542076;7.259835;9.008471;7.273585;7.081664;5.209588;7.936389;7.394890;8.733625;3.679459;4.279809;7.055723;8.440113;5.882722;6.798082;7.151414;8.839379;8.163303;9.382577;7.078986;3.267441;7.485302;4.557883;8.043191;3.799822;7.423187;8.687034;7.497753;5.077000;6.001556;5.943846;9.262052;8.589167;7.023601;3.654061
0.420000;-5.170748;2.875028;3.490208;3.523988;2.982261;3.351406;1.825749;3.141255;4.113000;1.569854;5.326728;1.703224;3.268081;2.328241;3.615559;4.048970;2.621968;1.869720;2.939810;3.785645;5.342414;2.801110;3.812145;4.121804;1.663835;3.888515;3.456073;2.672970;3.496937;2.961080;4.814399;2.987810;4.504874;4.889780;4.790688;1.907622;2.967095;1.333179;3.557507;5.661387;4.921716;1.506844;5.124505;1.914343;5.010285;3.264014;4.031218;4.400871;5.594803;3.654408;2.752748;5.379020;2.705801;1.807742;3.109865;3.364561;3.827550;4.585489;1.860691;5.105585;1.349371;2.691905;1.685079;2.579818;4.127993;4.794109;3.451739;4.084666;3.188770;4.742635;5.119815;3.798409;4.272151;3.239405;2.105919;4.536075;2.145104;1.530161;1.575918;5.034380;1.853664;2.475973;4.163807;4.819439;1.497717;4.112576;2.758497;1.688641;4.312718;4.753155;4.880225;3.152597;4.750880;1.503903;3.608407;3.955838;1.619066;5.532153;6.024196;4.182800;3.854873;3.375307;3.010918;2.148267;2.541149;4.014651;3.433745;4.752867;3.883030;4.179244;2.646994;3.405149;2.613325;5.465228;3.603129;5.055385;6.183225;6.080293;9.303946;5.596711;4.554158;9.101419;5.187029;4.722861;4.881917;7.455594;6.483640;7.216725;7.046354;8.910502;8.853574;7.040541;5.358376;5.076876;8.923915;5.298678;4.215970;8.195140;7.100723;6.064347;6.054982;6.530365;7.226200;9.003915;7.273593;7.080861;5.207341;7.922910;7.386993;8.740375;3.678286;4.268822;7.050807;8.434210;5.877888;6.760485;7.147508;8.836664;8.131580;9.374054;7.069900;3.267442;7.497328;4.531749;8.041028;3.793265;7.407544;8.669196;7.483263;5.074301;5.976797;5.932530;9.245413;8.572933;7.022525;3.654061
0.420000;-4.954258;2.882374;3.493985;3.527153;2.985198;3.357107;1.820425;3.153262;4.114707;1.573162;5.329014;1.705958;3.272952;2.331737;3.618429;4.056546;2.608990;1.874643;2.942014;3.792023;5.346053;2.805593;3.813341;4.124915;1.668164;3.866794;3.460010;2.682288;3.501663;2.964401;4.814400;2.994877;4.507127;4.891637;4.791760;1.902597;2.971472;1.334975;3.563728;5.671251;4.925570;1.507984;5.126161;1.916445;5.016648;3.265730;4.032087;4.402730;5.600301;3.655888;2.756445;5.384595;2.707659;1.810013;3.114491;3.368848;3.831402;4.578873;1.863575;5.109861;1.349372;2.697709;1.689630;2.581856;4.130954;4.798530;3.454296;4.090712;3.190213;4.750491;5.123636;3.798409;4.280713;3.245270;2.108864;4.542726;2.148849;1.550955;1.576990;5.039631;1.856581;2.444290;4.164691;4.821806;1.498996;4.118506;2.761056;1.686038;4.330971;4.762918;4.884523;3.158097;4.751834;1.469365;3.610041;3.958394;1.621640;5.541181;6.032586;4.183786;3.861094;3.373806;3.014501;2.152112;2.543700;4.017859;3.438166;4.754799;3.883750;4.184584;2.646994;3.408723;2.616465;5.469151;3.611796;4.962285;6.185719;6.083412;9.306053;5.597032;4.555514;9.105946;5.192226;4.724119;4.881890;7.451685;6.492339;7.228348;7.045442;8.917435;8.859880;7.042573;5.360407;5.083409;8.931541;5.298678;4.222012;8.196066;7.117025;6.066280;6.069746;6.536762;7.244812;9.006346;7.273589;7.081280;5.208526;7.930296;7.391260;8.733442;3.687143;4.274814;7.053433;8.437368;5.880468;6.781250;7.149587;8.838099;8.149141;9.378674;7.074828;3.267441;7.485918;4.546219;8.042169;3.796793;7.416145;8.679031;7.491217;5.075727;5.990501;5.938703;9.254575;8.581868;7.023088;3.654063
0.420000;-5.059856;2.877213;3.491851;3.525455;2.983655;3.353424;1.822779;3.142960;4.113920;1.571366;5.327889;1.704550;3.269973;2.329115;3.619276;4.051124;2.621968;1.871614;2.940938;3.787736;5.344019;2.802921;3.812823;4.123254;1.665615;3.864676;3.457760;2.675069;3.498803;2.962593;4.814400;2.989950;4.506021;4.890765;4.791304;1.903287;2.968884;1.334138;3.559583;5.663445;4.923379;1.507496;5.125402;1.915429;5.012378;3.264938;4.031728;4.401857;5.596794;3.655223;2.754370;5.381022;2.706788;1.808897;3.111710;3.366329;3.826175;4.578024;1.862068;5.107351;1.349301;2.693935;1.686903;2.584258;4.129396;4.795905;3.453000;4.086726;3.189569;4.742509;5.121470;3.678838;4.274296;3.241443;2.107315;4.538188;2.146738;1.534744;1.576536;5.036335;1.855050;2.448880;4.164326;4.820632;1.498438;4.114627;2.759757;1.705113;4.312790;4.755216;4.881996;3.154588;4.751436;1.466948;3.609293;3.957100;1.620332;5.534275;6.026345;4.183374;3.856949;3.393003;3.012508;2.149930;2.542408;4.016130;3.435544;4.753884;3.883460;4.181205;2.646994;3.406740;2.614786;5.466909;3.605264;4.960933;6.184464;6.079860;9.305036;5.596911;4.554916;9.103237;5.188976;4.723571;4.882375;7.450698;6.501564;7.218504;7.045527;8.912631;8.855656;7.041600;5.358422;5.078980;8.926063;5.298678;4.232339;8.194951;7.106174;6.065365;6.055930;6.532459;7.225548;9.005131;7.273589;7.081120;5.208014;7.925060;7.388759;8.736228;3.678297;4.270875;7.052093;8.435674;5.879158;6.758671;7.148587;8.837460;8.131417;9.375896;7.071791;3.267442;7.485129;4.532799;8.041681;3.794840;7.409682;8.671243;7.485414;5.075091;5.978074;5.934598;9.247519;8.575058;7.022867;3.654062
0.420000;-5.782842;2.914034;3.503250;3.535012;2.992521;3.370641;1.828455;3.179924;4.119086;1.581348;5.334800;1.712803;3.284670;2.332253;3.616410;4.074094;2.621968;1.886484;2.947598;3.807027;5.354999;2.816450;3.816454;4.132651;1.678682;3.878698;3.469644;2.703466;3.513050;2.972623;4.814400;3.011343;4.512840;4.896391;4.794569;1.907305;2.982093;1.339576;3.578393;5.693539;4.935012;1.510960;5.130415;1.921788;5.031609;3.270137;4.034370;4.407481;5.613398;3.659710;2.765529;5.397860;2.712407;1.815764;3.125668;3.379267;3.831043;4.579957;1.870781;5.120254;1.350884;2.711474;1.700641;2.594155;4.138339;4.809237;3.460734;4.105000;3.193944;4.743367;5.132999;3.714082;4.300324;3.259167;2.116215;4.558314;2.158032;1.529756;1.579792;5.052183;1.863864;2.450042;4.167009;4.827786;1.502321;4.132536;2.767491;1.687472;4.334775;4.785010;4.894971;3.171195;4.754338;1.465613;3.614243;3.964823;1.628112;5.561757;6.051838;4.186374;3.875764;3.378442;3.023329;2.161529;2.550116;4.025819;3.448882;4.759731;3.885649;4.197333;2.646994;3.417513;2.624274;5.478745;3.631630;5.040927;6.192005;6.081741;9.311414;5.597888;4.559024;9.116901;5.204664;4.727394;4.882949;7.453163;6.483543;7.254240;7.045497;8.933619;8.874743;7.047748;5.358372;5.098754;8.949189;5.298677;4.219761;8.194577;7.098557;6.071206;6.101904;6.551810;7.284513;9.012482;7.273582;7.082397;5.211612;7.947464;7.401643;8.736120;3.680096;4.288985;7.060031;8.445244;5.886961;6.825146;7.154868;8.841809;8.186810;9.389832;7.086680;3.267441;7.484313;4.577789;8.045137;3.805488;7.435857;8.701287;7.509574;5.079418;6.020566;5.953277;9.275445;8.602259;7.024578;3.654061
0.420000;-4.889373;2.886419;3.494920;3.528011;2.986019;3.358155;1.819959;3.153530;4.115273;1.574039;5.329716;1.706744;3.273982;2.330506;3.615069;4.057524;2.441520;1.875669;2.942697;3.793064;5.346972;2.806598;3.813766;4.125765;1.669156;3.866720;3.460965;2.683072;3.502678;2.965282;4.814400;2.995890;4.507822;4.892242;4.792148;1.902566;2.972466;1.335564;3.564770;5.671955;4.926517;1.508394;5.126714;1.917106;5.017688;3.266300;4.032411;4.403333;5.601347;3.656395;2.757374;5.385639;2.708262;1.810710;3.115504;3.369834;3.826109;4.580260;1.864389;5.110846;1.349366;2.698756;1.690634;2.584462;4.131781;4.799521;3.455055;4.091762;3.190710;4.742922;5.124577;3.693293;4.281598;3.246318;2.109689;4.543758;2.149784;1.531881;1.577378;5.040675;1.857402;2.442541;4.165019;4.822525;1.499447;4.119556;2.761811;1.686086;4.325510;4.763632;4.885511;3.159141;4.752186;1.474622;3.610586;3.959149;1.622399;5.542008;6.033488;4.184149;3.862138;3.373423;3.015417;2.153057;2.544452;4.018724;3.439164;4.755421;3.884023;4.185630;2.646994;3.409639;2.617324;5.470104;3.612665;5.088538;6.186463;6.082461;9.306717;5.597160;4.555984;9.106947;5.193264;4.724564;4.882086;7.450278;6.486111;7.228700;7.048328;8.918449;8.860921;7.043218;5.365605;5.084447;8.932506;5.298676;4.209826;8.197382;7.099816;6.066898;6.069240;6.537802;7.242889;9.007075;7.273582;7.081447;5.208947;7.931284;7.392248;8.733615;3.680253;4.275861;7.054200;8.438240;5.881228;6.778388;7.150238;8.838593;8.147642;9.379682;7.075856;3.267441;7.495780;4.545803;8.042577;3.797700;7.417022;8.679728;7.492160;5.076219;5.990319;5.939749;9.255383;8.582705;7.023306;3.654061
0.420000;-5.138775;2.875396;3.492644;3.526130;2.984286;3.354571;1.819200;3.145159;4.114300;1.572069;5.328388;1.705139;3.270970;2.339428;3.616177;4.052594;2.621968;1.872621;2.941422;3.788999;5.344790;2.803844;3.813096;4.123919;1.666513;3.865621;3.458580;2.676830;3.499767;2.963299;4.814400;2.991331;4.506517;4.891179;4.791550;1.903203;2.969789;1.334537;3.560820;5.665292;4.924187;1.507756;5.125774;1.915894;5.013637;3.265320;4.031930;4.402269;5.597904;3.655557;2.755146;5.382145;2.707198;1.809393;3.112659;3.367216;3.826909;4.609367;1.862688;5.108236;1.349644;2.695098;1.687841;2.580276;4.130030;4.796813;3.453556;4.087931;3.189894;4.741606;5.122271;3.757833;4.275929;3.242617;2.107949;4.539498;2.147528;1.576675;1.576781;5.037399;1.855679;2.445254;4.164530;4.821147;1.498726;4.115810;2.760314;1.697434;4.334545;4.757049;4.882885;3.155696;4.751655;1.494050;3.609659;3.957655;1.620891;5.535990;6.027951;4.183599;3.858186;3.393344;3.013265;2.150735;2.542962;4.016815;3.436457;4.754313;3.883627;4.182295;2.646994;3.407491;2.615457;5.467727;3.606915;4.960855;6.185008;6.080034;9.305500;5.596986;4.555223;9.104171;5.190029;4.723856;4.881910;7.451519;6.483449;7.220643;7.050632;8.913997;8.856907;7.042048;5.359735;5.080271;8.927545;5.298676;4.229667;8.194748;7.099593;6.065794;6.058578;6.533724;7.228849;9.005660;7.273593;7.081218;5.208283;7.926486;7.389644;8.733317;3.678722;4.272071;7.052663;8.436351;5.879718;6.762354;7.149045;8.837782;8.134539;9.376841;7.072804;3.267442;7.487660;4.535390;8.041939;3.795587;7.411321;8.673093;7.486947;5.075412;5.980546;5.935828;9.249253;8.576754;7.022997;3.654061
0.420000;-5.242149;2.875077;3.500620;3.532789;2.990452;3.366767;1.819305;3.172138;4.117858;1.579032;5.333172;1.710872;3.281331;2.330912;3.620425;4.069040;2.361372;1.883106;2.946026;3.802724;5.352460;2.813361;3.815586;4.130462;1.675691;3.865263;3.466905;2.697330;3.509800;2.970295;4.814400;3.006608;4.511230;4.895056;4.793786;1.902561;2.979068;1.338284;3.574188;5.687071;4.932332;1.510130;5.129222;1.920287;5.027318;3.268900;4.033733;4.406148;5.609651;3.658640;2.762953;5.394066;2.711074;1.814145;3.122481;3.376303;3.862808;4.592722;1.868746;5.117299;1.349370;2.707533;1.697504;2.587535;4.136252;4.806187;3.458916;4.100908;3.192899;4.742383;5.130341;3.798409;4.294655;3.255188;2.114139;4.553838;2.155426;1.543709;1.579010;5.048599;1.861807;2.441813;4.166363;4.826102;1.501388;4.128523;2.765672;1.686156;4.311066;4.778600;4.892000;3.167449;4.753640;1.480063;3.613066;3.963008;1.626288;5.555800;6.046278;4.185651;3.871559;3.371998;3.020826;2.158855;2.548307;4.023566;3.445833;4.758346;3.885121;4.193692;2.646994;3.415021;2.622066;5.476019;3.625895;5.065883;6.190233;6.080035;9.309909;5.597650;4.558041;9.113785;5.201110;4.726477;4.884749;7.450068;6.497950;7.246686;7.051930;8.928976;8.870485;7.046293;5.360008;5.094350;8.944108;5.298677;4.232599;8.198717;7.098382;6.069820;6.092439;6.547493;7.272674;9.010752;7.273589;7.082088;5.210749;7.942525;7.398695;8.733384;3.679374;4.284927;7.058172;8.443020;5.885133;6.811942;7.153384;8.840770;8.175620;9.386655;7.083304;3.267442;7.484192;4.568505;8.044309;3.803026;7.430159;8.694828;7.504282;5.078385;6.011740;5.949100;9.269406;8.596360;7.024163;3.654061
0.420000;-5.862975;2.926707;3.493677;3.526911;2.984979;3.356573;1.819208;3.151915;4.114601;1.572906;5.328859;1.705761;3.272524;2.328845;3.618177;4.055777;2.621968;1.874207;2.941865;3.791406;5.345761;2.805208;3.813275;4.124680;1.667797;3.867809;3.459685;2.681292;3.501245;2.964144;4.814400;2.994170;4.506977;4.891520;4.791704;1.902604;2.971098;1.334864;3.563130;5.670186;4.925254;1.507924;5.126060;1.916307;5.016032;3.265625;4.032044;4.402612;5.599792;3.655802;2.756148;5.384077;2.707541;1.809859;3.114088;3.368484;3.847459;4.579327;1.863364;5.109498;1.351347;2.697164;1.689235;2.582731;4.130733;4.798149;3.454117;4.090135;3.190130;4.742027;5.123323;3.798409;4.279813;3.244715;2.108647;4.542074;2.148542;1.531757;1.576933;5.039156;1.856366;2.446273;4.164646;4.821644;1.498924;4.117947;2.760874;1.686194;4.320895;4.761862;4.884158;3.157588;4.751786;1.471966;3.609941;3.958213;1.621459;5.540223;6.031711;4.183737;3.860497;3.373537;3.014216;2.151798;2.543520;4.017614;3.437786;4.754676;3.883716;4.184098;2.646994;3.408437;2.616228;5.468827;3.610886;4.967461;6.185544;6.079952;9.305916;5.597018;4.555437;9.105554;5.191755;4.724050;4.881925;7.451169;6.485857;7.227049;7.046953;8.916746;8.859272;7.042441;5.358498;5.082775;8.930772;5.298676;4.209643;8.194579;7.098513;6.066153;6.068027;6.536142;7.242569;9.006177;7.273585;7.081263;5.208462;7.929546;7.390901;8.733480;3.678581;4.274244;7.053246;8.437136;5.880286;6.778703;7.149452;8.838017;8.147045;9.378272;7.074390;3.267441;7.485350;4.544539;8.042108;3.796515;7.415243;8.677962;7.490399;5.075645;5.988921;5.938110;9.253599;8.580920;7.023063;3.654060
0.420000;-6.007784;2.950154;3.499470;3.531793;2.989516;3.365163;1.821556;3.169116;4.117271;1.577996;5.332415;1.709992;3.279916;2.334632;3.620060;4.067019;2.604789;1.881685;2.945293;3.800969;5.351346;2.812040;3.815157;4.129479;1.674403;3.870158;3.465719;2.694926;3.508426;2.969259;4.814400;3.004701;4.510482;4.894425;4.793397;1.905815;2.977775;1.337670;3.572467;5.684546;4.931163;1.509720;5.128650;1.919581;5.025569;3.268310;4.033414;4.405514;5.608095;3.658122;2.761822;5.392492;2.710442;1.813394;3.121129;3.375030;3.826673;4.584965;1.867825;5.116026;1.351033;2.705907;1.696167;2.579784;4.135310;4.804886;3.458086;4.099228;3.192391;4.741554;5.129179;3.711930;4.292419;3.253549;2.113200;4.552022;2.154283;1.530259;1.578622;5.047100;1.860877;2.442634;4.166040;4.825323;1.500936;4.126866;2.764840;1.690994;4.317702;4.776096;4.890722;3.165893;4.753291;1.475836;3.612499;3.962178;1.625451;5.553463;6.044078;4.185293;3.869838;3.373559;3.019724;2.157689;2.547476;4.022560;3.444528;4.757691;3.884854;4.192172;2.646994;3.413923;2.621077;5.474834;3.623635;4.971970;6.189417;6.080345;9.309199;5.597527;4.557563;9.112450;5.199624;4.726028;4.882470;7.452397;6.491195;7.243750;7.056097;8.927092;8.868740;7.045610;5.358415;5.092557;8.942076;5.298678;4.209680;8.194630;7.098745;6.069166;6.088734;6.545733;7.267970;9.009954;7.273589;7.081927;5.210326;7.940536;7.397419;8.735378;3.689173;4.283257;7.057319;8.442019;5.884295;6.806654;7.152684;8.840267;8.171193;9.385299;7.081873;3.267442;7.484218;4.564882;8.043900;3.801935;7.427909;8.692299;7.502173;5.077882;6.008303;5.947383;9.267026;8.594036;7.023952;3.654060
0.420000;-4.811356;2.894135;3.502046;3.533952;2.991518;3.369094;1.825085;3.178147;4.118440;1.580253;5.333976;1.711853;3.283252;2.331370;3.615147;4.072341;2.238041;1.885056;2.946798;3.805391;5.353826;2.815106;3.815981;4.131603;1.677366;3.870086;3.468404;2.701632;3.511657;2.971524;4.814400;3.009635;4.512020;4.895695;4.794139;1.903037;2.980766;1.338900;3.576776;5.691701;4.933793;1.510505;5.129784;1.921018;5.029977;3.269486;4.034014;4.406787;5.611877;3.659139;2.764343;5.396330;2.711713;1.814945;3.124293;3.377956;3.826765;4.579690;1.869791;5.118948;1.350147;2.709910;1.699278;2.591822;4.137330;4.807901;3.459832;4.103403;3.193384;4.741541;5.131788;3.790773;4.298512;3.257596;2.115209;4.556645;2.156839;1.529744;1.579362;5.050706;1.862867;2.441516;4.166649;4.826938;1.501815;4.130969;2.766586;1.687384;4.314007;4.783170;4.893660;3.169676;4.753952;1.535029;3.613619;3.963922;1.627207;5.559931;6.050036;4.185975;3.874146;3.377662;3.022169;2.160313;2.549217;4.024747;3.447551;4.759013;3.885352;4.195837;2.646994;3.416358;2.623219;5.477510;3.629813;4.988027;6.191120;6.080722;9.310641;5.597751;4.558495;9.115543;5.203192;4.726895;4.889418;7.451310;6.500542;7.252441;7.045235;8.931922;8.873116;7.046999;5.358387;5.097101;8.947438;5.298677;4.223553;8.200343;7.102060;6.070485;6.100408;6.550171;7.283784;9.011612;7.273589;7.082220;5.211141;7.945726;7.400337;8.738246;3.683771;4.287396;7.059111;8.444176;5.886055;6.825028;7.154106;8.841252;8.185833;9.388457;7.085255;3.267442;7.493108;4.576258;8.044683;3.804342;7.434039;8.699446;7.507792;5.078863;6.018933;5.951661;9.273609;8.600432;7.024342;3.654061
0.420000;-5.151536;2.875285;3.497916;3.530533;2.988362;3.362633;1.820511;3.162998;4.116652;1.576669;5.331550;1.708929;3.277819;2.330404;3.615216;4.063465;2.606271;1.879553;2.944465;3.798072;5.349861;2.810137;3.814740;4.128246;1.672580;3.865182;3.464081;2.690382;3.506400;2.967925;4.814400;3.001430;4.509632;4.893740;4.793027;1.902303;2.975925;1.337014;3.569658;5.679690;4.929572;1.509325;5.128052;1.918797;5.022680;3.267687;4.033121;4.404830;5.605669;3.657595;2.760308;5.390026;2.709762;1.812536;3.119156;3.373224;3.840837;4.581383;1.866692;5.114228;1.353742;2.703319;1.694230;2.579711;4.134144;4.803012;3.457102;4.096511;3.191881;4.741845;5.127607;3.798409;4.288307;3.250927;2.112041;4.548978;2.152749;1.529902;1.578254;5.044806;1.859730;2.442029;4.165741;4.824423;1.500487;4.124207;2.763856;1.687333;4.311625;4.771296;4.888911;3.163467;4.752967;1.467966;3.611909;3.961196;1.624460;5.549085;6.040066;4.184956;3.867027;3.371803;3.018265;2.156106;2.546498;4.021279;3.442656;4.756979;3.884614;4.189829;2.646994;3.412469;2.619828;5.473210;3.619465;4.961537;6.188462;6.080674;9.308414;5.597426;4.557086;9.110527;5.197359;4.725589;4.882751;7.453051;6.487367;7.237864;7.045738;8.923895;8.865881;7.044855;5.358423;5.089580;8.938500;5.298678;4.222407;8.195202;7.111596;6.068457;6.080989;6.542827;7.257918;9.009027;7.273585;7.081793;5.209913;7.937089;7.395626;8.733302;3.678705;4.280568;7.056305;8.440761;5.883297;6.795314;7.151915;8.839756;8.161771;9.383331;7.079746;3.267442;7.484179;4.557314;8.043506;3.800505;7.423776;8.687459;7.498404;5.077377;6.001184;5.944602;9.262576;8.589715;7.023768;3.654061
0.420000;-5.437366;2.881780;3.496156;3.529055;2.986991;3.359969;1.819552;3.157120;4.115850;1.575129;5.330481;1.707651;3.275547;2.332902;3.616272;4.059890;2.621968;1.877254;2.943434;3.795081;5.348165;2.808046;3.814176;4.126793;1.670559;3.871172;3.462251;2.685932;3.504198;2.966375;4.814400;2.998107;4.508577;4.892869;4.792519;1.909027;2.973884;1.336171;3.566743;5.674955;4.927773;1.508785;5.127274;1.917813;5.019699;3.266881;4.032710;4.403960;5.603096;3.656898;2.758583;5.387420;2.708889;1.811471;3.116996;3.371224;3.848843;4.579220;1.865345;5.112233;1.349411;2.700603;1.692106;2.580739;4.132761;4.800954;3.455905;4.093681;3.191201;4.742465;5.125825;3.798409;4.284242;3.248183;2.110665;4.545855;2.151005;1.542744;1.577746;5.042351;1.858367;2.442333;4.165323;4.823314;1.499883;4.121440;2.762661;1.688241;4.311635;4.766616;4.886907;3.160897;4.752514;1.468413;3.611141;3.959999;1.623254;5.544781;6.036085;4.184487;3.864110;3.376338;3.016593;2.154311;2.545304;4.019782;3.440596;4.756072;3.884272;4.187338;2.646994;3.410805;2.618359;5.471382;3.615342;4.960813;6.187295;6.081513;9.307425;5.597273;4.556446;9.108413;5.194930;4.724994;4.881889;7.462849;6.483445;7.232192;7.046444;8.920636;8.862917;7.043901;5.358439;5.086509;8.934892;5.298676;4.238520;8.195644;7.100829;6.067550;6.073543;6.539825;7.248094;9.007891;7.273578;7.081592;5.209353;7.933599;7.393634;8.733426;3.679154;4.277762;7.055075;8.439281;5.882089;6.784036;7.150939;8.839082;8.152614;9.381174;7.077443;3.267442;7.487859;4.550036;8.042966;3.798857;7.419678;8.682736;7.494637;5.076705;5.994354;5.941709;9.258198;8.585456;7.023501;3.654061
0.420000;-5.478943;2.883540;3.497642;3.530263;2.988098;3.362407;1.819357;3.163597;4.116453;1.576400;5.331314;1.708672;3.277554;2.329014;3.625979;4.063386;2.449015;1.879294;2.944233;3.797889;5.349586;2.809864;3.814586;4.127978;1.672307;3.869996;3.463806;2.690517;3.506135;2.967653;4.814400;3.001303;4.509397;4.893530;4.792884;1.902811;2.975654;1.336807;3.569464;5.679901;4.929295;1.509175;5.127857;1.918571;5.022497;3.267487;4.033002;4.404622;5.605435;3.657414;2.760032;5.389795;2.709551;1.812299;3.118886;3.372952;3.905418;4.578617;1.866430;5.113954;1.350445;2.703098;1.693960;2.579656;4.133880;4.802739;3.456851;4.096302;3.191702;4.741408;5.127330;3.798409;4.288340;3.250711;2.111776;4.548817;2.152470;1.530022;1.578112;5.044555;1.859466;2.456238;4.165620;4.824183;1.500325;4.124005;2.763613;1.689843;4.317924;4.771494;4.888639;3.163232;4.752837;1.528319;3.611716;3.960945;1.624208;5.549175;6.040079;4.184822;3.866830;3.378116;3.017989;2.155827;2.546247;4.021008;3.442384;4.756763;3.884512;4.189587;2.646994;3.412192;2.619555;5.472931;3.619511;4.976126;6.188215;6.080851;9.308187;5.597377;4.556915;9.110258;5.197108;4.725427;4.882025;7.463023;6.483481;7.238388;7.047756;8.923762;8.865696;7.044633;5.358546;5.089408;8.938422;5.298676;4.214378;8.195004;7.100634;6.068241;6.082221;6.542646;7.260315;9.008783;7.273589;7.081730;5.209761;7.936992;7.395352;8.734112;3.678629;4.280360;7.056050;8.440487;5.883048;6.798512;7.151688;8.839580;8.163818;9.383062;7.079486;3.267442;7.484706;4.558472;8.043358;3.800225;7.423815;8.687666;7.498367;5.077200;6.002155;5.944407;9.262683;8.589796;7.023686;3.654060
0.420000;-5.193736;2.874963;3.491875;3.525361;2.983525;3.354054;1.819830;3.147608;4.113703;1.571290;5.327691;1.704394;3.270299;2.330095;3.615181;4.052644;2.621968;1.871963;2.940737;3.788658;5.344018;2.803130;3.812628;4.123152;1.665778;3.866255;3.457820;2.677657;3.499080;2.962527;4.814400;2.991199;4.505823;4.890549;4.791118;1.903537;2.969063;1.333922;3.560435;5.666398;4.923422;1.507302;5.125188;1.915224;5.013288;3.264722;4.031564;4.401641;5.597343;3.655013;2.754377;5.381603;2.706572;1.808698;3.111956;3.366482;3.827339;4.588335;1.861931;5.107500;1.352048;2.694608;1.687131;2.581165;4.129269;4.796094;3.452827;4.087502;3.189358;4.741991;5.121504;3.798409;4.276389;3.242141;2.107188;4.539235;2.146754;1.534217;1.576349;5.036794;1.854920;2.451931;4.164160;4.820439;1.498236;4.115349;2.759583;1.718390;4.321499;4.758104;4.882151;3.155141;4.751262;1.499887;3.609078;3.956925;1.620161;5.536663;6.028335;4.183195;3.857800;3.372181;3.012493;2.149969;2.542233;4.016043;3.435738;4.753671;3.883314;4.181705;2.646994;3.406719;2.614687;5.466967;3.607428;5.008189;6.184282;6.079941;9.304829;5.596835;4.554710;9.103458;5.189417;4.723372;4.881951;7.450206;6.484440;7.222830;7.048591;8.913822;8.856545;7.041390;5.358428;5.079975;8.927614;5.298677;4.218019;8.199602;7.098389;6.065150;6.063187;6.533387;7.237247;9.004944;7.273589;7.081024;5.207819;7.926474;7.388905;8.733498;3.678838;4.271626;7.051927;8.435580;5.878985;6.773265;7.148376;8.837250;8.141818;9.376143;7.072148;3.267442;7.488704;4.539748;8.041489;3.794811;7.411808;8.674195;7.487150;5.074883;5.984272;5.935434;9.250005;8.577390;7.022747;3.654061
0.420000;-5.733119;2.908410;3.492954;3.526288;2.984392;3.355572;1.819247;3.150061;4.114235;1.572255;5.328386;1.705208;3.271634;2.341225;3.615101;4.054522;2.621968;1.873310;2.941407;3.790309;5.345058;2.804376;3.813009;4.124064;1.666989;3.864413;3.458940;2.679808;3.500379;2.963493;4.814400;2.992983;4.506508;4.891125;4.791462;1.902312;2.970283;1.334479;3.562056;5.668623;4.924521;1.507669;5.125704;1.915867;5.014936;3.265257;4.031847;4.402216;5.598820;3.655479;2.755436;5.383092;2.707147;1.809389;3.113237;3.367683;3.826715;4.628627;1.862785;5.108698;1.359959;2.696145;1.688395;2.591432;4.130144;4.797325;3.453595;4.089086;3.189814;4.742490;5.122593;3.798409;4.278432;3.243690;2.108059;4.540942;2.147829;1.552710;1.576694;5.038210;1.855781;2.444323;4.164446;4.821157;1.498643;4.116913;2.760351;1.686048;4.333031;4.760322;4.883356;3.156613;4.751570;1.475836;3.609588;3.957693;1.620935;5.538775;6.030348;4.183514;3.859421;3.372135;3.013523;2.151065;2.543000;4.016982;3.436966;4.754267;3.883550;4.183146;2.646994;3.407746;2.615608;5.468081;3.609483;4.964612;6.185035;6.080359;9.305474;5.596942;4.555139;9.104716;5.190824;4.723773;4.882088;7.458497;6.484697;7.225254;7.055674;8.915585;8.858188;7.042014;5.358856;5.081657;8.929505;5.298678;4.209995;8.195122;7.099491;6.065748;6.065761;6.535045;7.239615;9.005678;7.273585;7.081164;5.208197;7.928322;7.390104;8.738392;3.678287;4.273202;7.052712;8.436516;5.879761;6.775293;7.149014;8.837704;8.144295;9.377420;7.073495;3.267441;7.484196;4.542331;8.041855;3.795830;7.413854;8.676420;7.489100;5.075333;5.986828;5.937043;9.252138;8.579489;7.022932;3.654060
0.420000;-5.085106;2.876495;3.493176;3.526471;2.984563;3.355902;1.819992;3.150651;4.114331;1.572449;5.328516;1.705366;3.271918;2.331602;3.626228;4.054946;2.621968;1.873599;2.941532;3.790675;5.345273;2.804641;3.813076;4.124245;1.667243;3.864379;3.459167;2.680307;3.500659;2.963687;4.814400;2.993381;4.506639;4.891230;4.791523;1.903821;2.970540;1.334581;3.562414;5.669152;4.924746;1.507732;5.125796;1.915986;5.015301;3.265352;4.031893;4.402321;5.599135;3.655561;2.755652;5.383414;2.707252;1.809518;3.113511;3.367934;3.843032;4.578022;1.862953;5.108949;1.350613;2.696481;1.688661;2.579372;4.130316;4.797585;3.453742;4.089434;3.189894;4.741587;5.122818;3.798409;4.278898;3.244030;2.108229;4.541320;2.148046;1.535740;1.576752;5.038519;1.855952;2.449291;4.164494;4.821291;1.498714;4.117255;2.760501;1.691127;4.324320;4.760835;4.883607;3.156931;4.751621;1.498542;3.609681;3.957839;1.621081;5.539261;6.030809;4.183568;3.859779;3.385201;3.013733;2.151290;2.543146;4.017167;3.437225;4.754376;3.883589;4.183453;2.646994;3.407954;2.615790;5.468311;3.609954;5.021835;6.185180;6.083636;9.305593;5.596958;4.555213;9.104984;5.191124;4.723840;4.881887;7.451062;6.488153;7.225827;7.048382;8.915973;8.858547;7.042130;5.358879;5.082030;8.929921;5.298678;4.240189;8.197251;7.099912;6.065856;6.066414;6.535411;7.240322;9.005817;7.273585;7.081186;5.208262;7.928734;7.390349;8.733474;3.678728;4.273549;7.052865;8.436694;5.879909;6.776012;7.149132;8.837781;8.144989;9.377691;7.073784;3.267442;7.485378;4.542976;8.041917;3.796036;7.414320;8.676929;7.489531;5.075412;5.987457;5.937397;9.252630;8.579969;7.022962;3.654059
0.420000;-5.550538;2.888971;3.498927;3.531397;2.989171;3.364073;1.821522;3.165717;4.117146;1.577568;5.332196;1.709687;3.279076;2.332177;3.615959;4.065300;2.621968;1.880822;2.945091;3.799657;5.350837;2.811308;3.815095;4.129097;1.673718;3.866396;3.465133;2.692569;3.507628;2.968827;4.814400;3.003158;4.510269;4.894276;4.793347;1.902593;2.977073;1.337531;3.571210;5.681984;4.930600;1.509664;5.128534;1.919396;5.024262;3.268184;4.033383;4.405367;5.607068;3.658028;2.761299;5.391439;2.710295;1.813177;3.120358;3.374351;3.835234;4.583076;1.867489;5.115353;1.349431;2.704781;1.695418;2.585393;4.134958;4.804171;3.457816;4.098025;3.192303;4.741472;5.128626;3.773251;4.290344;3.252404;2.112852;4.550621;2.153750;1.529905;1.578573;5.046147;1.860536;2.445152;4.166007;4.825089;1.500866;4.125702;2.764576;1.691178;4.311244;4.773572;4.890043;3.164864;4.753254;1.496724;3.612385;3.961909;1.625178;5.551213;6.042068;4.185252;3.868578;3.379474;3.019229;2.157128;2.547209;4.022153;3.443813;4.757533;3.884833;4.191191;2.646994;3.413431;2.620685;5.474253;3.621521;4.962393;6.189160;6.080101;9.309014;5.597525;4.557486;9.111706;5.198688;4.725962;4.882172;7.454795;6.485300;7.240507;7.046454;8.925596;8.867454;7.045435;5.360078;5.091196;8.940334;5.298678;4.217776;8.198068;7.101176;6.069010;6.084229;6.544415;7.261882;9.009712;7.273585;7.081921;5.210265;7.938884;7.396748;8.737798;3.679294;4.282073;7.057034;8.441621;5.884021;6.799678;7.152503;8.840178;8.165537;9.384531;7.081016;3.267442;7.484344;4.560497;8.043844;3.801457;7.425818;8.689757;7.500322;5.077796;6.004227;5.946146;9.264729;8.591825;7.023939;3.654060
0.420000;-5.698946;2.904524;3.490527;3.524251;2.982503;3.351892;1.819421;3.142020;4.113132;1.570131;5.326912;1.703449;3.268504;2.329053;3.614646;4.049591;2.531167;1.870139;2.939986;3.786183;5.342722;2.801494;3.812233;4.122064;1.664207;3.866084;3.456408;2.673681;3.497347;2.961358;4.814399;2.988395;4.505055;4.889925;4.790764;1.927690;2.967470;1.333320;3.558033;5.662124;4.922044;1.506928;5.124634;1.914510;5.010826;3.264147;4.031281;4.401015;5.595274;3.654521;2.753060;5.379498;2.705947;1.807924;3.110262;3.364927;3.844834;4.585785;1.860929;5.105950;1.349302;2.692400;1.685468;2.579418;4.128238;4.794485;3.451946;4.085183;3.188879;4.742576;5.120139;3.798409;4.272827;3.239902;2.106163;4.536633;2.145420;1.551423;1.575997;5.034830;1.853904;2.441736;4.163871;4.819632;1.497812;4.113084;2.758707;1.686038;4.317143;4.753884;4.880591;3.153067;4.750948;1.475836;3.608531;3.956046;1.619277;5.532852;6.024864;4.182870;3.855398;3.371917;3.011221;2.148596;2.541358;4.014918;3.434124;4.753019;3.883080;4.179708;2.646994;3.405449;2.613587;5.465562;3.603808;4.962339;6.183427;6.080086;9.304111;5.596732;4.554261;9.101807;5.187472;4.722951;4.882119;7.450130;6.483440;7.217484;7.051584;8.911077;8.854103;7.040702;5.358382;5.077427;8.924523;5.298676;4.209914;8.195083;7.114290;6.064497;6.055687;6.530905;7.226583;9.004110;7.273589;7.080889;5.207427;7.923511;7.387358;8.733634;3.678295;4.269331;7.051022;8.434473;5.878097;6.760555;7.147668;8.836772;8.132076;9.374448;7.070322;3.267441;7.484266;4.532466;8.041114;3.793561;7.408218;8.669921;7.483898;5.074408;5.977541;5.933047;9.246113;8.573624;7.022564;3.654060
0.420000;-5.541058;2.888314;3.497910;3.530556;2.988393;3.362489;1.822909;3.162084;4.116707;1.576688;5.331599;1.708968;3.277741;2.336685;3.621103;4.063132;2.554921;1.879472;2.944515;3.797865;5.349863;2.810086;3.814792;4.128270;1.672541;3.865923;3.464070;2.689841;3.506342;2.967940;4.814399;3.001155;4.509682;4.893795;4.793075;1.916913;2.975883;1.337069;3.569465;5.679078;4.929561;1.509374;5.128107;1.918849;5.022475;3.267742;4.033165;4.404887;5.605544;3.657650;2.760305;5.389892;2.709816;1.812585;3.119093;3.373187;3.845054;4.579773;1.866727;5.114192;1.350644;2.703166;1.694175;2.580352;4.134174;4.802969;3.457145;4.096333;3.191934;4.745072;5.127597;3.798409;4.287860;3.250768;2.112071;4.548743;2.152745;1.539672;1.578302;5.044693;1.859763;2.441515;4.165785;4.824470;1.500540;4.124044;2.763901;1.686165;4.332916;4.770697;4.888874;3.163340;4.753012;1.578534;3.611966;3.961240;1.624503;5.548580;6.039639;4.184999;3.866832;3.372145;3.018269;2.156094;2.546540;4.021298;3.442609;4.757033;3.884652;4.189716;2.646994;3.412475;2.619851;5.473196;3.619003;4.960562;6.188508;6.081660;9.308466;5.597446;4.557140;9.110473;5.197253;4.725640;4.888491;7.452191;6.483908;7.237008;7.055108;8.923634;8.865676;7.044908;5.358584;5.089353;8.938153;5.298676;4.212811;8.196469;7.098629;6.068510;6.079639;6.542616;7.255896;9.009072;7.273585;7.081818;5.209964;7.936771;7.395590;8.740133;3.678298;4.280398;7.056346;8.440782;5.883340;6.792885;7.151964;8.839811;8.159939;9.383268;7.079660;3.267442;7.486300;4.556008;8.043554;3.800509;7.423321;8.686847;7.498028;5.077432;6.000008;5.944411;9.262050;8.589220;7.023800;3.654062
0.420000;-5.282648;2.875644;3.496087;3.528954;2.986881;3.360101;1.820612;3.158942;4.115739;1.575030;5.330362;1.707539;3.275570;2.331739;3.622951;4.060369;2.621968;1.877285;2.943316;3.795324;5.348087;2.808034;3.814085;4.126688;1.670536;3.864495;3.462189;2.686854;3.504210;2.966279;4.814400;2.998477;4.508460;4.892756;4.792433;1.905870;2.973861;1.336059;3.566958;5.676046;4.927710;1.508697;5.127166;1.917694;5.019938;3.266770;4.032638;4.403847;5.603206;3.656795;2.758509;5.387536;2.708775;1.811354;3.116998;3.371194;3.838747;4.611872;1.865235;5.112202;1.350496;2.700750;1.692101;2.580368;4.132652;4.800934;3.455786;4.093864;3.191099;4.741433;5.125757;3.798409;4.284957;3.248342;2.110556;4.546147;2.150934;1.529805;1.577662;5.042425;1.858257;2.441526;4.165250;4.823196;1.499787;4.121608;2.762545;1.689591;4.311054;4.767669;4.886877;3.161003;4.752437;1.475836;3.611032;3.959883;1.623138;5.545624;6.036758;4.184408;3.864326;3.372858;3.016511;2.154246;2.545187;4.019680;3.440573;4.755956;3.884210;4.187417;2.646994;3.410719;2.618256;5.471322;3.616088;4.968882;6.187178;6.079864;9.307306;5.597241;4.556350;9.108405;5.194996;4.724900;4.885356;7.450289;6.494355;7.233874;7.045165;8.920987;8.863154;7.043786;5.358664;5.086785;8.935382;5.298676;4.211680;8.195022;7.102283;6.067433;6.076541;6.540072;7.253084;9.007770;7.273582;7.081553;5.209263;7.934042;7.393600;8.733493;3.683318;4.277943;7.054960;8.439178;5.881972;6.790325;7.150822;8.838980;8.157024;9.381176;7.077477;3.267441;7.489971;4.552902;8.042877;3.798773;7.420414;8.683823;7.495208;5.076604;5.996875;5.941917;9.259080;8.586275;7.023450;3.654060
0.420000;-4.975917;2.880905;3.492115;3.525602;2.983765;3.354194;1.823164;3.146599;4.113894;1.571537;5.327915;1.704631;3.270493;2.341657;3.621444;4.052561;2.621968;1.872153;2.940955;3.788726;5.344254;2.803346;3.812779;4.123393;1.666001;3.876702;3.458052;2.677276;3.499284;2.962769;4.814400;2.991189;4.506045;4.890753;4.791257;1.933509;2.969282;1.334119;3.560519;5.665913;4.923658;1.507451;5.125374;1.915437;5.013360;3.264913;4.031682;4.401843;5.597497;3.655188;2.754616;5.381748;2.706773;1.808921;3.112168;3.366703;3.877633;4.581841;1.862170;5.107723;1.349642;2.694734;1.687345;2.584140;4.129510;4.796316;3.453057;4.087599;3.189531;4.741689;5.121739;3.798409;4.276151;3.242260;2.107428;4.539274;2.146998;1.530432;1.576489;5.036960;1.855159;2.441535;4.164279;4.820666;1.498394;4.115465;2.759816;1.704450;4.325891;4.757639;4.882374;3.155293;4.751388;1.468625;3.609263;3.957156;1.620393;5.536345;6.028126;4.183327;3.857886;3.373572;3.012733;2.150205;2.542465;4.016286;3.435953;4.753876;3.883416;4.181865;2.646994;3.406958;2.614928;5.467202;3.607170;4.960917;6.184514;6.082268;9.305042;5.596884;4.554874;9.103670;5.189588;4.723527;4.883402;7.470703;6.487068;7.221924;7.047344;8.913826;8.856620;7.041600;5.358496;5.080024;8.927521;5.298677;4.241494;8.195573;7.099059;6.065359;6.061320;6.533453;7.233816;9.005169;7.273585;7.081087;5.207969;7.926417;7.389132;8.736993;3.679531;4.271734;7.052161;8.435822;5.879218;6.768768;7.148591;8.837420;8.138857;9.376348;7.072338;3.267442;7.499029;4.537986;8.041634;3.795053;7.411555;8.673698;7.487010;5.075053;5.982758;5.935524;9.249658;8.577083;7.022828;3.654060
0.420000;-4.757754;2.896955;3.487710;3.521899;2.980325;3.347583;1.827499;3.132227;4.111870;1.567672;5.325219;1.701424;3.264846;2.331064;3.614840;4.043752;2.605079;1.866439;2.938357;3.781326;5.340014;2.798137;3.811349;4.119752;1.660966;3.864542;3.453471;2.666351;3.493802;2.958887;4.814400;2.982980;4.503388;4.888551;4.789971;1.928282;2.964193;1.331992;3.553303;5.654317;4.919168;1.506084;5.123412;1.912955;5.005984;3.262877;4.030638;4.399642;5.591122;3.653425;2.750303;5.375283;2.704574;1.806241;3.106794;3.361719;3.839829;4.577998;1.858789;5.102751;1.349465;2.688002;1.682056;2.603486;4.126040;4.791188;3.450049;4.080595;3.187814;4.742989;5.117288;3.798409;4.266154;3.235459;2.103975;4.531555;2.142632;1.529721;1.575205;5.030874;1.851739;2.442885;4.163219;4.817879;1.496868;4.108591;2.756810;1.686181;4.316689;4.746161;4.877373;3.148914;4.750242;1.494076;3.607324;3.954153;1.617368;5.525783;6.018337;4.182143;3.850669;3.372024;3.008548;2.145726;2.539468;4.012533;3.430815;4.751591;3.882549;4.175676;2.646994;3.402790;2.611252;5.462633;3.597039;4.980480;6.181579;6.082190;9.302550;5.596495;4.553259;9.098409;5.183561;4.722023;4.884356;7.454024;6.493321;7.208050;7.062533;8.905774;8.849298;7.039199;5.358476;5.072441;8.918645;5.298676;4.212723;8.194734;7.100921;6.063073;6.043119;6.526030;7.209698;9.002312;7.273585;7.080579;5.206552;7.917819;7.384161;8.737504;3.679147;4.264784;7.049075;8.432115;5.876182;6.740952;7.146138;8.835711;8.116421;9.370986;7.066612;3.267441;7.488484;4.520208;8.040276;3.790934;7.401503;8.662122;7.477741;5.073355;5.966068;5.928353;9.238914;8.566628;7.022149;3.654060
0.420000;-5.423381;2.880304;3.501501;3.533517;2.991127;3.368168;1.834543;3.175847;4.118242;1.579793;5.333690;1.711495;3.282496;2.328453;3.625121;4.071020;2.621968;1.884287;2.946526;3.804324;5.353309;2.814423;3.815853;4.131177;1.676714;3.870242;3.467829;2.699928;3.510933;2.971062;4.814400;3.008420;4.511740;4.895475;4.794026;1.902308;2.980106;1.338688;3.575744;5.689868;4.933233;1.510384;5.129593;1.920761;5.028912;3.269287;4.033927;4.406566;5.610994;3.658972;2.763814;5.395432;2.711493;1.814660;3.123590;3.377316;3.831051;4.580969;1.869406;5.118307;1.349357;2.708963;1.698588;2.579348;4.136931;4.807232;3.459501;4.102407;3.193222;4.741398;5.131233;3.798409;4.296971;3.256638;2.114812;4.555522;2.156297;1.534524;1.579250;5.049870;1.862476;2.442076;4.166561;4.826639;1.501677;4.129987;2.766258;1.686035;4.312158;4.781366;4.893016;3.168794;4.753854;1.465827;3.613431;3.963591;1.626874;5.558289;6.048535;4.185873;3.873111;3.371806;3.021658;2.159753;2.548889;4.024306;3.446883;4.758782;3.885282;4.194991;2.646994;3.415853;2.622788;5.476938;3.628256;4.969128;6.190801;6.081172;9.310383;5.597723;4.558346;9.114857;5.202371;4.726758;4.881929;7.450577;6.494300;7.250229;7.047589;8.930748;8.872066;7.046752;5.358380;5.096001;8.946103;5.298678;4.258852;8.195427;7.098489;6.070257;6.097525;6.549100;7.280117;9.011307;7.273589;7.082181;5.211016;7.944442;7.399699;8.733336;3.678508;4.286413;7.058769;8.443746;5.885724;6.820971;7.153854;8.841093;8.182371;9.387754;7.084484;3.267442;7.498414;4.573438;8.044563;3.803844;7.432495;8.697625;7.506390;5.078703;6.016265;5.950643;9.271939;8.598815;7.024289;3.654061
0.420000;-5.701263;2.903995;3.498454;3.530952;2.988741;3.363593;1.819954;3.165813;4.116837;1.577117;5.331821;1.709273;3.278584;2.330173;3.618279;4.064909;2.589497;1.880334;2.944724;3.799200;5.350370;2.810822;3.814859;4.128656;1.673232;3.871024;3.464655;2.692332;3.507138;2.968374;4.814400;3.002738;4.509899;4.893949;4.793130;1.917538;2.976584;1.337211;3.570746;5.681805;4.930125;1.509436;5.128230;1.919040;5.023804;3.267873;4.033201;4.405039;5.606582;3.657749;2.760830;5.390957;2.709967;1.812803;3.119866;3.373865;3.826172;4.579743;1.867063;5.114867;1.349488;2.704305;1.694928;2.591906;4.134528;4.803679;3.457417;4.097555;3.192029;4.745510;5.128152;3.798409;4.290033;3.251928;2.112423;4.550176;2.153284;1.529720;1.578357;5.045657;1.860107;2.449870;4.165823;4.824708;1.500616;4.125234;2.764174;1.713147;4.311497;4.773381;4.889556;3.164380;4.753057;1.478276;3.612084;3.961509;1.624776;5.550946;6.041740;4.185049;3.868114;3.372223;3.018764;2.156654;2.546810;4.021709;3.443326;4.757196;3.884678;4.190707;2.646994;3.412968;2.620243;5.473777;3.621217;5.021787;6.188765;6.080541;9.308659;5.597451;4.557223;9.111219;5.198197;4.725713;4.884306;7.450520;6.483472;7.240548;7.049584;8.925171;8.866991;7.045087;5.359664;5.090744;8.939952;5.298677;4.215396;8.204832;7.098372;6.068670;6.084773;6.543960;7.263174;9.009317;7.273585;7.081827;5.210030;7.938480;7.396261;8.734054;3.679895;4.281600;7.056629;8.441181;5.883617;6.801438;7.152153;8.839904;8.166615;9.384040;7.080524;3.267442;7.492834;4.560993;8.043616;3.800992;7.425512;8.689569;7.499953;5.077525;6.004588;5.945681;9.264476;8.591549;7.023817;3.654061
0.420000;-5.241599;2.875172;3.490999;3.524638;2.982857;3.352660;1.826691;3.143935;4.113327;1.570536;5.327181;1.703775;3.269135;2.331690;3.620044;4.050673;2.422564;1.870782;2.940245;3.787060;5.343172;2.802069;3.812367;4.122441;1.664756;3.894784;3.456898;2.675076;3.497958;2.961765;4.814400;2.989391;4.505318;4.890138;4.790884;1.906399;2.968029;1.333525;3.558882;5.663624;4.922525;1.507055;5.124823;1.914755;5.011698;3.264343;4.031377;4.401229;5.596005;3.654688;2.753519;5.380240;2.706160;1.808191;3.110859;3.365472;3.826547;4.585218;1.861277;5.106493;1.351377;2.693179;1.686052;2.579447;4.128595;4.795051;3.452249;4.086003;3.189042;4.741750;5.120615;3.798409;4.274083;3.240694;2.106518;4.537554;2.145889;1.536333;1.576117;5.035523;1.854257;2.442713;4.163969;4.819909;1.497956;4.113886;2.759009;1.689462;4.311298;4.755364;4.881139;3.153801;4.751054;1.494302;3.608718;3.956349;1.619582;5.534195;6.026090;4.182982;3.856249;3.383383;3.011663;2.149075;2.541660;4.015308;3.434690;4.753242;3.883159;4.180410;2.646994;3.405893;2.613971;5.466054;3.605086;4.964233;6.183724;6.079955;9.304359;5.596768;4.554413;9.102386;5.188159;4.723095;4.882162;7.458663;6.485920;7.219326;7.052021;8.912053;8.854969;7.040938;5.360006;5.078330;8.925628;5.298678;4.247151;8.194984;7.109965;6.064724;6.058154;6.531785;7.229840;9.004397;7.273585;7.080936;5.207561;7.924563;7.387904;8.734267;3.682568;4.270145;7.051332;8.434857;5.878403;6.764247;7.147910;8.836934;8.135118;9.375048;7.070965;3.267441;7.487643;4.534874;8.041241;3.793998;7.409486;8.671421;7.485055;5.074571;5.979794;5.933898;9.247485;8.574952;7.022626;3.654061
0.420000;-4.661999;2.909086;3.488983;3.522916;2.981250;3.349774;1.823236;3.138630;4.112350;1.568745;5.325900;1.702269;3.266618;2.329983;3.615783;4.047007;2.621968;1.868237;2.939008;3.783884;5.341224;2.799726;3.811669;4.120746;1.662482;3.874375;3.454811;2.670735;3.495506;2.959966;4.814399;2.985930;4.504057;4.889081;4.790253;1.902729;2.965734;1.332501;3.555774;5.659079;4.920473;1.506388;5.123875;1.913570;5.008531;3.263361;4.030863;4.400173;5.593208;3.653835;2.751541;5.377409;2.705105;1.806917;3.108451;3.363219;3.827824;4.582326;1.859694;5.104246;1.349422;2.690249;1.683678;2.586416;4.126974;4.792739;3.450830;4.082968;3.188208;4.744381;5.118580;3.798409;4.270030;3.237739;2.104904;4.534267;2.143894;1.532172;1.575488;5.032833;1.852658;2.443222;4.163446;4.818589;1.497212;4.110904;2.757591;1.690218;4.311697;4.750854;4.878879;3.151003;4.750491;1.475836;3.607781;3.954932;1.618156;5.529964;6.022101;4.182400;3.853140;3.374108;3.009741;2.147030;2.540243;4.013566;3.432375;4.752147;3.882731;4.177683;2.646994;3.403980;2.612259;5.463969;3.600991;5.005035;6.182338;6.081896;9.303169;5.596573;4.553628;9.100023;5.185495;4.722362;4.882727;7.450133;6.489635;7.214151;7.045221;8.908652;8.851822;7.039790;5.358633;5.075091;8.921936;5.298676;4.211697;8.196462;7.098688;6.063629;6.051960;6.528602;7.222551;9.003042;7.273589;7.080683;5.206869;7.920964;7.385654;8.742990;3.678354;4.267133;7.049880;8.433140;5.876970;6.756415;7.146745;8.836105;8.128104;9.372641;7.068417;3.267441;7.485431;4.528781;8.040575;3.792103;7.405410;8.666883;7.481229;5.073745;5.973928;5.930805;9.243197;8.570753;7.022290;3.654060
0.420000;-5.618134;2.895254;3.496645;3.529462;2.987367;3.360733;1.819347;3.158956;4.116064;1.575552;5.330770;1.708000;3.276190;2.332314;3.620101;4.060947;2.621968;1.877908;2.943715;3.795950;5.348635;2.808634;3.814325;4.127192;1.671130;3.869575;3.462764;2.687279;3.504822;2.966802;4.814399;2.999083;4.508862;4.893103;4.792653;1.907933;2.974458;1.336395;3.567587;5.676404;4.928274;1.508928;5.127482;1.918078;5.020565;3.267096;4.032817;4.404193;5.603837;3.657083;2.759061;5.388166;2.709122;1.811759;3.117606;3.371787;3.837350;4.611887;1.865713;5.112793;1.349302;2.701385;1.692705;2.585182;4.133139;4.801534;3.456229;4.094495;3.191381;4.744717;5.126321;3.798409;4.285461;3.248973;2.111041;4.546766;2.151489;1.532491;1.577880;5.043050;1.858741;2.441515;4.165433;4.823615;1.500043;4.122239;2.762985;1.686777;4.313019;4.768043;4.887469;3.161633;4.752633;1.469396;3.611346;3.960325;1.623583;5.546082;6.037275;4.184612;3.864955;3.371932;3.017055;2.154811;2.545627;4.020193;3.441177;4.756315;3.884362;4.188051;2.646994;3.411268;2.618762;5.471893;3.616578;4.979768;6.187613;6.080108;9.307690;5.597312;4.556616;9.109007;5.195622;4.725152;4.882173;7.450536;6.484269;7.233956;7.046272;8.921587;8.863782;7.044159;5.358409;5.087405;8.935959;5.298678;4.226048;8.194779;7.108470;6.067793;6.075916;6.540698;7.251297;9.008199;7.273582;7.081644;5.209502;7.934628;7.394193;8.733343;3.678803;4.278575;7.055410;8.439686;5.882418;6.787746;7.151202;8.839260;8.155586;9.381783;7.078095;3.267442;7.485193;4.552353;8.043109;3.799313;7.420911;8.684173;7.495759;5.076884;5.996519;5.942548;9.259518;8.586740;7.023571;3.654062
0.580000;-6.246936;3.004664;3.492992;3.526301;2.984400;3.355704;1.820420;3.150620;4.114216;1.572276;5.328377;1.705210;3.271728;2.334410;3.629442;4.054769;2.351205;1.873403;2.941394;3.790484;5.345091;2.804448;3.812989;4.124078;1.667055;3.865003;3.458984;2.680177;3.500464;2.963513;4.814399;2.993202;4.506499;4.891110;4.791443;1.902310;2.970348;1.334461;3.562218;5.669039;4.924561;1.507650;5.125685;1.915854;5.015111;3.265239;4.031828;4.402200;5.598943;3.655459;2.755470;5.383216;2.707130;1.809378;3.113319;3.367742;3.831440;4.636674;1.862791;5.108758;1.354119;2.696285;1.688468;2.601576;4.130152;4.797395;3.453592;4.089242;3.189795;4.743036;5.122633;3.798409;4.278747;3.243833;2.108067;4.541131;2.147866;1.534328;1.576674;5.038321;1.855790;2.443239;4.164428;4.821149;1.498622;4.117061;2.760347;1.687176;4.311430;4.760718;4.883416;3.156734;4.751550;1.466424;3.609571;3.957689;1.620931;5.539127;6.030654;4.183495;3.859586;3.371804;3.013555;2.151106;2.542996;4.016997;3.437034;4.754251;3.883534;4.183259;2.646994;3.407775;2.615622;5.468125;3.609808;4.960676;6.185028;6.080341;9.305461;5.596933;4.555119;9.104788;5.190927;4.723751;4.893113;7.450598;6.490740;7.225780;7.047085;8.915787;8.858353;7.042001;5.359535;5.081839;8.929746;5.298678;4.365678;8.194587;7.108499;6.065732;6.066501;6.535218;7.240560;9.005668;7.273585;7.081152;5.208178;7.928553;7.390161;8.739681;3.680621;4.273350;7.052711;8.436525;5.879757;6.776316;7.148998;8.837682;8.145186;9.377495;7.073582;3.267442;7.490333;4.543039;8.041831;3.795858;7.414169;8.676816;7.489366;5.075313;5.987494;5.937201;9.252492;8.579830;7.022916;3.654060
0.580000;-4.934785;2.883439;3.493078;3.526421;2.984528;3.355615;1.832362;3.149589;4.114353;1.572385;5.328515;1.705342;3.271728;2.328777;3.615002;4.054439;2.621968;1.873392;2.941537;3.790314;5.345188;2.804477;3.813105;4.124197;1.667098;3.970256;3.459054;2.679580;3.500476;2.963626;4.814400;2.992942;4.506639;4.891246;4.791552;1.918520;2.970390;1.334599;3.562069;5.668352;4.924642;1.507762;5.125819;1.915995;5.014940;3.265373;4.031922;4.402339;5.598873;3.655587;2.755562;5.383144;2.707268;1.809519;3.113333;3.367793;3.855025;4.643018;1.862920;5.108809;1.352080;2.696182;1.688495;2.581083;4.130279;4.797430;3.453728;4.089109;3.189922;4.743100;5.122716;3.798409;4.278266;3.243725;2.108193;4.540928;2.147953;1.541142;1.576782;5.038275;1.855917;2.447000;4.164522;4.821287;1.498742;4.116940;2.760483;1.748978;4.318364;4.760054;4.883465;3.156669;4.751651;1.475836;3.609703;3.957828;1.621067;5.538569;6.030201;4.183598;3.859433;3.371812;3.013650;2.151187;2.543134;4.017115;3.437070;4.754391;3.883615;4.183204;2.646994;3.407874;2.615740;5.468203;3.609316;4.978350;6.185171;6.080033;9.305605;5.596974;4.555242;9.104819;5.190896;4.723870;4.882301;7.450694;6.500243;7.224816;7.051326;8.915549;8.858196;7.042140;5.358881;5.081652;8.929427;5.298678;4.237719;8.198367;7.101289;6.065873;6.065056;6.535047;7.238647;9.005810;7.273585;7.081206;5.208293;7.928256;7.390215;8.733341;3.689000;4.273229;7.052848;8.436644;5.879895;6.774256;7.149143;8.837809;8.143382;9.377518;7.073582;3.267441;7.484396;4.541644;8.041946;3.795960;7.413687;8.676148;7.488985;5.075439;5.986214;5.937063;9.251926;8.579294;7.022985;3.654060
0.580000;-3.661620;3.156867;3.495654;3.528576;2.986526;3.359492;1.825122;3.157490;4.115507;1.574642;5.330070;1.707202;3.275041;2.338226;3.620188;4.059557;2.352261;1.876749;2.943032;3.794644;5.347669;2.807542;3.813911;4.126319;1.670053;3.890656;3.461743;2.685820;3.503694;2.965889;4.814400;2.997724;4.508170;4.892508;4.792275;1.904285;2.973374;1.335816;3.566294;5.674936;4.927270;1.508531;5.126940;1.917421;5.019262;3.266536;4.032506;4.403598;5.602616;3.656587;2.758082;5.386936;2.708527;1.811061;3.116488;3.370715;3.828689;4.614674;1.864885;5.111723;1.349310;2.700132;1.691598;2.584628;4.132295;4.800451;3.455469;4.093222;3.190896;4.742193;5.125322;3.798409;4.284026;3.247715;2.110199;4.545437;2.150506;1.705542;1.577503;5.041858;1.857905;2.450003;4.165116;4.822895;1.499605;4.120977;2.762225;1.686175;4.311677;4.766572;4.886397;3.160411;4.752294;1.475836;3.610808;3.959564;1.622820;5.544629;6.035845;4.184260;3.863664;3.371850;3.016095;2.153808;2.544868;4.019300;3.440085;4.755701;3.884098;4.186848;2.646994;3.410312;2.617883;5.470877;3.615137;4.999674;6.186865;6.083817;9.307033;5.597188;4.556155;9.107904;5.194431;4.724719;4.883412;7.450418;6.485435;7.232480;7.046222;8.920239;8.862481;7.043519;5.369670;5.086083;8.934565;5.298677;4.212546;8.208485;7.099217;6.067175;6.074548;6.539389;7.250203;9.007463;7.273585;7.081485;5.209092;7.933253;7.393122;8.738624;3.679389;4.277301;7.054635;8.438802;5.881651;6.786882;7.150550;8.838778;8.154397;9.380662;7.076936;3.267442;7.484271;4.550962;8.042712;3.798362;7.419468;8.682705;7.494343;5.076402;5.995091;5.941255;9.258061;8.585289;7.023362;3.654061
0.580000;-4.534989;2.926171;3.489457;3.523414;2.981748;3.349989;1.822832;3.136445;4.112763;1.569240;5.326372;1.702763;3.266978;2.334424;3.626512;4.046731;2.621968;1.868585;2.939474;3.783947;5.341706;2.800136;3.811999;4.121245;1.662912;3.865139;3.455275;2.669826;3.495885;2.960462;4.814399;2.985808;4.504525;4.889513;4.790558;1.905018;2.966156;1.332926;3.555876;5.657941;4.920943;1.506707;5.124280;1.914026;5.008596;3.263775;4.031122;4.400605;5.593462;3.654214;2.752022;5.377649;2.705537;1.807388;3.108842;3.363650;3.833501;4.643130;1.860191;5.104679;1.363220;2.690445;1.684080;2.580292;4.127472;4.793149;3.451318;4.083109;3.188583;4.746830;5.119051;3.798409;4.269415;3.237918;2.105403;4.534261;2.144365;1.564342;1.575792;5.033135;1.853156;2.442411;4.163709;4.819064;1.497557;4.111070;2.758075;1.752524;4.311476;4.749760;4.879310;3.151257;4.750771;1.470368;3.608184;3.955420;1.618642;5.529165;6.021551;4.182685;3.853239;3.371953;3.010225;2.147498;2.540731;4.014062;3.432792;4.752587;3.882953;4.177969;2.646994;3.404461;2.612755;5.464435;3.600337;4.964109;6.182823;6.080350;9.303630;5.596682;4.553987;9.100430;5.185803;4.722703;4.889576;7.469463;6.493935;7.212171;7.054862;8.908566;8.851901;7.040240;5.360080;5.075113;8.921646;5.298676;4.209656;8.215978;7.119233;6.064070;6.048137;6.528659;7.215932;9.003524;7.273582;7.080821;5.207195;7.920755;7.386091;8.733345;3.678297;4.267285;7.050373;8.433639;5.877458;6.747998;7.147195;8.836478;8.122309;9.373037;7.068770;3.267442;7.485187;4.525138;8.040893;3.792589;7.404783;8.665757;7.480834;5.074117;5.970771;5.930917;9.242348;8.570000;7.022469;3.654060
0.580000;-5.935185;2.938226;3.494094;3.527255;2.985295;3.357210;1.830787;3.153132;4.114776;1.573265;5.329100;1.706051;3.273061;2.328873;3.623051;4.056618;2.575715;1.874752;2.942098;3.792120;5.346161;2.805705;3.813396;4.125017;1.668277;3.888759;3.460119;2.682302;3.501774;2.964504;4.814400;2.994959;4.507212;4.891714;4.791811;1.931530;2.971582;1.335048;3.563826;5.671239;4.925679;1.508038;5.126230;1.916526;5.016743;3.265801;4.032129;4.402803;5.600410;3.655952;2.756553;5.384702;2.707734;1.810099;3.114603;3.368957;3.826097;4.581494;1.863674;5.109971;1.352458;2.697812;1.689740;2.580041;4.131053;4.798638;3.454388;4.090813;3.190276;4.748575;5.123743;3.798409;4.280754;3.245373;2.108964;4.542818;2.148954;1.606045;1.577040;5.039740;1.856681;2.455070;4.164733;4.821895;1.499054;4.118611;2.761146;1.687281;4.312597;4.762912;4.884634;3.158204;4.751880;1.475836;3.610108;3.958485;1.621731;5.541208;6.032631;4.183835;3.861193;3.373038;3.014608;2.152221;2.543792;4.017961;3.438277;4.754876;3.883785;4.184692;2.646994;3.408830;2.616567;5.469259;3.611835;4.961883;6.185811;6.080639;9.306139;5.597049;4.555573;9.106054;5.192336;4.724174;4.882118;7.459803;6.532806;7.228244;7.059724;8.917520;8.859983;7.042653;5.361443;5.083505;8.931607;5.298677;4.209645;8.200859;7.100125;6.066357;6.069401;6.536859;7.244032;9.006433;7.273589;7.081301;5.208580;7.930374;7.391373;8.734335;3.679013;4.274917;7.053526;8.437479;5.880563;6.780165;7.149663;8.838160;8.148492;9.378785;7.074943;3.267442;7.490736;4.545892;8.042222;3.796900;7.416186;8.679020;7.491280;5.075789;5.990245;5.938806;9.254597;8.581896;7.023116;3.654061
0.580000;-5.059096;2.877651;3.500584;3.532804;2.990484;3.366488;1.819565;3.170519;4.117935;1.579034;5.333236;1.710915;3.281170;2.328398;3.623859;4.068432;2.347374;1.882939;2.946094;3.802334;5.352441;2.813246;3.815658;4.130482;1.675595;3.887764;3.466851;2.696357;3.509662;2.970298;4.814400;3.006098;4.511294;4.895133;4.793856;1.903384;2.978971;1.338361;3.573825;5.685968;4.932288;1.510201;5.129299;1.920357;5.026931;3.268979;4.033796;4.406223;5.609405;3.658716;2.762923;5.393806;2.711150;1.814211;3.122354;3.376213;3.866885;4.578756;1.868780;5.117209;1.349329;2.707237;1.697383;2.586123;4.136282;4.806078;3.458973;4.100570;3.192976;4.741611;5.130301;3.798409;4.293846;3.254883;2.114169;4.553401;2.155393;1.581357;1.579082;5.048386;1.861842;2.551426;4.166427;4.826162;1.501465;4.128203;2.765723;1.718777;4.314845;4.777528;4.891908;3.167201;4.753706;1.469741;3.613142;3.963063;1.626339;5.554895;6.045505;4.185719;3.871194;3.379388;3.020806;2.158814;2.548361;4.023579;3.445727;4.758420;3.885177;4.193473;2.646994;3.415004;2.622085;5.475969;3.625066;5.009116;6.190289;6.080650;9.309976;5.597680;4.558118;9.113662;5.200908;4.726552;4.882491;7.461373;6.484644;7.245164;7.051548;8.928483;8.870101;7.046366;5.362289;5.093933;8.943490;5.298676;4.213674;8.195952;7.098378;6.069894;6.090088;6.547100;7.269275;9.010812;7.273585;7.082126;5.210823;7.941947;7.398605;8.747190;3.686834;4.284600;7.058219;8.443027;5.885188;6.807975;7.153455;8.840847;8.172511;9.386524;7.083134;3.267442;7.499395;4.566238;8.044380;3.803012;7.429342;8.693737;7.503597;5.078461;6.009676;5.948746;9.268462;8.595469;7.024211;3.654061
0.580000;-5.258254;2.875413;3.490178;3.523995;2.982279;3.351197;1.824713;3.139751;4.113046;1.569854;5.326768;1.703249;3.267961;2.339362;3.651274;4.048481;2.600063;1.869590;2.939852;3.785342;5.342393;2.801029;3.812189;4.121815;1.663764;3.878859;3.456027;2.672141;3.496832;2.961078;4.814400;2.987405;4.504914;4.889824;4.790727;1.908143;2.967021;1.333226;3.557225;5.660442;4.921681;1.506887;5.124553;1.914386;5.009989;3.264059;4.031257;4.400917;5.594614;3.654455;2.752724;5.378823;2.705847;1.807781;3.109768;3.364493;3.826993;4.588990;1.860712;5.105518;1.349438;2.691679;1.684988;2.615517;4.128010;4.794028;3.451770;4.084410;3.188817;4.741623;5.119783;3.798409;4.271481;3.239171;2.105936;4.535733;2.145077;1.529739;1.575961;5.034219;1.853683;2.483483;4.163846;4.819474;1.497761;4.112336;2.758528;1.691298;4.322276;4.752233;4.880155;3.152410;4.750918;1.465380;3.608453;3.955871;1.619096;5.531388;6.023560;4.182840;3.854590;3.373701;3.010900;2.148232;2.541181;4.014655;3.433666;4.752912;3.883063;4.179077;2.646994;3.405131;2.613332;5.465187;3.602435;5.399175;6.183261;6.082927;9.303989;5.596728;4.554204;9.101330;5.186877;4.722904;4.881921;7.457674;6.483905;7.215332;7.045641;8.910119;8.853279;7.040586;5.359004;5.076551;8.923419;5.298678;4.213996;8.194854;7.099151;6.064395;6.052599;6.530061;7.222268;9.003950;7.273582;7.080884;5.207383;7.922441;7.386928;8.733671;3.679364;4.268572;7.050836;8.434214;5.877915;6.755520;7.147550;8.836710;8.128108;9.373960;7.069774;3.267442;7.484214;4.529475;8.041073;3.793252;7.406864;8.668251;7.482705;5.074347;5.974772;5.932257;9.244617;8.572186;7.022553;3.654061
0.580000;-5.043026;2.878079;3.494411;3.527578;2.985615;3.357416;1.819523;3.152230;4.115031;1.573586;5.329396;1.706367;3.273336;2.328981;3.620382;4.056594;2.442993;1.875022;2.942388;3.792255;5.346482;2.805999;3.813596;4.125338;1.668580;3.866084;3.460436;2.681979;3.502052;2.964828;4.814400;2.995006;4.507509;4.891980;4.791996;1.902316;2.971882;1.335310;3.563979;5.670812;4.925996;1.508232;5.126480;1.916811;5.016881;3.266056;4.032286;4.403071;5.600631;3.656184;2.756872;5.384919;2.708003;1.810393;3.114889;3.369261;3.834777;4.579131;1.863991;5.110275;1.349374;2.698009;1.690030;2.591314;4.131373;4.798938;3.454697;4.090986;3.190504;4.741425;5.124062;3.787651;4.280569;3.245564;2.109283;4.542921;2.149273;1.550602;1.577226;5.039983;1.857000;2.451290;4.164892;4.822195;1.499263;4.118794;2.761455;1.702576;4.313058;4.762504;4.884938;3.158427;4.752048;1.475125;3.610356;3.958793;1.622041;5.540940;6.032480;4.184006;3.861345;3.374609;3.014931;2.152538;2.544100;4.018283;3.438576;4.755148;3.883919;4.184930;2.646994;3.409148;2.616891;5.469574;3.611629;5.011905;6.186114;6.080125;9.306421;5.597115;4.555793;9.106348;5.192583;4.724384;4.882071;7.462894;6.484352;7.227432;7.060689;8.917590;8.860124;7.042933;5.358490;5.083625;8.931581;5.298678;4.234904;8.209459;7.133736;6.066628;6.067800;6.536994;7.241353;9.006739;7.273585;7.081385;5.208778;7.930372;7.391678;8.743144;3.679076;4.275094;7.053837;8.437802;5.880873;6.776875;7.149950;8.838389;8.146122;9.379072;7.075207;3.267442;7.487226;4.544376;8.042416;3.797221;7.415993;8.678604;7.491194;5.076018;5.988925;5.938963;9.254303;8.581646;7.023224;3.654061
0.580000;-6.468973;3.061304;3.504772;3.536325;2.993753;3.372769;1.826061;3.183761;4.119852;1.582711;5.335793;1.713961;3.286541;2.328511;3.616447;4.076757;2.621968;1.888377;2.948557;3.809355;5.356476;2.818203;3.817008;4.133944;1.680389;3.965329;3.471217;2.706599;3.514878;2.973990;4.814399;3.013863;4.513815;4.897216;4.795070;1.907781;2.983813;1.340377;3.580675;5.696817;4.936560;1.511490;5.131158;1.922710;5.033931;3.270905;4.034780;4.408308;5.615462;3.660382;2.767025;5.399950;2.713234;1.816751;3.127467;3.380958;3.846185;4.578110;1.871994;5.121941;1.353118;2.713632;1.702415;2.590816;4.139579;4.810971;3.461827;4.107231;3.194600;4.752112;5.134537;3.798409;4.303254;3.261344;2.117450;4.560719;2.159544;1.645830;1.580290;5.054179;1.865090;2.441874;4.167425;4.828811;1.502906;4.134737;2.768584;1.687923;4.359924;4.788259;4.896667;3.173263;4.754786;1.467012;3.614978;3.965916;1.629211;5.564812;6.054725;4.186835;3.878047;3.378281;3.024787;2.163073;2.551209;4.027148;3.450618;4.760586;3.885992;4.199353;2.646994;3.418967;2.625577;5.480317;3.634591;5.080640;6.193074;6.079983;9.312340;5.598045;4.559643;9.118671;5.206641;4.727972;4.886876;7.455860;6.488292;7.257975;7.045547;8.936109;8.877049;7.048641;5.358691;5.101124;8.951883;5.298677;4.221561;8.194795;7.098364;6.072058;6.106482;6.554144;7.290184;9.013525;7.273589;7.082602;5.212159;7.950074;7.403328;8.734050;3.678447;4.291200;7.061151;8.446561;5.888069;6.831508;7.155782;8.842463;8.192169;9.391628;7.088577;3.267441;7.484185;4.582290;8.045667;3.806929;7.438800;8.704557;7.512337;5.080067;6.024849;5.955545;9.278539;8.605291;7.024849;3.654061
0.580000;-5.361925;2.877764;3.499788;3.532116;2.989837;3.365382;1.820291;3.168683;4.117535;1.578320;5.332716;1.710307;3.280193;2.330709;3.619154;4.067068;2.621312;1.881949;2.945590;3.801131;5.351665;2.812329;3.815369;4.129804;1.674706;3.877530;3.466024;2.694789;3.508708;2.969582;4.814400;3.004798;4.510783;4.894698;4.793593;1.904748;2.978070;1.337940;3.572645;5.684339;4.931476;1.509924;5.128908;1.919873;5.025731;3.268574;4.033582;4.405790;5.608327;3.658364;2.762139;5.392718;2.710719;1.813693;3.121412;3.375328;3.826112;4.608940;1.868144;5.116326;1.349318;2.706115;1.696455;2.605527;4.135630;4.805182;3.458396;4.099417;3.192632;4.746984;5.129495;3.798409;4.292365;3.253752;2.113521;4.552161;2.154600;1.574739;1.578817;5.047348;1.861197;2.441532;4.166209;4.825628;1.501157;4.127065;2.765155;1.703716;4.321367;4.775911;4.891022;3.166126;4.753471;1.474414;3.612757;3.962488;1.625762;5.553351;6.044042;4.185477;3.870013;3.404800;3.020044;2.158005;2.547788;4.022882;3.444822;4.757971;3.884997;4.192414;2.646994;3.414242;2.621397;5.475147;3.623570;5.051344;6.189727;6.081569;9.309494;5.597598;4.557793;9.112742;5.199879;4.726248;4.884338;7.459261;6.509230;7.243363;7.046918;8.927205;8.868911;7.045897;5.358849;5.092712;8.942122;5.298677;4.223319;8.210212;7.098628;6.069448;6.088060;6.545894;7.267067;9.010262;7.273585;7.082018;5.210536;7.940612;7.397724;8.738589;3.680616;4.283452;7.057633;8.442346;5.884605;6.805725;7.152977;8.840505;8.170335;9.385590;7.082141;3.267442;7.484176;4.564222;8.044105;3.802259;7.427853;8.692120;7.502186;5.078119;6.007713;5.947569;9.266911;8.593944;7.024070;3.654061
0.580000;-5.491550;2.884656;3.492587;3.525971;2.984096;3.355042;1.819689;3.148872;4.114048;1.571931;5.328145;1.704928;3.271180;2.328403;3.619986;4.053825;2.534353;1.872846;2.941175;3.789723;5.344707;2.803951;3.812873;4.123752;1.666577;3.878597;3.458559;2.678936;3.499938;2.963165;4.814400;2.992334;4.506273;4.890925;4.791337;1.902327;2.969867;1.334285;3.561481;5.667699;4.924147;1.507539;5.125523;1.915642;5.014354;3.265068;4.031744;4.402014;5.598308;3.655313;2.755076;5.382575;2.706946;1.809150;3.112803;3.367274;3.830890;4.578238;1.862494;5.108290;1.349585;2.695609;1.687964;2.585323;4.129845;4.796910;3.453331;4.088532;3.189652;4.743338;5.122224;3.798409;4.277639;3.243148;2.107760;4.540329;2.147464;1.666183;1.576570;5.037721;1.855489;2.443969;4.164342;4.820908;1.498497;4.116366;2.760089;1.716818;4.341169;4.759399;4.882946;3.156102;4.751459;1.475836;3.609408;3.957429;1.620668;5.537935;6.029571;4.183399;3.858846;3.376318;3.013172;2.150690;2.542737;4.016660;3.436547;4.754059;3.883464;4.182645;2.646994;3.407398;2.615294;5.467703;3.608677;5.001288;6.184775;6.081010;9.305250;5.596903;4.554987;9.104285;5.190338;4.723629;4.882247;7.450640;6.483547;7.224110;7.090213;8.914936;8.857604;7.041796;5.360709;5.081055;8.928790;5.298677;4.242645;8.207633;7.107219;6.065538;6.064184;6.534455;7.237422;9.005425;7.273589;7.081112;5.208061;7.927639;7.389691;8.735028;3.687937;4.272649;7.052442;8.436192;5.879493;6.772714;7.148792;8.837543;8.142277;9.376986;7.073031;3.267442;7.485225;4.540793;8.041725;3.795482;7.413052;8.675476;7.488358;5.075174;5.985402;5.936474;9.251278;8.578653;7.022863;3.654062
0.580000;-4.466853;2.937153;3.489177;3.523215;2.981576;3.349368;1.824313;3.133938;4.112706;1.569025;5.326268;1.702614;3.266517;2.336845;3.626403;4.045664;2.621968;1.868121;2.939376;3.783175;5.341443;2.799746;3.811972;4.121051;1.662546;3.908756;3.454970;2.668255;3.495456;2.960244;4.814400;2.984875;4.504426;4.889446;4.790535;1.902350;2.965782;1.332860;3.555139;5.656204;4.920650;1.506681;5.124227;1.913939;5.007830;3.263717;4.031108;4.400536;5.592883;3.654171;2.751753;5.377053;2.705468;1.807286;3.108426;3.363290;3.832403;4.584181;1.860025;5.104321;1.372803;2.689802;1.683676;2.581491;4.127300;4.792785;3.451189;4.082414;3.188542;4.745754;5.118765;3.756518;4.268074;3.237260;2.105230;4.533424;2.144092;1.531541;1.575770;5.032603;1.852987;2.444658;4.163695;4.818954;1.497526;4.110401;2.757947;1.701888;4.311760;4.748044;4.878948;3.150676;4.750754;1.466790;3.608132;3.955290;1.618511;5.527693;6.020259;4.182669;3.852505;3.373632;3.009972;2.147208;2.540601;4.013860;3.432414;4.752513;3.882944;4.177420;2.646994;3.404212;2.612561;5.464133;3.598959;4.978332;6.182697;6.084007;9.303536;5.596680;4.553951;9.100025;5.185282;4.722672;4.892272;7.456768;6.483445;7.209805;7.064412;8.907658;8.851141;7.040159;5.363930;5.074302;8.920563;5.298676;4.269843;8.194616;7.098366;6.063993;6.044482;6.527881;7.210438;9.003407;7.273582;7.080818;5.207169;7.919724;7.385731;8.733356;3.681928;4.266600;7.050233;8.433434;5.877325;6.741347;7.147111;8.836437;8.117343;9.372618;7.068293;3.267442;7.492654;4.521611;8.040869;3.792344;7.403417;8.664001;7.479659;5.074076;5.967570;5.930188;9.240820;8.568542;7.022462;3.654061
0.580000;-6.105100;2.970080;3.496279;3.529108;2.987022;3.360435;1.820805;3.159862;4.115809;1.575193;5.330463;1.707666;3.275839;2.330270;3.633624;4.060852;2.593710;1.877559;2.943413;3.795710;5.348272;2.808276;3.814130;4.126841;1.670764;3.866554;3.462393;2.687493;3.504473;2.966444;4.814400;2.998913;4.508559;4.892834;4.792472;1.907519;2.974097;1.336133;3.567330;5.676727;4.927908;1.508740;5.127233;1.917785;5.020322;3.266841;4.032668;4.403924;5.603525;3.656853;2.758698;5.387858;2.708852;1.811454;3.117249;3.371423;3.839488;4.586836;1.865373;5.112429;1.351939;2.701093;1.692348;2.579782;4.132794;4.801172;3.455904;4.094223;3.191155;4.743371;5.125955;3.798359;4.285524;3.248688;2.110698;4.546554;2.151125;1.530761;1.577700;5.042721;1.858396;2.442110;4.165280;4.823301;1.499838;4.121954;2.762663;1.712006;4.312909;4.768352;4.887107;3.161320;4.752470;1.465382;3.611099;3.960000;1.623256;5.546231;6.037311;4.184443;3.864698;3.379401;3.016690;2.154443;2.545304;4.019837;3.440812;4.756037;3.884234;4.187724;2.646994;3.410904;2.618409;5.471525;3.616668;5.094521;6.187291;6.085413;9.307402;5.597251;4.556401;9.108652;5.195292;4.724947;4.888080;7.463631;6.505904;7.234753;7.063093;8.921415;8.863535;7.043873;5.358385;5.087181;8.935881;5.298676;4.239071;8.196977;7.099182;6.067517;6.077806;6.540459;7.254973;9.007883;7.273589;7.081566;5.209308;7.934513;7.393830;8.738406;3.683914;4.278299;7.055080;8.439334;5.882094;6.792667;7.150913;8.839037;8.158731;9.381429;7.077758;3.267441;7.484386;4.554125;8.042922;3.798951;7.420990;8.684512;7.495728;5.076660;5.997999;5.942289;9.259707;8.586878;7.023467;3.654062
0.580000;-4.423175;2.948277;3.498061;3.530594;2.988396;3.363162;1.821617;3.165749;4.116597;1.576747;5.331526;1.708942;3.278159;2.328766;3.620193;4.064514;2.452130;1.879912;2.944435;3.798774;5.349986;2.810404;3.814678;4.128300;1.672816;3.945162;3.464257;2.692028;3.506718;2.968005;4.814400;3.002329;4.509604;4.893693;4.792965;1.904434;2.976172;1.336961;3.570318;5.681536;4.929729;1.509261;5.127994;1.918762;5.023382;3.267632;4.033063;4.404785;5.606153;3.657534;2.760440;5.390524;2.709713;1.812509;3.119450;3.373455;3.826198;4.593137;1.866721;5.114456;1.349462;2.703873;1.694509;2.580468;4.134181;4.803269;3.457098;4.097125;3.191819;4.741934;5.127759;3.772527;4.289682;3.251498;2.112077;4.549754;2.152889;1.533905;1.578192;5.045228;1.859764;2.455023;4.165684;4.824404;1.500424;4.124797;2.763854;1.693820;4.314538;4.773108;4.889144;3.163947;4.752907;1.467776;3.611852;3.961192;1.624457;5.550630;6.041381;4.184896;3.867687;3.373887;3.018380;2.156262;2.546493;4.021347;3.442912;4.756933;3.884562;4.190274;2.646994;3.412584;2.619884;5.473379;3.620876;4.965821;6.188453;6.079873;9.308379;5.597396;4.557024;9.110799;5.197770;4.725524;4.887341;7.454068;6.489667;7.240440;7.049546;8.924749;8.866566;7.044814;5.358719;5.090322;8.939557;5.298678;4.222085;8.204536;7.104198;6.068410;6.085068;6.543533;7.264155;9.009011;7.273589;7.081756;5.209851;7.938078;7.395854;8.743388;3.678286;4.281172;7.056306;8.440825;5.883297;6.802902;7.151869;8.839695;8.167385;9.383618;7.080101;3.267442;7.496562;4.561235;8.043443;3.800613;7.425163;8.689304;7.499574;5.077314;6.004728;5.945246;9.264162;8.591220;7.023724;3.654061
0.580000;-4.930850;2.884293;3.495556;3.528455;2.986399;3.359586;1.824457;3.159519;4.115390;1.574525;5.329939;1.707072;3.275029;2.331889;3.614663;4.060018;2.621968;1.876747;2.942902;3.794853;5.347562;2.807489;3.813819;4.126193;1.669993;3.868565;3.461653;2.686774;3.503670;2.965772;4.814400;2.998064;4.508041;4.892386;4.792188;1.903571;2.973319;1.335697;3.566475;5.676069;4.927179;1.508440;5.126824;1.917293;5.019465;3.266419;4.032433;4.403477;5.602684;3.656480;2.757981;5.387014;2.708405;1.810932;3.116453;3.370653;3.829441;4.585921;1.864756;5.111661;1.351383;2.700242;1.691556;2.583498;4.132167;4.800389;3.455338;4.093368;3.190790;4.741777;5.125228;3.798409;4.284743;3.247836;2.110072;4.545698;2.150403;1.573360;1.577419;5.041887;1.857775;2.463962;4.165042;4.822765;1.499508;4.121101;2.762093;1.723426;4.313941;4.767679;4.886335;3.160480;4.752215;1.475836;3.610694;3.959433;1.622687;5.545489;6.036517;4.184179;3.863841;3.371847;3.015989;2.153715;2.544736;4.019180;3.440032;4.755577;3.884036;4.186891;2.646994;3.410201;2.617758;5.470788;3.615895;4.992143;6.186732;6.083376;9.306906;5.597159;4.556055;9.107863;5.194463;4.724621;4.883087;7.450820;6.484293;7.234340;7.048059;8.920559;8.862679;7.043393;5.358376;5.086323;8.935043;5.298676;4.209905;8.195312;7.125987;6.067055;6.078086;6.539601;7.256519;9.007334;7.273589;7.081448;5.208999;7.933675;7.393063;8.734616;3.678438;4.277444;7.054502;8.438678;5.881520;6.795115;7.150423;8.838673;8.159883;9.380634;7.076942;3.267442;7.485705;4.554328;8.042622;3.798256;7.420209;8.683849;7.494906;5.076299;5.998013;5.941430;9.258973;8.586125;7.023311;3.654061
0.580000;-4.763542;2.898599;3.499142;3.531525;2.989270;3.364655;1.819854;3.168177;4.117139;1.577715;5.332231;1.709765;3.279478;2.330366;3.616829;4.066339;2.616030;1.881242;2.945116;3.800392;5.351032;2.811642;3.815068;4.129219;1.674022;3.887589;3.465371;2.694119;3.508005;2.968976;4.814400;3.004064;4.510301;4.894276;4.793319;1.961264;2.977388;1.337530;3.571907;5.683706;4.930826;1.509636;5.128523;1.919414;5.024991;3.268178;4.033353;4.405369;5.607599;3.658009;2.761501;5.391989;2.710296;1.813209;3.120719;3.374650;3.826393;4.579149;1.867583;5.115648;1.349457;2.705381;1.695763;2.583615;4.135062;4.804487;3.457876;4.098683;3.192283;4.741668;5.128848;3.798409;4.291662;3.253018;2.112953;4.551421;2.153963;1.607319;1.578544;5.046629;1.860633;2.451223;4.165977;4.825130;1.500840;4.126335;2.764631;1.687230;4.320923;4.775260;4.890342;3.165397;4.753223;1.483840;3.612373;3.961967;1.625241;5.552672;6.043335;4.185222;3.869275;3.372852;3.019414;2.157355;2.547268;4.022288;3.444134;4.757539;3.884804;4.191691;2.646994;3.413615;2.620809;5.474492;3.622872;4.969395;6.189214;6.081915;9.309032;5.597506;4.557461;9.112049;5.199158;4.725936;4.885491;7.457409;6.483507;7.242827;7.063467;8.926467;8.868173;7.045448;5.367404;5.091967;8.941392;5.298677;4.211777;8.194982;7.135563;6.069013;6.087771;6.545156;7.267150;9.009757;7.273589;7.081899;5.210237;7.939876;7.397044;8.735835;3.683977;4.282717;7.057101;8.441753;5.884080;6.806026;7.152520;8.840158;8.170308;9.384887;7.081430;3.267442;7.486575;4.563917;8.043817;3.801633;7.427154;8.691463;7.501464;5.077776;6.007336;5.946829;9.266229;8.593254;7.023913;3.654061
0.580000;-6.154710;2.982425;3.493388;3.526705;2.984800;3.355963;1.826120;3.149566;4.114537;1.572680;5.328749;1.705604;3.272062;2.338278;3.617197;4.054747;2.621968;1.873733;2.941761;3.790652;5.345493;2.804811;3.813244;4.124481;1.667426;3.871359;3.459375;2.679796;3.500812;2.963917;4.814400;2.993263;4.506869;4.891446;4.791678;1.908911;2.970719;1.334792;3.562408;5.668534;4.924957;1.507895;5.126000;1.916212;5.015280;3.265560;4.032028;4.402536;5.599216;3.655753;2.755871;5.383487;2.707467;1.809749;3.113670;3.368120;3.837505;4.580348;1.863190;5.109134;1.356106;2.696527;1.688827;2.579372;4.130550;4.797760;3.453978;4.089451;3.190084;4.742354;5.123029;3.798409;4.278529;3.244068;2.108467;4.541260;2.148260;1.573560;1.576908;5.038622;1.856188;2.444180;4.164629;4.821525;1.498888;4.117286;2.760738;1.693773;4.340350;4.760239;4.883791;3.157013;4.751766;1.465548;3.609882;3.958073;1.621317;5.538806;6.030471;4.183714;3.859775;3.372896;3.013955;2.151496;2.543383;4.017400;3.437402;4.754594;3.883703;4.183554;2.646994;3.408177;2.616025;5.468517;3.609572;4.974967;6.185415;6.080405;9.305820;5.597015;4.555396;9.105151;5.191237;4.724015;4.882314;7.451735;6.502408;7.224834;7.050483;8.915873;8.858536;7.042353;5.364369;5.081985;8.929723;5.298676;4.212200;8.195824;7.098997;6.066075;6.064657;6.535384;7.237517;9.006051;7.273585;7.081259;5.208429;7.928566;7.390541;8.733309;3.679444;4.273573;7.053102;8.436928;5.880146;6.772609;7.149356;8.837971;8.142474;9.377854;7.073926;3.267442;7.530053;4.541283;8.042079;3.796259;7.413947;8.676323;7.489272;5.075599;5.985961;5.937403;9.252148;8.579535;7.023055;3.654061
0.580000;-4.958634;2.881446;3.487807;3.522003;2.980430;3.347639;1.819202;3.132107;4.111962;1.567772;5.325323;1.701527;3.264920;2.328600;3.614727;4.043746;2.621968;1.866508;2.938459;3.781359;5.340112;2.798222;3.811426;4.119855;1.661053;3.866271;3.453564;2.666291;3.493881;2.958990;4.814400;2.982992;4.503489;4.888647;4.790041;1.920252;2.964280;1.332085;3.553341;5.654243;4.919264;1.506158;5.123502;1.913054;5.006015;3.262969;4.030699;4.399737;5.591180;3.653512;2.750405;5.375341;2.704670;1.806345;3.106874;3.361808;3.826481;4.580697;1.858893;5.102839;1.359365;2.688053;1.682138;2.580133;4.126145;4.791265;3.450154;4.080636;3.187897;4.744617;5.117386;3.798409;4.266118;3.235507;2.104081;4.531578;2.142732;1.552353;1.575275;5.030940;1.851845;2.454306;4.163280;4.817981;1.496945;4.108633;2.756915;1.686590;4.312312;4.746088;4.877462;3.148973;4.750308;1.475836;3.607415;3.954257;1.617472;5.525727;6.018304;4.182208;3.850703;3.373059;3.008650;2.145823;2.539570;4.012638;3.430900;4.751688;3.882602;4.175742;2.646994;3.402893;2.611356;5.462729;3.597001;5.260428;6.181684;6.089810;9.302651;5.596522;4.553342;9.098495;5.183628;4.722099;4.886247;7.454248;6.484815;7.207940;7.045848;8.905789;8.849339;7.039299;5.364051;5.072468;8.918637;5.298676;4.365176;8.195594;7.099519;6.063171;6.043005;6.526063;7.209730;9.002414;7.273593;7.080614;5.206627;7.917826;7.384254;8.733962;3.680525;4.264829;7.049179;8.432221;5.876284;6.741173;7.146236;8.835798;8.116394;9.371069;7.066689;3.267442;7.490910;4.520092;8.040344;3.791036;7.401464;8.662056;7.477721;5.073437;5.965939;5.928397;9.238857;8.566580;7.022192;3.654060
0.580000;-5.798373;2.917535;3.490258;3.524024;2.982291;3.351511;1.819584;3.141462;4.113008;1.569893;5.326746;1.703251;3.268167;2.328347;3.616930;4.049122;2.621968;1.869798;2.939827;3.785767;5.342463;2.801178;3.812147;4.121838;1.663903;3.902936;3.456131;2.673157;3.497016;2.961119;4.814399;2.987949;4.504893;4.889789;4.790687;1.926671;2.967163;1.333188;3.557624;5.661589;4.921770;1.506846;5.124513;1.914357;5.010407;3.264021;4.031219;4.400882;5.594903;3.654413;2.752796;5.379120;2.705813;1.807760;3.109938;3.364625;3.852520;4.623372;1.860720;5.105651;1.349642;2.692010;1.685150;2.580568;4.128025;4.794175;3.451761;4.084780;3.188775;4.742448;5.119866;3.798409;4.272323;3.239512;2.105950;4.536204;2.145154;1.609602;1.575921;5.034469;1.853694;2.458676;4.163808;4.819458;1.497720;4.112689;2.758521;1.693554;4.313143;4.753349;4.880289;3.152696;4.750881;1.465432;3.608414;3.955861;1.619089;5.532335;6.024366;4.182801;3.854989;3.373806;3.010964;2.148323;2.541172;4.014688;3.433815;4.752879;3.883029;4.179340;2.646994;3.405197;2.613361;5.465283;3.603303;4.985708;6.183249;6.079860;9.303961;5.596709;4.554162;9.101491;5.187119;4.722863;4.882762;7.451137;6.483522;7.216927;7.059652;8.910643;8.853692;7.040556;5.358809;5.077001;8.924067;5.298676;4.249202;8.213816;7.126982;6.064362;6.055151;6.530487;7.226191;9.003935;7.273585;7.080860;5.207343;7.923054;7.387055;8.733662;3.685237;4.268934;7.050832;8.434247;5.877909;6.760311;7.147523;8.836670;8.131634;9.374125;7.069983;3.267442;7.494334;4.531931;8.041034;3.793313;7.407712;8.669397;7.483421;5.074305;5.976985;5.932646;9.245593;8.573112;7.022524;3.654061
0.580000;-4.915891;2.884793;3.494439;3.527568;2.985595;3.357619;1.834172;3.153511;4.114982;1.573584;5.329354;1.706338;3.273449;2.329770;3.618617;4.057046;2.621968;1.875142;2.942344;3.792541;5.346496;2.806078;3.813549;4.125328;1.668646;3.875526;3.460474;2.682722;3.502157;2.964826;4.814400;2.995385;4.507464;4.891932;4.791952;1.927720;2.971954;1.335262;3.564244;5.671659;4.926029;1.508185;5.126430;1.916765;5.017161;3.266007;4.032246;4.403022;5.600816;3.656135;2.756894;5.385108;2.707952;1.810352;3.114984;3.369328;3.826555;4.630841;1.863970;5.110339;1.354810;2.698225;1.690119;2.586958;4.131354;4.799008;3.454662;4.091231;3.190455;4.742497;5.124093;3.798409;4.281180;3.245785;2.109263;4.543241;2.149296;1.530216;1.577181;5.040134;1.856980;2.444216;4.164851;4.822155;1.499216;4.119024;2.761420;1.696467;4.352492;4.763329;4.885003;3.158609;4.752007;1.492873;3.610307;3.958759;1.622009;5.541628;6.033060;4.183965;3.861609;3.371859;3.014945;2.152571;2.544065;4.018278;3.438650;4.755102;3.883884;4.185093;2.646994;3.409162;2.616879;5.469613;3.612262;5.066367;6.186080;6.079958;9.306376;5.597095;4.555744;9.106436;5.192734;4.724337;4.882199;7.464539;6.495938;7.228631;7.048259;8.917952;8.860399;7.042887;5.359436;5.083927;8.932039;5.298677;4.258539;8.197919;7.127515;6.066580;6.069715;6.537279;7.244246;9.006700;7.273585;7.081363;5.208732;7.930803;7.391742;8.742143;3.678540;4.275329;7.053806;8.437793;5.880836;6.780333;7.149905;8.838339;8.148739;9.379164;7.075333;3.267441;7.486333;4.546223;8.042370;3.797234;7.416621;8.679444;7.491711;5.075967;5.990587;5.939224;9.255018;8.582322;7.023195;3.654061
0.580000;-4.709825;2.903993;3.495247;3.528269;2.986252;3.358757;1.820596;3.155732;4.115393;1.574309;5.329885;1.706954;3.274449;2.328717;3.618701;4.058489;2.590883;1.876150;2.942859;3.793786;5.347283;2.807010;3.813848;4.126018;1.669553;3.872275;3.461309;2.684458;3.503129;2.965556;4.814399;2.996747;4.507989;4.892375;4.792222;1.903779;2.972869;1.335691;3.565466;5.673480;4.926852;1.508471;5.126831;1.917260;5.018406;3.266421;4.032469;4.403466;5.601911;3.656497;2.757689;5.386223;2.708396;1.810880;3.115937;3.370226;3.830633;4.579969;1.864617;5.111237;1.353565;2.699376;1.691062;2.589444;4.132016;4.799926;3.455246;4.092420;3.190810;4.746929;5.124907;3.798409;4.282786;3.246948;2.109924;4.544533;2.150103;1.546556;1.577450;5.041196;1.857632;2.463760;4.165078;4.822702;1.499535;4.120203;2.762002;1.695632;4.352636;4.765140;4.885905;3.159710;4.752249;1.468143;3.610703;3.959344;1.622595;5.543311;6.034637;4.184216;3.862833;3.377336;3.015721;2.153394;2.544648;4.018984;3.439571;4.755561;3.884070;4.186171;2.646994;3.409936;2.617577;5.470446;3.613887;5.176579;6.186653;6.083720;9.306874;5.597181;4.556079;9.107377;5.193787;4.724652;4.889411;7.450690;6.484796;7.230783;7.045890;8.919286;8.861638;7.043367;5.361065;5.085204;8.933502;5.298676;4.302570;8.195160;7.098456;6.067039;6.072506;6.538530;7.247966;9.007262;7.273582;7.081474;5.209029;7.932216;7.392639;8.740378;3.679649;4.276515;7.054405;8.438495;5.881427;6.784671;7.150392;8.838693;8.152187;9.380121;7.076341;3.267442;7.487215;4.548950;8.042654;3.797998;7.418230;8.681269;7.493220;5.076318;5.993153;5.940439;9.256730;8.583992;7.023343;3.654063
0.580000;-5.103439;2.876336;3.504092;3.535773;2.993247;3.371635;1.824597;3.180657;4.119575;1.582130;5.335411;1.713495;3.285615;2.331309;3.614756;4.075115;2.621968;1.887435;2.948191;3.808046;5.355826;2.817370;3.816818;4.133403;1.679586;3.889640;3.470503;2.704422;3.513985;2.973406;4.814400;3.012371;4.513441;4.896913;4.794900;1.962059;2.983000;1.340083;3.579408;5.694468;4.935864;1.511309;5.130891;1.922362;5.032628;3.270627;4.034643;4.408003;5.614386;3.660145;2.766361;5.398852;2.712930;1.816373;3.126598;3.380165;3.847003;4.579751;1.871498;5.121151;1.349508;2.712475;1.701563;2.619109;4.139068;4.810147;3.461395;4.106011;3.194369;4.747609;5.133848;3.703106;4.301316;3.260171;2.116942;4.559335;2.158877;1.532502;1.580122;5.053161;1.864588;2.513872;4.167287;4.828412;1.502705;4.133548;2.768148;1.687959;4.318748;4.785937;4.895872;3.172183;4.754637;1.468325;3.614713;3.965483;1.628778;5.562731;6.052838;4.186680;3.876780;3.377810;3.024148;2.162380;2.550778;4.026587;3.449796;4.760269;3.885881;4.198313;2.646994;3.418331;2.625031;5.479605;3.632616;5.054423;6.192654;6.085182;9.311990;5.597995;4.559428;9.117823;5.205634;4.727771;4.881892;7.450309;6.483443;7.255004;7.049576;8.934646;8.875760;7.048307;5.360878;5.099774;8.950212;5.298678;4.225611;8.195138;7.098432;6.071741;6.102308;6.552829;7.284400;9.013119;7.273585;7.082536;5.211972;7.948483;7.402539;8.733549;3.679646;4.289995;7.060704;8.446008;5.887630;6.824750;7.155437;8.842233;8.186840;9.390759;7.087636;3.267442;7.487380;4.578236;8.045485;3.806301;7.436843;8.702204;7.510584;5.079838;6.021094;5.954288;9.276405;8.603234;7.024761;3.654061
0.580000;-5.305223;2.876389;3.493840;3.527097;2.985168;3.356544;1.825706;3.149925;4.114766;1.573086;5.329045;1.705951;3.272598;2.329112;3.621923;4.055379;2.343547;1.874275;2.942050;3.791263;5.345932;2.805319;3.813407;4.124866;1.667923;3.942090;3.459839;2.680391;3.501339;2.964325;4.814400;2.993892;4.507160;4.891692;4.791824;1.912851;2.971221;1.335032;3.563014;5.669094;4.925414;1.508050;5.126222;1.916488;5.015892;3.265790;4.032146;4.402784;5.599792;3.655952;2.756313;5.384064;2.707714;1.810045;3.114185;3.368612;3.826577;4.578205;1.863552;5.109628;1.349516;2.697116;1.689342;2.580351;4.130922;4.798269;3.454307;4.090054;3.190278;4.746140;5.123484;3.688859;4.279152;3.244660;2.108836;4.541879;2.148709;1.532362;1.577055;5.039186;1.856556;2.441707;4.164750;4.821832;1.499063;4.117881;2.761066;1.710133;4.337075;4.760808;4.884287;3.157586;4.751897;1.495849;3.610100;3.958404;1.621648;5.539414;6.031097;4.183851;3.860383;3.374684;3.014388;2.151957;2.543710;4.017797;3.437906;4.754851;3.883803;4.184117;2.646994;3.408608;2.616415;5.468979;3.610185;5.026580;6.185735;6.081294;9.306092;5.597061;4.555580;9.105662;5.191793;4.724185;4.883620;7.451025;6.483677;7.225232;7.056105;8.916493;8.859141;7.042620;5.360243;5.082601;8.930345;5.298678;4.216702;8.196567;7.099562;6.066331;6.064521;6.535996;7.236260;9.006366;7.273582;7.081317;5.208591;7.929192;7.391029;8.733496;3.678699;4.274168;7.053437;8.437318;5.880476;6.770453;7.149629;8.838164;8.141578;9.378371;7.074462;3.267442;7.513400;4.541213;8.042233;3.796685;7.414561;8.676879;7.489900;5.075792;5.986051;5.938005;9.252745;8.580142;7.023133;3.654060
0.580000;-6.107945;2.973264;3.493649;3.526917;2.984994;3.356380;1.821220;3.150607;4.114644;1.572904;5.328894;1.705783;3.272411;2.328483;3.626459;4.055337;2.621968;1.874089;2.941902;3.791133;5.345739;2.805130;3.813316;4.124687;1.667731;3.878735;3.459646;2.680559;3.501148;2.964141;4.814400;2.993809;4.507011;4.891562;4.791743;1.908705;2.971025;1.334906;3.562876;5.669346;4.925222;1.507962;5.126103;1.916346;5.015762;3.265668;4.032078;4.402653;5.599621;3.655844;2.756124;5.383896;2.707583;1.809894;3.113997;3.368420;3.887414;4.578322;1.863379;5.109435;1.349336;2.696958;1.689151;2.579747;4.130748;4.798071;3.454145;4.089904;3.190172;4.741401;5.123292;3.798409;4.279219;3.244503;2.108660;4.541764;2.148519;1.535472;1.576972;5.039005;1.856382;2.456671;4.164681;4.821676;1.498966;4.117725;2.760903;1.691776;4.358250;4.761046;4.884094;3.157416;4.751822;1.524526;3.609984;3.958242;1.621488;5.539543;6.031143;4.183773;3.860243;3.373455;3.014200;2.151766;2.543548;4.017617;3.437713;4.754716;3.883746;4.183939;2.646994;3.408423;2.616233;5.468788;3.610268;4.980388;6.185575;6.080591;9.305952;5.597034;4.555478;9.105470;5.191614;4.724091;4.883265;7.461279;6.485717;7.225832;7.048117;8.916401;8.859004;7.042481;5.358575;5.082481;8.930321;5.298678;4.258826;8.203288;7.121644;6.066195;6.065994;6.535867;7.239294;9.006210;7.273593;7.081283;5.208501;7.929136;7.390839;8.733983;3.678845;4.274016;7.053272;8.437140;5.880313;6.774598;7.149485;8.838059;8.144137;9.378182;7.074274;3.267442;7.484237;4.542592;8.042145;3.796501;7.414639;8.677135;7.489900;5.075688;5.987191;5.937865;9.252900;8.580258;7.023088;3.654061
0.580000;-5.485862;2.884069;3.495104;3.528057;2.986024;3.358976;1.820058;3.158360;4.115149;1.574109;5.329631;1.706715;3.274488;2.328352;3.617376;4.059264;2.621968;1.876201;2.942604;3.794191;5.347122;2.806977;3.813641;4.125802;1.669491;3.864586;3.461188;2.685883;3.503137;2.965359;4.814399;2.997354;4.507737;4.892125;4.792027;1.917544;2.972816;1.335444;3.565824;5.675123;4.926717;1.508270;5.126588;1.917006;5.018805;3.266176;4.032300;4.403217;5.602088;3.656265;2.757536;5.386415;2.708145;1.810625;3.115932;3.370155;3.826481;4.593872;1.864386;5.111163;1.352584;2.699626;1.691038;2.580783;4.131790;4.799883;3.455000;4.092733;3.190581;4.748434;5.124770;3.684406;4.283915;3.247214;2.109695;4.545015;2.149956;1.579121;1.577257;5.041317;1.857404;2.448009;4.164906;4.822449;1.499319;4.120479;2.761758;1.713094;4.344496;4.766747;4.885838;3.159886;4.752069;1.475836;3.610461;3.959096;1.622349;5.544621;6.035701;4.184030;3.863193;3.372056;3.015551;2.153256;2.544400;4.018777;3.439525;4.755309;3.883924;4.186307;2.646994;3.409767;2.617364;5.470319;3.615052;4.963607;6.186401;6.081018;9.306615;5.597106;4.555857;9.107344;5.193889;4.724435;4.882746;7.454262;6.485203;7.233222;7.045331;8.919847;8.862020;7.043112;5.362556;5.085649;8.934280;5.298678;4.210013;8.201971;7.127137;6.066784;6.076543;6.538938;7.254204;9.007009;7.273589;7.081379;5.208823;7.932930;7.392565;8.738688;3.678854;4.276813;7.054159;8.438276;5.881178;6.792203;7.150139;8.838464;8.157811;9.380105;7.076387;3.267442;7.526688;4.552832;8.042452;3.797823;7.419373;8.682903;7.494122;5.076090;5.996632;5.940782;9.258093;8.585262;7.023222;3.654060
0.580000;-5.500852;2.886363;3.485019;3.519582;2.978151;3.343825;1.819700;3.125652;4.110528;1.565269;5.323477;1.699383;3.261530;2.328706;3.614608;4.039066;2.621968;1.863096;2.936669;3.777220;5.337404;2.795035;3.810382;4.117468;1.657953;3.868089;3.450684;2.660883;3.490573;2.956471;4.814400;2.978540;4.501666;4.887100;4.789094;1.916311;2.961153;1.330584;3.549276;5.648618;4.916431;1.505159;5.122106;1.911335;5.001886;3.261528;4.029922;4.398191;5.587470;3.652248;2.747660;5.371590;2.703124;1.804507;3.103613;3.358731;3.826111;4.619740;1.856649;5.099770;1.354755;2.684187;1.678916;2.579904;4.123850;4.788119;3.448120;4.076655;3.186663;4.754153;5.114572;3.778600;4.261019;3.231612;2.101796;4.527314;2.139964;1.530383;1.574333;5.027351;1.849579;2.442236;4.162492;4.816080;1.495836;4.104711;2.754884;1.689046;4.336524;4.740502;4.874377;3.145260;4.749461;1.475835;3.606035;3.952227;1.615433;5.520441;6.013279;4.181335;3.846642;3.371964;3.005974;2.142997;2.537544;4.010188;3.427750;4.750089;3.881951;4.172112;2.646994;3.400227;2.608949;5.459857;3.591857;4.997861;6.179694;6.080554;9.300927;5.596223;4.552174;9.095286;5.180064;4.721006;4.884737;7.461658;6.491986;7.201627;7.058839;8.901393;8.845223;7.037628;5.360827;5.068256;8.913935;5.298678;4.221179;8.195004;7.098786;6.061574;6.035495;6.521914;7.200699;9.000466;7.273578;7.080224;5.205594;7.913224;7.381185;8.733407;3.679063;4.260874;7.047102;8.429799;5.874234;6.731225;7.144534;8.834568;8.107790;9.367808;7.063263;3.267442;7.486350;4.512690;8.039348;3.788393;7.396345;8.656431;7.472878;5.072215;5.958834;5.924352;9.233514;8.561325;7.021678;3.654061
0.580000;-5.476489;2.883910;3.493344;3.526604;2.984683;3.356188;1.833580;3.151438;4.114392;1.572587;5.328605;1.705476;3.272155;2.340946;3.618641;4.055368;2.621968;1.873834;2.941617;3.791011;5.345429;2.804848;3.813116;4.124376;1.667443;3.867927;3.459345;2.680864;3.500884;2.963828;4.814399;2.993768;4.506723;4.891296;4.791557;1.902542;2.970744;1.334645;3.562737;5.669754;4.924917;1.507769;5.125856;1.916066;5.015637;3.265414;4.031921;4.402390;5.599413;3.655613;2.755816;5.383695;2.707319;1.809605;3.113727;3.368131;3.826744;4.588470;1.863071;5.109147;1.352085;2.696775;1.688875;2.591191;4.130437;4.797791;3.453844;4.089748;3.189944;4.747773;5.122987;3.798409;4.279397;3.244328;2.108350;4.541677;2.148216;1.539376;1.576787;5.038774;1.856072;2.444479;4.164522;4.821383;1.498756;4.117558;2.760600;1.706474;4.313875;4.761430;4.883806;3.157207;4.751653;1.475836;3.609738;3.957941;1.621184;5.539801;6.031294;4.183601;3.860103;3.384738;3.013890;2.151461;2.543246;4.017303;3.437431;4.754447;3.883611;4.183725;2.646994;3.408113;2.615923;5.468486;3.610462;4.963611;6.185276;6.079865;9.305674;5.596968;4.555260;9.105194;5.191380;4.723883;4.881901;7.451665;6.491394;7.226584;7.077981;8.916347;8.858881;7.042205;5.366443;5.082377;8.930356;5.298677;4.305256;8.202658;7.136971;6.065925;6.067453;6.535748;7.241750;9.005913;7.273585;7.081197;5.208302;7.929143;7.390549;8.733301;3.678302;4.273853;7.052968;8.436823;5.880012;6.777677;7.149207;8.837831;8.146310;9.377907;7.074021;3.267442;7.503299;4.543983;8.041954;3.796189;7.414824;8.677535;7.489987;5.075462;5.988394;5.937721;9.253174;8.580498;7.022977;3.654061
0.580000;-5.536206;2.888298;3.492690;3.526048;2.984165;3.355250;1.820551;3.149715;4.114083;1.572014;5.328195;1.704992;3.271332;2.332038;3.616339;4.054166;2.621968;1.873003;2.941223;3.789972;5.344801;2.804089;3.812896;4.123829;1.666705;3.878840;3.458664;2.679447;3.500084;2.963248;4.814400;2.992633;4.506320;4.890963;4.791360;1.913905;2.969996;1.334321;3.561720;5.668266;4.924252;1.507560;5.125556;1.915688;5.014600;3.265103;4.031760;4.402054;5.598498;3.655343;2.755173;5.382769;2.706985;1.809199;3.112942;3.367398;3.840570;4.652716;1.862562;5.108416;1.359696;2.695818;1.688101;2.580157;4.129916;4.797038;3.453389;4.088752;3.189681;4.741544;5.122327;3.798409;4.278069;3.243361;2.107831;4.540597;2.147565;1.539003;1.576590;5.037896;1.855558;2.446105;4.164359;4.820961;1.498523;4.116579;2.760145;1.720085;4.314674;4.759958;4.883070;3.156293;4.751477;1.475836;3.609441;3.957485;1.620726;5.538414;6.029986;4.183417;3.859085;3.376320;3.013267;2.150797;2.542793;4.016741;3.436678;4.754099;3.883478;4.182827;2.646994;3.407489;2.615370;5.467812;3.609124;4.980886;6.184832;6.088737;9.305295;5.596909;4.555012;9.104423;5.190510;4.723651;4.883684;7.450044;6.509144;7.224904;7.045105;8.915227;8.857850;7.041840;5.358385;5.081316;8.929152;5.298676;4.251929;8.194726;7.098528;6.065580;6.065464;6.534705;7.239426;9.005480;7.273585;7.081120;5.208084;7.927967;7.389821;8.734789;3.678948;4.272870;7.052501;8.436265;5.879555;6.775204;7.148836;8.837570;8.144070;9.377128;7.073192;3.267442;7.491846;4.542025;8.041744;3.795574;7.413491;8.676051;7.488736;5.075202;5.986507;5.936709;9.251771;8.579126;7.022874;3.654061
0.580000;-5.517731;2.886378;3.497905;3.530466;2.988280;3.362898;1.819236;3.165087;4.116535;1.576614;5.331439;1.708835;3.277944;2.328676;3.670809;4.064139;2.445881;1.879688;2.944352;3.798470;5.349837;2.810207;3.814636;4.128175;1.672633;3.865294;3.464091;2.691543;3.506508;2.967869;4.814400;3.001980;4.509521;4.893622;4.792927;1.919878;2.975982;1.336896;3.570024;5.681016;4.929567;1.509222;5.127935;1.918681;5.023076;3.267570;4.033033;4.404715;5.605899;3.657481;2.760286;5.390268;2.709645;1.812422;3.119245;3.373270;3.844891;4.578194;1.866606;5.114272;1.352300;2.703604;1.694310;2.579770;4.134063;4.803078;3.457000;4.096840;3.191767;4.751602;5.127597;3.798409;4.289243;3.251223;2.111958;4.549434;2.152731;1.530690;1.578154;5.044991;1.859647;2.536399;4.165652;4.824314;1.500379;4.124524;2.763755;1.766269;4.311735;4.772594;4.888959;3.163695;4.752874;1.475836;3.611792;3.961092;1.624357;5.550158;6.040954;4.184862;3.867390;3.376785;3.018234;2.156100;2.546395;4.021215;3.442720;4.756861;3.884537;4.190032;2.646994;3.412436;2.619758;5.473212;3.620428;4.978970;6.188357;6.089777;9.308299;5.597386;4.556975;9.110601;5.197533;4.725481;4.882112;7.452260;6.485514;7.239802;7.054920;8.924410;8.866267;7.044738;5.358372;5.090008;8.939179;5.298679;4.245522;8.198853;7.104566;6.068336;6.084219;6.543229;7.263043;9.008920;7.273589;7.081742;5.209809;7.937714;7.395664;8.745223;3.684813;4.280890;7.056204;8.440692;5.883198;6.801630;7.151794;8.839643;8.166353;9.383417;7.079883;3.267441;7.484574;4.560403;8.043404;3.800464;7.424720;8.688777;7.499173;5.077266;6.003952;5.944957;9.263682;8.590757;7.023704;3.654060
0.580000;-5.394702;2.878960;3.499022;3.531462;2.989226;3.364290;1.821074;3.166563;4.117160;1.577641;5.332226;1.709734;3.279232;2.366834;3.656807;4.065664;2.621968;1.880988;2.945117;3.799923;5.350930;2.811446;3.815100;4.129158;1.673843;3.864377;3.465235;2.693101;3.507778;2.968899;4.814400;3.003480;4.510299;4.894294;4.793350;1.906044;2.977201;1.337548;3.571463;5.682570;4.930699;1.509666;5.128545;1.919422;5.024526;3.268199;4.033381;4.405386;5.607267;3.658036;2.761388;5.391645;2.710314;1.813208;3.120500;3.374475;3.841756;4.619001;1.867542;5.115475;1.349371;2.705001;1.695558;2.583139;4.135015;4.804300;3.457857;4.098265;3.192311;4.741616;5.128724;3.798409;4.290799;3.252631;2.112907;4.550907;2.153846;1.545023;1.578575;5.046328;1.860589;2.450469;4.166006;4.825124;1.500870;4.125933;2.764611;1.686336;4.320169;4.774152;4.890166;3.165066;4.753254;1.478308;3.612397;3.961949;1.625220;5.551717;6.042507;4.185255;3.868832;3.392811;3.019314;2.157230;2.547250;4.022221;3.443943;4.757553;3.884832;4.191382;2.646994;3.413517;2.620749;5.474358;3.621989;4.960478;6.189200;6.089614;9.309038;5.597521;4.557491;9.111842;5.198867;4.725967;4.891721;7.463253;6.483716;7.241305;7.045639;8.925908;8.867709;7.045456;5.363492;5.091477;8.940705;5.298677;4.228656;8.194915;7.121206;6.069027;6.085475;6.544683;7.263834;9.009746;7.273589;7.081919;5.210269;7.939230;7.396869;8.734936;3.678778;4.282308;7.057080;8.441693;5.884060;6.802117;7.152527;8.840186;8.167280;9.384672;7.081178;3.267442;7.485623;4.561699;8.043846;3.801540;7.426279;8.690338;7.500718;5.077803;6.005310;5.946397;9.265247;8.592319;7.023939;3.654061
0.580000;-4.940432;2.883715;3.499089;3.531482;2.989233;3.364579;1.819198;3.168400;4.117125;1.577670;5.332205;1.709729;3.279412;2.331316;3.614688;4.066288;2.349415;1.881169;2.945092;3.800322;5.350979;2.811577;3.815062;4.129175;1.673960;3.871778;3.465317;2.694135;3.507940;2.968930;4.814400;3.004002;4.510275;4.894260;4.793314;1.902606;2.977325;1.337513;3.571835;5.683753;4.930771;1.509631;5.128509;1.919393;5.024920;3.268163;4.033350;4.405352;5.607527;3.657999;2.761447;5.391917;2.710279;1.813184;3.120654;3.374588;3.843670;4.663099;1.867545;5.115587;1.362454;2.705310;1.695697;2.580981;4.135023;4.804437;3.457844;4.098607;3.192274;4.743695;5.128793;3.798409;4.291642;3.252946;2.112914;4.551354;2.153904;1.529754;1.578540;5.046556;1.860595;2.441595;4.165974;4.825102;1.500834;4.126265;2.764596;1.687216;4.315596;4.775301;4.890281;3.165327;4.753221;1.471453;3.612360;3.961937;1.625208;5.552672;6.043309;4.185217;3.869205;3.375372;3.019364;2.157300;2.547237;4.022243;3.444072;4.757521;3.884802;4.191617;2.646994;3.413568;2.620770;5.474436;3.622856;4.964635;6.189183;6.081912;9.309009;5.597507;4.557454;9.111985;5.199089;4.725927;4.881930;7.451476;6.484576;7.243017;7.046244;8.926404;8.868104;7.045427;5.358399;5.091901;8.941345;5.298679;4.229589;8.197536;7.100516;6.068996;6.088354;6.545086;7.268505;9.009731;7.273578;7.081899;5.210232;7.939819;7.396982;8.741066;3.681432;4.282644;7.057071;8.441710;5.884050;6.807971;7.152500;8.840148;8.171429;9.384824;7.081364;3.267442;7.486215;4.564456;8.043812;3.801583;7.427136;8.691518;7.501429;5.077766;6.007762;5.946761;9.266241;8.593253;7.023913;3.654060
0.580000;-5.569221;2.890702;3.497359;3.530047;2.987906;3.361884;1.820502;3.161863;4.116365;1.576168;5.331180;1.708498;3.277145;2.328531;3.646101;4.062566;2.588955;1.878875;2.944108;3.797265;5.349319;2.809501;3.814532;4.127767;1.671962;3.886779;3.463510;2.689377;3.505745;2.967420;4.814400;3.000571;4.509267;4.893432;4.792838;1.912080;2.975302;1.336713;3.568863;5.678657;4.929006;1.509125;5.127773;1.918453;5.021875;3.267399;4.032967;4.404523;5.604938;3.657342;2.759756;5.389285;2.709452;1.812167;3.118510;3.372610;3.860629;4.577984;1.866242;5.113616;1.349332;2.702559;1.693589;2.580759;4.133684;4.802384;3.456692;4.095727;3.191633;4.741465;5.127043;3.695740;4.287348;3.250162;2.111583;4.548148;2.152197;1.532395;1.578066;5.044095;1.859276;2.442045;4.165584;4.824042;1.500266;4.123443;2.763453;1.701798;4.318562;4.770267;4.888296;3.162735;4.752797;1.465765;3.611633;3.960788;1.624048;5.548096;6.039115;4.184783;3.866231;3.372267;3.017728;2.155538;2.546091;4.020789;3.442029;4.756659;3.884484;4.189112;2.646994;3.411937;2.619343;5.472636;3.618495;4.964939;6.188064;6.081529;9.308066;5.597366;4.556852;9.109884;5.196652;4.725370;4.883385;7.476689;6.484888;7.236740;7.048861;8.923044;8.865070;7.044519;5.363869;5.088758;8.937599;5.298678;4.209526;8.195493;7.108998;6.068135;6.079737;6.542017;7.256500;9.008637;7.273585;7.081715;5.209706;7.936202;7.395011;8.734779;3.679898;4.279792;7.055891;8.440272;5.882886;6.793786;7.151570;8.839512;8.160397;9.382680;7.079065;3.267442;7.487493;4.556066;8.043306;3.799975;7.422805;8.686429;7.497480;5.077134;5.999975;5.943809;9.261576;8.588730;7.023667;3.654061
0.580000;-5.168613;2.875030;3.488871;3.522861;2.981215;3.349405;1.819490;3.136557;4.112376;1.568679;5.325903;1.702247;3.266370;2.329946;3.637838;4.046255;2.416311;1.867984;2.939014;3.783385;5.341127;2.799531;3.811701;4.120695;1.662312;3.865288;3.454683;2.669536;3.495283;2.959899;4.814399;2.985295;4.504062;4.889102;4.790285;1.915387;2.965553;1.332524;3.555305;5.657724;4.920354;1.506420;5.123900;1.913581;5.008035;3.263386;4.030892;4.400195;5.592866;3.653862;2.751439;5.377056;2.705125;1.806921;3.108235;3.363050;3.827441;4.580232;1.859661;5.104077;1.361754;2.689857;1.683476;2.603865;4.126936;4.792553;3.450820;4.082534;3.188238;4.747180;5.118464;3.798409;4.269037;3.237334;2.104868;4.533715;2.143780;1.533878;1.575518;5.032533;1.852622;2.447225;4.163476;4.818586;1.497244;4.110489;2.757582;1.712912;4.312477;4.749528;4.878709;3.150661;4.750522;1.471758;3.607807;3.954920;1.618143;5.528848;6.021153;4.182429;3.852672;3.380768;3.009647;2.146910;2.540232;4.013508;3.432190;4.752164;3.882757;4.177370;2.646994;3.403889;2.612206;5.463842;3.599967;5.412466;6.182328;6.079886;9.303180;5.596588;4.553659;9.099820;5.185200;4.722391;4.884937;7.450375;6.498688;7.212214;7.057110;8.908032;8.851334;7.039804;5.358396;5.074556;8.921174;5.298678;4.246891;8.201982;7.103574;6.063646;6.048764;6.528098;7.217431;9.003036;7.273582;7.080701;5.206901;7.920256;7.385488;8.748624;3.679725;4.266706;7.049864;8.433080;5.876957;6.750033;7.146756;8.836135;8.123550;9.372428;7.068163;3.267442;7.484176;4.525703;8.040606;3.792015;7.404406;8.665525;7.480390;5.073774;5.971187;5.930343;9.242039;8.569661;7.022313;3.654061
0.580000;-5.087305;2.876589;3.497502;3.530154;2.987999;3.362161;1.820425;3.162678;4.116400;1.576283;5.331241;1.708582;3.277363;2.330858;3.646487;4.062993;2.343606;1.879095;2.944165;3.797593;5.349457;2.809692;3.814551;4.127872;1.672140;3.886852;3.463664;2.689951;3.505950;2.967537;4.814399;3.000954;4.509326;4.893474;4.792852;1.947080;2.975485;1.336753;3.569180;5.679273;4.929154;1.509143;5.127808;1.918507;5.022202;3.267435;4.032978;4.404565;5.605201;3.657370;2.759897;5.389555;2.709494;1.812227;3.118707;3.372787;3.956409;4.631655;1.866335;5.113791;1.349348;2.702846;1.693785;2.580212;4.133779;4.802567;3.456769;4.096031;3.191658;4.741398;5.127192;3.798409;4.287855;3.250453;2.111678;4.548499;2.152337;1.569838;1.578081;5.044336;1.859370;2.442468;4.165595;4.824106;1.500287;4.123740;2.763525;1.717971;4.319621;4.770878;4.888474;3.162997;4.752810;1.475836;3.611667;3.960863;1.624125;5.548642;6.039608;4.184794;3.866549;3.406821;3.017860;2.155686;2.546164;4.020898;3.442214;4.756704;3.884492;4.189361;2.646994;3.412067;2.619448;5.472788;3.619011;4.966387;6.188136;6.081149;9.308122;5.597366;4.556876;9.110079;5.196892;4.725389;4.882396;7.450026;6.507122;7.237520;7.059316;8.923415;8.865403;7.044569;5.358590;5.089100;8.938017;5.298678;4.229170;8.196844;7.100512;6.068180;6.080815;6.542348;7.257979;9.008705;7.273582;7.081717;5.209726;7.936612;7.395191;8.733535;3.695207;4.280093;7.055966;8.440378;5.882964;6.795489;7.151624;8.839539;8.161763;9.382879;7.079284;3.267441;7.524799;4.557119;8.043324;3.800105;7.423319;8.687045;7.497936;5.077159;6.000952;5.944125;9.262139;8.589268;7.023671;3.654060
0.580000;-4.865818;2.889153;3.498258;3.530750;2.988540;3.363497;1.821266;3.166691;4.116672;1.576915;5.331633;1.709073;3.278432;2.331370;3.622189;4.065006;2.588754;1.880184;2.944536;3.799160;5.350173;2.810644;3.814728;4.128453;1.673050;3.864783;3.464460;2.692684;3.506974;2.968172;4.814400;3.002768;4.509710;4.893776;4.793010;1.913642;2.976407;1.337041;3.570691;5.682246;4.929930;1.509309;5.128068;1.918856;5.023763;3.267708;4.033099;4.404867;5.606469;3.657598;2.760632;5.390848;2.709797;1.812613;3.119702;3.373684;3.852968;4.582519;1.866861;5.114683;1.349302;2.704213;1.694757;2.582702;4.134326;4.803507;3.457218;4.097484;3.191880;4.743891;5.127956;3.798409;4.290262;3.251844;2.112218;4.550164;2.153085;1.537223;1.578236;5.045526;1.859905;2.471861;4.165719;4.824515;1.500478;4.125148;2.763977;1.699494;4.314855;4.773809;4.889375;3.164265;4.752946;1.475836;3.611923;3.961312;1.624580;5.551252;6.041947;4.184937;3.868059;3.393326;3.018564;2.156461;2.546613;4.021503;3.443150;4.757020;3.884591;4.190578;2.646994;3.412767;2.620039;5.473585;3.621466;5.010605;6.188570;6.082690;9.308475;5.597409;4.557081;9.111048;5.198063;4.725579;4.885638;7.468580;6.487393;7.241344;7.056243;8.925182;8.866948;7.044907;5.358402;5.090724;8.940057;5.298676;4.232141;8.194700;7.117994;6.068498;6.086350;6.543923;7.265963;9.009127;7.273589;7.081772;5.209899;7.938554;7.396080;8.734659;3.680914;4.281527;7.056433;8.440975;5.883418;6.805030;7.151968;8.839757;8.169046;9.383876;7.080376;3.267442;7.485719;4.562484;8.043491;3.800792;7.425750;8.690011;7.500101;5.077377;6.005878;5.945619;9.264802;8.591838;7.023745;3.654061
0.580000;-4.904091;2.885570;3.492108;3.525527;2.983670;3.354543;1.821561;3.149430;4.113756;1.571475;5.327783;1.704520;3.270668;2.328476;3.656285;4.053462;2.574487;1.872341;2.940820;3.789258;5.344229;2.803447;3.812655;4.123312;1.666077;3.910123;3.458070;2.678830;3.499428;2.962709;4.814400;2.991919;4.505913;4.890612;4.791140;1.904731;2.969365;1.333981;3.561007;5.667703;4.923662;1.507328;5.125237;1.915301;5.013885;3.264774;4.031580;4.401704;5.597805;3.655054;2.754597;5.382074;2.706635;1.808788;3.112294;3.366773;3.856771;4.579448;1.862071;5.107791;1.349541;2.695112;1.687458;2.584216;4.129415;4.796401;3.452938;4.088043;3.189397;4.741818;5.121740;3.798409;4.277404;3.242657;2.107333;4.539882;2.146987;1.536020;1.576372;5.037215;1.855063;2.443077;4.164176;4.820536;1.498267;4.115873;2.759699;1.717974;4.313390;4.759382;4.882444;3.155599;4.751278;1.493195;3.609127;3.957037;1.620275;5.537777;6.029312;4.183215;3.858373;3.409109;3.012701;2.150207;2.542346;4.016215;3.436044;4.753736;3.883326;4.182137;2.646994;3.406926;2.614852;5.467215;3.608466;4.967517;6.184391;6.080109;9.304906;5.596837;4.554745;9.103785;5.189829;4.723400;4.881922;7.450438;6.499115;7.224558;7.046358;8.914516;8.857134;7.041462;5.363739;5.080600;8.928456;5.298678;4.210307;8.195981;7.098634;6.065218;6.065759;6.533992;7.240968;9.005045;7.273585;7.081028;5.207845;7.927260;7.389194;8.733937;3.678695;4.272163;7.052044;8.435751;5.879096;6.777661;7.148454;8.837287;8.145226;9.376477;7.072525;3.267441;7.488490;4.542234;8.041514;3.795016;7.412828;8.675488;7.488043;5.074921;5.986550;5.935999;9.251148;8.578483;7.022754;3.654060
0.580000;-4.940070;2.883193;3.498371;3.530909;2.988710;3.363353;1.820094;3.164826;4.116850;1.577065;5.331818;1.709251;3.278420;2.338105;3.614577;4.064477;2.582932;1.880164;2.944723;3.798896;5.350300;2.810687;3.814879;4.128614;1.673111;3.865973;3.464559;2.691693;3.506986;2.968322;4.814399;3.002358;4.509895;4.893959;4.793151;1.904391;2.976462;1.337224;3.570457;5.681095;4.930037;1.509457;5.128244;1.919044;5.023501;3.267887;4.033221;4.405050;5.606361;3.657766;2.760751;5.390730;2.709976;1.812801;3.119725;3.373748;3.871460;4.594511;1.867035;5.114750;1.356466;2.704056;1.694789;2.580879;4.134494;4.803550;3.457403;4.097281;3.192047;4.742218;5.128069;3.798409;4.289483;3.251673;2.112391;4.549844;2.153202;1.545531;1.578378;5.045462;1.860076;2.441544;4.165843;4.824699;1.500635;4.124969;2.764157;1.704413;4.375335;4.772686;4.889437;3.164161;4.753077;1.473434;3.612100;3.961496;1.624763;5.550339;6.041213;4.185069;3.867825;3.375063;3.018695;2.156570;2.546795;4.021661;3.443197;4.757205;3.884697;4.190496;2.646994;3.412898;2.620199;5.473685;3.620662;4.967216;6.188756;6.082793;9.308661;5.597461;4.557243;9.111083;5.198005;4.725733;4.882164;7.454326;6.486767;7.239613;7.073582;8.924808;8.866694;7.045092;5.358579;5.090427;8.939514;5.298676;4.347284;8.214944;7.156463;6.068681;6.083415;6.543654;7.261290;9.009314;7.273593;7.081841;5.210051;7.938076;7.396146;8.742736;3.685614;4.281336;7.056615;8.441145;5.883602;6.799280;7.152156;8.839924;8.164874;9.383895;7.080360;3.267442;7.490745;4.559670;8.043637;3.800930;7.424962;8.688871;7.499481;5.077543;6.003374;5.945396;9.263854;8.590957;7.023834;3.654061
0.580000;-4.596273;2.920203;3.501489;3.533566;2.991192;3.367816;1.830600;3.173018;4.118349;1.579830;5.333789;1.711575;3.282313;2.340464;3.614570;4.070142;2.621968;1.884101;2.946627;3.803806;5.353311;2.814312;3.815948;4.131231;1.676626;3.873931;3.467791;2.698397;3.510778;2.971097;4.814400;3.007709;4.511843;4.895581;4.794116;1.916990;2.980010;1.338796;3.575264;5.688111;4.933209;1.510478;5.129700;1.920866;5.028399;3.269394;4.034007;4.406672;5.610687;3.659075;2.763809;5.395108;2.711601;1.814761;3.123450;3.377233;3.826485;4.641640;1.869477;5.118227;1.363474;2.708587;1.698463;2.579912;4.136996;4.807130;3.459589;4.101973;3.193326;4.741432;5.131214;3.798409;4.295748;3.256247;2.114878;4.554929;2.156289;1.530167;1.579339;5.049618;1.862544;2.483387;4.166638;4.826735;1.501775;4.129588;2.766344;1.718369;4.314869;4.779646;4.892932;3.168488;4.753936;1.475836;3.613537;3.963681;1.626960;5.556884;6.047374;4.185959;3.872633;3.402362;3.021667;2.159732;2.548978;4.024351;3.446779;4.758888;3.885351;4.194717;2.646994;3.415859;2.622840;5.476906;3.626985;4.961731;6.190892;6.079873;9.310487;5.597757;4.558447;9.114733;5.202127;4.726857;4.882848;7.454814;6.487315;7.247600;7.045274;8.930067;8.871563;7.046858;5.358901;5.095438;8.945211;5.298677;4.215143;8.199304;7.101924;6.070364;6.093022;6.548574;7.272789;9.011399;7.273585;7.082225;5.211111;7.943628;7.399621;8.748522;3.696013;4.285991;7.058855;8.443796;5.885810;6.811840;7.153954;8.841196;8.175863;9.387615;7.084298;3.267442;7.489774;4.569127;8.044656;3.803856;7.431250;8.695876;7.505383;5.078807;6.012446;5.950173;9.270476;8.597439;7.024346;3.654060
0.580000;-4.993115;2.879380;3.487205;3.521479;2.979937;3.346799;1.824381;3.130288;4.111647;1.567231;5.324921;1.701064;3.264182;2.329474;3.619557;4.042656;2.412316;1.865766;2.938069;3.780429;5.339527;2.797530;3.811194;4.119339;1.660381;3.874043;3.452942;2.664946;3.493159;2.958446;4.814400;2.981976;4.503093;4.888309;4.789830;1.905279;2.963603;1.331757;3.552431;5.652818;4.918652;1.505936;5.123195;1.912680;5.005091;3.262653;4.030527;4.399399;5.590364;3.653234;2.749810;5.374512;2.704332;1.805944;3.106166;3.361141;3.848339;4.602365;1.858408;5.102174;1.362300;2.687198;1.681440;2.584219;4.125649;4.790585;3.449713;4.079749;3.187626;4.746996;5.116778;3.798409;4.264889;3.234642;2.103587;4.530615;2.142129;1.577355;1.575065;5.030153;1.851354;2.442210;4.163104;4.817568;1.496700;4.107764;2.756472;1.719751;4.331352;4.744672;4.876793;3.148155;4.750118;1.475836;3.607111;3.953816;1.617028;5.524430;6.017100;4.182014;3.849795;3.383435;3.008071;2.145211;2.539131;4.012107;3.430216;4.751338;3.882455;4.174945;2.646994;3.402315;2.610835;5.462107;3.595754;4.960712;6.181252;6.090240;9.302279;5.596454;4.553084;9.097796;5.182844;4.721859;4.886003;7.458746;6.485403;7.206193;7.045108;8.904781;8.848413;7.038934;5.358506;5.071519;8.917543;5.298676;4.448763;8.203010;7.113865;6.062821;6.040573;6.525132;7.206207;9.001990;7.273589;7.080525;5.206398;7.916757;7.383584;8.733575;3.678291;4.263950;7.048729;8.431698;5.875842;6.736892;7.145862;8.835525;8.113189;9.370361;7.065936;3.267442;7.493941;4.517731;8.040125;3.790463;7.400228;8.660623;7.476582;5.073169;5.963754;5.927493;9.237538;8.565293;7.022076;3.654062
0.580000;-5.371889;2.878057;3.499499;3.531826;2.989552;3.365176;1.822175;3.169146;4.117305;1.578031;5.332448;1.710025;3.279931;2.329854;3.616897;4.067019;2.341785;1.881698;2.945327;3.800975;5.351376;2.812063;3.815187;4.129514;1.674431;3.864487;3.465742;2.694930;3.508446;2.969291;4.814400;3.004709;4.510516;4.894457;4.793424;1.904202;2.977796;1.337703;3.572476;5.684546;4.931190;1.509748;5.128683;1.919617;5.025573;3.268344;4.033438;4.405550;5.608109;3.658154;2.761850;5.392504;2.710477;1.813428;3.121152;3.375052;3.827270;4.606101;1.867858;5.116050;1.355379;2.705917;1.696187;2.595589;4.135343;4.804905;3.458121;4.099234;3.192425;4.741741;5.129209;3.798409;4.292418;3.253558;2.113233;4.552026;2.154314;1.675557;1.578651;5.047113;1.860910;2.441812;4.166064;4.825356;1.500965;4.126878;2.764877;1.724010;4.326135;4.776101;4.890744;3.165905;4.753318;1.465563;3.612532;3.962211;1.625485;5.553461;6.044079;4.185320;3.869848;3.371818;3.019753;2.157718;2.547512;4.022591;3.444550;4.757726;3.884875;4.192183;2.646994;3.413952;2.621106;5.474862;3.623635;4.963716;6.189451;6.090632;9.309237;5.597538;4.557594;9.112472;5.199638;4.726060;4.904455;7.462707;6.483638;7.243775;7.050405;8.927095;8.868749;7.045644;5.358749;5.092567;8.942080;5.298677;4.248941;8.194918;7.106770;6.069202;6.088819;6.545740;7.268140;9.009992;7.273585;7.081942;5.210355;7.940546;7.397443;8.743303;3.681994;4.283266;7.057354;8.442052;5.884328;6.806865;7.152719;8.840299;8.171341;9.385320;7.081895;3.267441;7.486733;4.564960;8.043927;3.801965;7.427907;8.692307;7.502177;5.077915;6.008364;5.947397;9.267032;8.594040;7.023970;3.654062
0.580000;-5.235695;2.875010;3.494294;3.527400;2.985422;3.357654;1.819517;3.155071;4.114823;1.573423;5.329179;1.706162;3.273387;2.328270;3.614589;4.057384;2.581193;1.875084;2.942170;3.792668;5.346346;2.805983;3.813420;4.125155;1.668537;3.920323;3.460335;2.683457;3.502079;2.964664;4.814399;2.995628;4.507290;4.891767;4.791831;1.935698;2.971849;1.335100;3.564348;5.672534;4.925889;1.508060;5.126274;1.916594;5.017288;3.265849;4.032144;4.402859;5.600814;3.655987;2.756746;5.385123;2.707788;1.810177;3.114901;3.369215;3.827100;4.622049;1.863796;5.110226;1.350438;2.698269;1.690028;2.582714;4.131182;4.798907;3.454487;4.091307;3.190310;4.744910;5.123950;3.798409;4.281728;3.245839;2.109090;4.543412;2.149154;1.555333;1.577061;5.040115;1.856805;2.457925;4.164748;4.821980;1.499081;4.119090;2.761241;1.688325;4.336642;4.764182;4.884893;3.158614;4.751896;1.475835;3.610152;3.958583;1.621830;5.542286;6.033569;4.183851;3.861714;3.379773;3.014791;2.152427;2.543888;4.018109;3.438548;4.754934;3.883796;4.185081;2.646994;3.409007;2.616710;5.469474;3.612834;5.038251;6.185903;6.093752;9.306206;5.597052;4.555604;9.106340;5.192703;4.724201;4.883461;7.487499;6.489647;7.230061;7.055075;8.918173;8.860516;7.042718;5.358460;5.084080;8.932393;5.298678;4.269717;8.194686;7.117978;6.066416;6.072383;6.537411;7.248930;9.006525;7.273589;7.081306;5.208603;7.931103;7.391628;8.738031;3.679111;4.275402;7.053627;8.437625;5.880661;6.786415;7.149732;8.838196;8.152822;9.379080;7.075277;3.267441;7.484208;4.548767;8.042244;3.797078;7.417176;8.680315;7.492124;5.075824;5.992799;5.939321;9.255718;8.582961;7.023122;3.654062
0.580000;-5.235090;2.875043;3.497156;3.529874;2.987744;3.361594;1.828509;3.161509;4.116269;1.575986;5.331052;1.708348;3.276887;2.329054;3.617230;4.062218;2.566986;1.878618;2.943983;3.796951;5.349122;2.809265;3.814465;4.127594;1.671730;3.868489;3.463294;2.689002;3.505494;2.967239;4.814400;3.000232;4.509142;4.893327;4.792776;1.904229;2.975068;1.336611;3.568554;5.678278;4.928798;1.509060;5.127681;1.918335;5.021561;3.267302;4.032918;4.404418;5.604651;3.657259;2.759558;5.389001;2.709348;1.812040;3.118261;3.372382;3.860927;4.614768;1.866082;5.113386;1.350639;2.702265;1.693347;2.580211;4.133521;4.802150;3.456552;4.095427;3.191552;4.741448;5.126837;3.798409;4.286977;3.249866;2.111421;4.547826;2.151994;1.542437;1.578005;5.043823;1.859115;2.459695;4.165534;4.823910;1.500194;4.123143;2.763306;1.705032;4.322001;4.769889;4.888066;3.162452;4.752744;1.473332;3.611542;3.960646;1.623907;5.547718;6.038750;4.184725;3.865921;3.371898;3.017534;2.155332;2.545948;4.020613;3.441792;4.756550;3.884444;4.188831;2.646994;3.411742;2.619170;5.472425;3.618127;5.083579;6.187926;6.080772;9.307951;5.597347;4.556777;9.109646;5.196381;4.725299;4.882503;7.455324;6.488308;7.236388;7.054209;8.922717;8.864766;7.044406;5.359597;5.088439;8.937244;5.298676;4.243629;8.195621;7.099280;6.068029;6.079528;6.541704;7.256699;9.008502;7.273585;7.081691;5.209640;7.935859;7.394785;8.735222;3.680070;4.279494;7.055742;8.440099;5.882743;6.794343;7.151458;8.839431;8.160460;9.382434;7.078808;3.267442;7.534224;4.555840;8.043242;3.799785;7.422442;8.686051;7.497125;5.077053;5.999696;5.943507;9.261202;8.588358;7.023635;3.654060
0.580000;-5.368352;2.877628;3.504810;3.536308;2.993718;3.373081;1.819917;3.185717;4.119771;1.582707;5.335722;1.713915;3.286718;2.337286;3.616202;4.077449;2.185322;1.888556;2.948485;3.809789;5.356500;2.818327;3.816931;4.133922;1.680491;3.865388;3.471274;2.707733;3.515027;2.973985;4.814399;3.014442;4.513745;4.897137;4.794997;1.905239;2.983921;1.340296;3.581080;5.698100;4.936608;1.511414;5.131077;1.922635;5.034364;3.270825;4.034714;4.408228;5.615737;3.660301;2.767056;5.400239;2.713152;1.816682;3.127608;3.381055;3.864873;4.578448;1.871957;5.122036;1.349322;2.713960;1.702548;2.579916;4.139546;4.811077;3.461770;4.107600;3.194520;4.759191;5.134580;3.771977;4.304183;3.261682;2.117417;4.561208;2.159581;1.541832;1.580218;5.054411;1.865054;2.453583;4.167358;4.828743;1.502829;4.135086;2.768523;1.691598;4.311537;4.789517;4.896766;3.173539;4.754717;1.557853;3.614896;3.965859;1.629155;5.565866;6.055611;4.186765;3.878451;3.381130;3.024806;2.163120;2.551152;4.027136;3.450732;4.760508;3.885935;4.199596;2.646994;3.418986;2.625561;5.480371;3.635551;5.021537;6.193016;6.079861;9.312265;5.598014;4.559566;9.118795;5.206867;4.727893;4.883584;7.465212;6.501167;7.259807;7.047561;8.936659;8.877477;7.048565;5.361228;5.101593;8.952579;5.298676;4.272069;8.195357;7.106277;6.071979;6.109438;6.554582;7.294768;9.013467;7.273589;7.082562;5.212083;7.950726;7.403424;8.733357;3.678292;4.291563;7.061098;8.446538;5.888012;6.837106;7.155707;8.842381;8.196292;9.391771;7.088765;3.267442;7.499716;4.585135;8.045590;3.806944;7.439740;8.705836;7.513120;5.079986;6.027405;5.955940;9.279632;8.606321;7.024801;3.654062
0.580000;-5.602212;2.893748;3.499144;3.531597;2.989362;3.364300;1.819329;3.165524;4.117276;1.577771;5.332357;1.709870;3.279306;2.329535;3.655603;4.065481;2.585454;1.881058;2.945248;3.799879;5.351053;2.811540;3.815193;4.129295;1.673946;3.866175;3.465354;2.692645;3.507860;2.969031;4.814400;3.003357;4.510430;4.894414;4.793433;1.911452;2.977302;1.337667;3.571433;5.682012;4.930820;1.509757;5.128659;1.919548;5.024481;3.268314;4.033456;4.405506;5.607298;3.658143;2.761514;5.391671;2.710434;1.813339;3.120588;3.374580;3.837285;4.598080;1.867678;5.115580;1.349310;2.705014;1.695649;2.581947;4.135150;4.804398;3.457993;4.098253;3.192417;4.741701;5.128845;3.798409;4.290471;3.252634;2.113044;4.550835;2.153967;1.584077;1.578661;5.046377;1.860725;2.446484;4.166080;4.825254;1.500967;4.125929;2.764748;1.703775;4.324414;4.773613;4.890271;3.165098;4.753333;1.465945;3.612509;3.962084;1.625353;5.551315;6.042208;4.185332;3.868803;3.395796;3.019443;2.157349;2.547384;4.022354;3.444044;4.757676;3.884894;4.191425;2.646994;3.413640;2.620884;5.474475;3.621644;4.982496;6.189331;6.081117;9.309166;5.597553;4.557592;9.111937;5.198921;4.726063;4.883362;7.450570;6.486813;7.240360;7.059865;8.925807;8.867674;7.045583;5.362576;5.091413;8.940521;5.298677;4.288909;8.203625;7.128416;6.069153;6.083635;6.544637;7.260495;9.009880;7.273589;7.081959;5.210361;7.939077;7.396976;8.749119;3.687071;4.282301;7.057214;8.441822;5.884193;6.797740;7.152656;8.840291;8.164392;9.384766;7.081253;3.267441;7.487072;4.559951;8.043937;3.801669;7.425943;8.689788;7.500484;5.077908;6.003798;5.946370;9.264819;8.591930;7.023990;3.654060
0.580000;-5.055022;2.877223;3.491990;3.525503;2.983675;3.353957;1.819243;3.145444;4.113843;1.571432;5.327846;1.704548;3.270318;2.328422;3.633838;4.052161;2.341503;1.871973;2.940888;3.788439;5.344138;2.803186;3.812742;4.123295;1.665851;3.865515;3.457922;2.676643;3.499113;2.962665;4.814399;2.990838;4.505978;4.890696;4.791224;1.903060;2.969129;1.334066;3.560245;5.665195;4.923531;1.507414;5.125326;1.915375;5.013076;3.264863;4.031655;4.401788;5.597277;3.655143;2.754494;5.381525;2.706718;1.808852;3.112001;3.366557;3.848271;4.623656;1.862082;5.107577;1.349999;2.694496;1.687182;2.582556;4.129419;4.796161;3.452984;4.087345;3.189488;4.749664;5.121615;3.798409;4.275630;3.242013;2.107339;4.538962;2.146872;1.561238;1.576456;5.036760;1.855070;2.468383;4.164251;4.820594;1.498355;4.115217;2.759742;1.728285;4.372122;4.756934;4.882226;3.155073;4.751359;1.465772;3.609215;3.957080;1.620316;5.535751;6.027626;4.183296;3.857610;3.374491;3.012617;2.150079;2.542389;4.016185;3.435797;4.753819;3.883393;4.181663;2.646994;3.406843;2.614832;5.467072;3.606630;4.992806;6.184439;6.079875;9.304982;5.596874;4.554832;9.103513;5.189391;4.723487;4.882612;7.451348;6.504286;7.220853;7.088948;8.913485;8.856340;7.041541;5.361722;5.079722;8.927110;5.298676;4.217072;8.268046;7.099833;6.065299;6.059381;6.533165;7.230307;9.005097;7.273582;7.081074;5.207933;7.926029;7.388982;8.733372;3.686956;4.271478;7.052082;8.435720;5.879140;6.764088;7.148527;8.837379;8.135836;9.376184;7.072152;3.267442;7.484497;4.536139;8.041596;3.794939;7.411027;8.672984;7.486560;5.075010;5.981152;5.935252;9.249044;8.576506;7.022810;3.654060
0.580000;-5.467066;2.883595;3.494265;3.527512;2.985576;3.356903;1.819392;3.149431;4.115078;1.573506;5.329413;1.706348;3.273002;2.328244;3.618309;4.055562;2.340767;1.874676;2.942411;3.791567;5.346355;2.805734;3.813651;4.125280;1.668341;3.864572;3.460265;2.680344;3.501747;2.964744;4.814400;2.994129;4.507526;4.892021;4.792050;1.902992;2.971639;1.335354;3.563332;5.668965;4.925838;1.508285;5.126528;1.916841;5.016197;3.266103;4.032336;4.403114;5.600163;3.656237;2.756737;5.384430;2.708043;1.810412;3.114603;3.369034;3.843677;4.578012;1.863958;5.110049;1.363442;2.697468;1.689756;2.579719;4.131331;4.798685;3.454693;4.090384;3.190558;4.743773;5.123909;3.798409;4.279212;3.245006;2.109243;4.542159;2.149133;1.554478;1.577280;5.039565;1.856963;2.448352;4.164943;4.822206;1.499319;4.118219;2.761447;1.690839;4.326973;4.760693;4.884707;3.157956;4.752101;1.620681;3.610405;3.958790;1.622037;5.539412;6.031179;4.184061;3.860700;3.375287;3.014813;2.152380;2.544096;4.018214;3.438324;4.755188;3.883967;4.184498;2.646994;3.409030;2.616830;5.469405;3.610233;5.105933;6.186118;6.083907;9.306450;5.597140;4.555848;9.106076;5.192179;4.724439;4.882654;7.450200;6.486099;7.224811;7.045152;8.916750;8.859452;7.042966;5.359045;5.082893;8.930523;5.298676;4.558671;8.194622;7.102575;6.066666;6.063516;6.536298;7.234514;9.006746;7.273589;7.081418;5.208835;7.929398;7.391457;8.733622;3.685021;4.274506;7.053829;8.437736;5.880863;6.768318;7.149981;8.838443;8.140032;9.378781;7.074859;3.267442;7.484897;4.540269;8.042470;3.797109;7.414619;8.676758;7.490041;5.076070;5.985249;5.938330;9.252721;8.580150;7.023264;3.654060
0.580000;-5.707643;2.904315;3.498894;3.531311;2.989069;3.364329;1.821170;3.167902;4.117015;1.577494;5.332067;1.709575;3.279189;2.328480;3.621183;4.065985;2.621968;1.880949;2.944957;3.800052;5.350794;2.811363;3.814981;4.129007;1.673747;3.867914;3.465117;2.693767;3.507716;2.968753;4.814400;3.003715;4.510141;4.894145;4.793240;1.903530;2.977114;1.337400;3.571570;5.683362;4.930577;1.509551;5.128403;1.919263;5.024653;3.268053;4.033288;4.405234;5.607283;3.657901;2.761259;5.391672;2.710164;1.813048;3.120432;3.374381;3.826186;4.586457;1.867385;5.115378;1.357914;2.705057;1.695482;2.581954;4.134858;4.804222;3.457696;4.098347;3.192178;4.742644;5.128600;3.798409;4.291302;3.252692;2.112752;4.551077;2.153717;1.535009;1.578465;5.046319;1.860434;2.445074;4.165910;4.824964;1.500746;4.126003;2.764453;1.686470;4.366818;4.774917;4.890072;3.165081;4.753152;1.475836;3.612254;3.961789;1.625060;5.552320;6.042978;4.185147;3.868939;3.372050;3.019179;2.157107;2.547089;4.022071;3.443859;4.757399;3.884749;4.191382;2.646994;3.413378;2.620598;5.474239;3.622515;5.039419;6.189039;6.080446;9.308881;5.597482;4.557363;9.111769;5.198852;4.725842;4.881949;7.453623;6.483992;7.242538;7.049938;8.926111;8.867834;7.045302;5.358717;5.091629;8.941037;5.298679;4.238294;8.194573;7.102305;6.068875;6.087662;6.544816;7.267380;9.009585;7.273589;7.081867;5.210150;7.939517;7.396773;8.739207;3.678384;4.282387;7.056919;8.441539;5.883900;6.806494;7.152372;8.840054;8.170439;9.384607;7.081137;3.267442;7.495447;4.563784;8.043731;3.801399;7.426796;8.691123;7.501107;5.077670;6.007154;5.946497;9.265880;8.592900;7.023871;3.654060
0.580000;-4.385265;2.953890;3.491688;3.525249;2.983438;3.353521;1.820891;3.144903;4.113707;1.571166;5.327661;1.704327;3.269934;2.328549;3.618995;4.051627;2.621968;1.871587;2.940712;3.787965;5.343847;2.802831;3.812647;4.123047;1.665506;3.869112;3.457610;2.676065;3.498741;2.962398;4.814399;2.990330;4.505795;4.890549;4.791137;1.979441;2.968783;1.333922;3.559779;5.664609;4.923223;1.507324;5.125193;1.915204;5.012601;3.264724;4.031587;4.401638;5.596856;3.655025;2.754198;5.381094;2.706569;1.808669;3.111640;3.366217;3.833813;4.603392;1.861850;5.107238;1.349935;2.694051;1.686824;2.587673;4.129180;4.795811;3.452774;4.086887;3.189373;4.747412;5.121310;3.767136;4.275066;3.241568;2.107101;4.538474;2.146573;1.551090;1.576370;5.036355;1.854834;2.447199;4.164182;4.820404;1.498253;4.114763;2.759532;1.692098;4.315999;4.756354;4.881884;3.154649;4.751284;1.475836;3.609085;3.956873;1.620108;5.535181;6.027065;4.183217;3.857145;3.373469;3.012329;2.149771;2.542182;4.015928;3.435447;4.753664;3.883337;4.181248;2.646994;3.406554;2.614576;5.466758;3.606065;4.986145;6.184239;6.086308;9.304810;5.596849;4.554725;9.103154;5.188985;4.723388;4.884169;7.461404;6.492181;7.220302;7.048888;8.912980;8.855870;7.041378;5.358373;5.079242;8.926582;5.298677;4.279635;8.196446;7.101037;6.065142;6.059048;6.532690;7.230625;9.004900;7.273585;7.081041;5.207838;7.925511;7.388643;8.741200;3.678936;4.271025;7.051869;8.435477;5.878932;6.764992;7.148360;8.837263;8.135927;9.375820;7.071768;3.267442;7.484193;4.535789;8.041510;3.794659;7.410459;8.672406;7.486019;5.074897;5.980721;5.934788;9.248470;8.575936;7.022766;3.654061
0.580000;-5.442343;2.881855;3.494135;3.527400;2.985470;3.356736;1.820591;3.149377;4.115012;1.573388;5.329328;1.706247;3.272847;2.337839;3.618295;4.055385;2.621968;1.874520;2.942328;3.791394;5.346229;2.805591;3.813604;4.125169;1.668199;3.865183;3.460132;2.680187;3.501597;2.964626;4.814399;2.993954;4.507443;4.891950;4.792007;1.911745;2.971495;1.335286;3.563160;5.668829;4.925707;1.508242;5.126465;1.916763;5.016026;3.266037;4.032303;4.403042;5.599998;3.656180;2.756611;5.384266;2.707971;1.810326;3.114450;3.368892;3.826434;4.582338;1.863853;5.109908;1.351575;2.697299;1.689608;2.581135;4.131223;4.798541;3.454599;4.090215;3.190502;4.741958;5.123778;3.794709;4.279042;3.244837;2.109137;4.541984;2.149006;1.554763;1.577238;5.039409;1.856857;2.456466;4.164908;4.822116;1.499269;4.118052;2.761356;1.690660;4.312050;4.760549;4.884564;3.157793;4.752065;1.465610;3.610342;3.958697;1.621942;5.539251;6.031009;4.184022;3.860529;3.422804;3.014687;2.152250;2.544003;4.018101;3.438178;4.755114;3.883938;4.184339;2.646994;3.408909;2.616718;5.469273;3.610063;5.051761;6.186027;6.081570;9.306371;5.597127;4.555794;9.105928;5.192020;4.724389;4.883355;7.457846;6.486992;7.224741;7.078302;8.916572;8.859278;7.042889;5.358575;5.082719;8.930352;5.298679;4.236840;8.197783;7.136973;6.066590;6.063659;6.536124;7.235127;9.006653;7.273582;7.081400;5.208787;7.929219;7.391311;8.738344;3.684530;4.274335;7.053731;8.437623;5.880767;6.769300;7.149903;8.838387;8.140491;9.378633;7.074701;3.267441;7.484656;4.540385;8.042425;3.796987;7.414446;8.676615;7.489863;5.076015;5.985303;5.938159;9.252563;8.579988;7.023242;3.654060
0.580000;-4.564623;2.924644;3.498776;3.531206;2.988971;3.364184;1.822408;3.167904;4.116952;1.577383;5.331986;1.709480;3.279052;2.332994;3.703405;4.065846;2.437519;1.880806;2.944881;3.799908;5.350677;2.811232;3.814934;4.128904;1.673622;3.869361;3.464996;2.693659;3.507585;2.968645;4.814400;3.003570;4.510059;4.894073;4.793197;1.912971;2.976984;1.337333;3.571425;5.683273;4.930457;1.509507;5.128339;1.919187;5.024508;3.267989;4.033253;4.405166;5.607140;3.657845;2.761142;5.391529;2.710094;1.812967;3.120299;3.374252;3.831435;4.667077;1.867286;5.115252;1.349702;2.704914;1.695350;2.583565;4.134758;4.804085;3.457606;4.098203;3.192122;4.744129;5.128480;3.798409;4.291177;3.252547;2.112651;4.550931;2.153596;1.534595;1.578423;5.046180;1.860333;2.442789;4.165875;4.824878;1.500695;4.125863;2.764362;1.697760;4.327056;4.774823;4.889945;3.164940;4.753114;1.467879;3.612192;3.961699;1.624969;5.552201;6.042850;4.185109;3.868795;3.371804;3.019064;2.156984;2.547000;4.021966;3.443730;4.757329;3.884720;4.191238;2.646994;3.413267;2.620494;5.474117;3.622392;4.992837;6.188951;6.094808;9.308806;5.597468;4.557310;9.111635;5.198712;4.725794;4.883195;7.466148;6.483715;7.242523;7.065605;8.925975;8.867686;7.045228;5.358444;5.091484;8.940904;5.298677;4.212642;8.200497;7.102033;6.068804;6.087859;6.544672;7.268018;9.009500;7.273585;7.081851;5.210104;7.939380;7.396646;8.736736;3.678365;4.282240;7.056828;8.441429;5.883809;6.807475;7.152294;8.839999;8.170937;9.384471;7.081003;3.267442;7.491921;4.563956;8.043688;3.801286;7.426670;8.691030;7.500972;5.077617;6.007266;5.946352;9.265776;8.592783;7.023848;3.654061
0.580000;-5.668781;2.899523;3.496650;3.529392;2.987276;3.361132;1.831599;3.162168;4.115924;1.575495;5.330639;1.707893;3.276385;2.330991;3.627483;4.061942;2.621968;1.878115;2.943578;3.796538;5.348619;2.808755;3.814200;4.127116;1.671220;3.865742;3.462789;2.689013;3.504991;2.966748;4.814400;2.999893;4.508731;4.892963;4.792534;1.904463;2.974559;1.336257;3.568128;5.678388;4.928291;1.508806;5.127343;1.917941;5.021148;3.266956;4.032715;4.404054;5.604181;3.656947;2.759055;5.388530;2.708985;1.811628;3.117752;3.371871;3.863390;4.583423;1.865618;5.112876;1.355085;2.701808;1.692839;2.579694;4.133049;4.801640;3.456113;4.094986;3.191246;4.751869;5.126331;3.781528;4.286851;3.249414;2.110951;4.547441;2.151489;1.532425;1.577763;5.043336;1.858649;2.441820;4.165328;4.823486;1.499915;4.122695;2.762868;1.776332;4.334860;4.769990;4.887557;3.161979;4.752522;1.496850;3.611207;3.960206;1.623465;5.547679;6.038594;4.184498;3.865497;3.373488;3.017034;2.154821;2.545509;4.020128;3.441284;4.756176;3.884270;4.188352;2.646994;3.411243;2.618689;5.471917;3.618021;4.961506;6.187491;6.079867;9.307555;5.597264;4.556485;9.109138;5.195894;4.725023;4.882404;7.456828;6.498632;7.236939;7.045101;8.922359;8.864353;7.044021;5.358564;5.088042;8.936979;5.298678;4.209526;8.196048;7.098373;6.067653;6.081080;6.541293;7.259906;9.008074;7.273589;7.081585;5.209378;7.935557;7.394277;8.733322;3.686573;4.279052;7.055294;8.439620;5.882301;6.798683;7.151064;8.839127;8.163169;9.381931;7.078309;3.267441;7.487371;4.557287;8.042988;3.799285;7.422323;8.686169;7.496901;5.076749;6.000884;5.943076;9.261184;8.588297;7.023495;3.654061
0.580000;-4.752477;2.897756;3.488478;3.522575;2.980962;3.348604;1.822040;3.133917;4.112283;1.568368;5.325744;1.702027;3.265763;2.328574;3.619677;4.044981;2.581047;1.867363;2.938866;3.782425;5.340758;2.799001;3.811653;4.120418;1.661813;3.864630;3.454262;2.667758;3.494701;2.959586;4.814400;2.984154;4.503905;4.888993;4.790245;1.919814;2.965047;1.332421;3.554385;5.655774;4.919948;1.506376;5.123813;1.913445;5.007078;3.263291;4.030866;4.400084;5.592119;3.653792;2.751061;5.376288;2.705016;1.806763;3.107680;3.362560;3.830378;4.613921;1.859418;5.103591;1.349690;2.689034;1.682932;2.579406;4.126682;4.792038;3.450623;4.081652;3.188170;4.750285;5.118065;3.798409;4.267484;3.236499;2.104615;4.532684;2.143395;1.646134;1.575479;5.031837;1.852373;2.443076;4.163449;4.818417;1.497188;4.109634;2.757383;1.689482;4.375588;4.747613;4.878215;3.149911;4.750490;1.465953;3.607721;3.954726;1.617942;5.527157;6.019648;4.182398;3.851749;3.371806;3.009292;2.146505;2.540038;4.013214;3.431672;4.752047;3.882740;4.176654;2.646994;3.403529;2.611922;5.463423;3.598381;4.977746;6.182139;6.082224;9.303044;5.596584;4.553597;9.099286;5.184520;4.722341;4.881898;7.452224;6.487751;7.209705;7.087905;8.906934;8.850392;7.039676;5.358466;5.073558;8.919886;5.298677;4.242193;8.220428;7.110819;6.063530;6.045168;6.527133;7.212394;9.002860;7.273582;7.080696;5.206853;7.919035;7.385002;8.743184;3.678302;4.265841;7.049658;8.432794;5.876760;6.744157;7.146621;8.836069;8.118918;9.371873;7.067542;3.267441;7.498655;4.522210;8.040564;3.791669;7.402839;8.663591;7.479011;5.073708;5.967968;5.929433;9.240309;8.567997;7.022301;3.654061
0.580000;-5.476210;2.883610;3.496469;3.529268;2.987171;3.360696;1.819292;3.160102;4.115896;1.575363;5.330580;1.707805;3.276077;2.340639;3.619924;4.061152;2.432542;1.877799;2.943525;3.795988;5.348455;2.808496;3.814190;4.126997;1.670976;3.864624;3.462592;2.687797;3.504699;2.966612;4.814400;2.999209;4.508673;4.892927;4.792527;1.917931;2.974312;1.336225;3.567607;5.677032;4.928102;1.508796;5.127316;1.917893;5.020602;3.266926;4.032710;4.404019;5.603778;3.656928;2.758883;5.388116;2.708950;1.811570;3.117473;3.371634;3.826516;4.645516;1.865520;5.112640;1.349813;2.701358;1.692570;2.579696;4.132945;4.801390;3.456034;4.094497;3.191228;4.745980;5.126147;3.798409;4.285833;3.248953;2.110846;4.546839;2.151316;1.530057;1.577754;5.042970;1.858546;2.461475;4.165324;4.823425;1.499901;4.122227;2.762792;1.686428;4.346763;4.768649;4.887318;3.161574;4.752518;1.523222;3.611181;3.960131;1.623389;5.546541;6.037618;4.184494;3.864973;3.376156;3.016873;2.154636;2.545434;4.020002;3.441031;4.756137;3.884269;4.187973;2.646994;3.411085;2.618571;5.471722;3.616968;4.970617;6.187419;6.081860;9.307508;5.597266;4.556468;9.108871;5.195537;4.725010;4.881980;7.451100;6.483447;7.234998;7.057578;8.921700;8.863810;7.043976;5.368577;5.087464;8.936173;5.298676;4.289025;8.200668;7.103048;6.067615;6.077884;6.540736;7.254679;9.008003;7.273589;7.081587;5.209366;7.934807;7.394039;8.737371;3.678764;4.278567;7.055214;8.439493;5.882221;6.792063;7.151019;8.839109;8.158553;9.381647;7.077988;3.267442;7.484276;4.554219;8.042976;3.799131;7.421288;8.684800;7.496024;5.076730;5.998145;5.942560;9.260005;8.587181;7.023496;3.654060
0.580000;-5.708551;2.905705;3.496745;3.529545;2.987443;3.360888;1.823981;3.159196;4.116107;1.575639;5.330828;1.708071;3.276318;2.328245;3.614574;4.061144;2.345413;1.878039;2.943768;3.796119;5.348732;2.808753;3.814355;4.127274;1.671243;3.886223;3.462871;2.687505;3.504952;2.966889;4.814400;2.999268;4.508920;4.893149;4.792677;1.907817;2.974575;1.336441;3.567754;5.676638;4.928378;1.508956;5.127523;1.918131;5.020735;3.267138;4.032839;4.404241;5.603985;3.657119;2.759161;5.388316;2.709171;1.811817;3.117731;3.371901;3.826760;4.586133;1.865789;5.112908;1.351885;2.701541;1.692827;2.597693;4.133217;4.801651;3.456296;4.094659;3.191417;4.741946;5.126422;3.798409;4.285670;3.249131;2.111118;4.546942;2.151591;1.532374;1.577906;5.043190;1.858816;2.451614;4.165452;4.823677;1.500075;4.122403;2.763049;1.691128;4.311121;4.768273;4.887584;3.161781;4.752657;1.475836;3.611387;3.960390;1.623649;5.546301;6.037488;4.184636;3.865119;3.371808;3.017150;2.154915;2.545693;4.020278;3.441291;4.756363;3.884379;4.188191;2.646994;3.411360;2.618845;5.471996;3.616798;4.975678;6.187675;6.082941;9.307747;5.597319;4.556650;9.109130;5.195760;4.725183;4.882004;7.465228;6.483690;7.234200;7.053427;8.921774;8.863948;7.044209;5.358377;5.087579;8.936157;5.298677;4.219128;8.204970;7.098356;6.067842;6.076133;6.540869;7.251371;9.008259;7.273582;7.081654;5.209531;7.934823;7.394306;8.755921;3.678383;4.278735;7.055477;8.439770;5.882486;6.787700;7.151252;8.839295;8.155711;9.381903;7.078226;3.267442;7.486091;4.552571;8.043136;3.799409;7.421127;8.684407;7.495964;5.076919;5.996747;5.942709;9.259742;8.586961;7.023584;3.654059
0.580000;-5.803778;2.918591;3.490316;3.524082;2.982350;3.351524;1.822639;3.140776;4.113050;1.569953;5.326798;1.703308;3.268205;2.328831;3.628610;4.049020;2.584907;1.869836;2.939879;3.785746;5.342521;2.801232;3.812179;4.121898;1.663954;3.885427;3.456183;2.672881;3.497062;2.961178;4.814400;2.987887;4.504944;4.889835;4.790716;1.904052;2.967213;1.333232;3.557611;5.661248;4.921827;1.506875;5.124555;1.914407;5.010387;3.264064;4.031242;4.400926;5.594920;3.654451;2.752854;5.379138;2.705856;1.807810;3.109989;3.364677;3.861184;4.662545;1.860779;5.105701;1.350218;2.692019;1.685197;2.593293;4.128083;4.794226;3.451818;4.084776;3.188812;4.745280;5.119923;3.798409;4.272133;3.239516;2.106009;4.536166;2.145213;1.538868;1.575947;5.034504;1.853752;2.464359;4.163830;4.819514;1.497753;4.112692;2.758573;1.700414;4.311632;4.753017;4.880340;3.152716;4.750906;1.478192;3.608454;3.955917;1.619146;5.532096;6.024190;4.182827;3.854978;3.390406;3.011022;2.148379;2.541227;4.014747;3.433865;4.752925;3.883049;4.179371;2.646994;3.405253;2.613419;5.465340;3.603097;5.064756;6.183303;6.090322;9.304010;5.596719;4.554197;9.101540;5.187149;4.722895;4.881921;7.460767;6.494327;7.216309;7.045116;8.910588;8.853673;7.040603;5.358986;5.076971;8.923958;5.298678;4.261208;8.197958;7.098678;6.064405;6.053854;6.530464;7.223724;9.003988;7.273585;7.080870;5.207374;7.922963;7.387112;8.736870;3.684653;4.268933;7.050887;8.434303;5.877964;6.757004;7.147572;8.836707;8.129520;9.374174;7.070015;3.267441;7.485378;4.530710;8.041059;3.793367;7.407517;8.669033;7.483284;5.074343;5.975946;5.932633;9.245336;8.572881;7.022540;3.654061
0.580000;-4.585640;2.920657;3.498421;3.530958;2.988757;3.363388;1.821539;3.164711;4.116887;1.577114;5.331861;1.709299;3.278463;2.335576;3.639543;4.064480;2.621968;1.880205;2.944766;3.798921;5.350347;2.810730;3.814908;4.128661;1.673156;3.899292;3.464608;2.691655;3.507029;2.968368;4.814400;3.002370;4.509938;4.893995;4.793175;1.902559;2.976507;1.337261;3.570485;5.681052;4.930086;1.509484;5.128280;1.919084;5.023527;3.267923;4.033243;4.405087;5.606399;3.657799;2.760799;5.390766;2.710014;1.812845;3.119766;3.373795;3.829755;4.584394;1.867081;5.114795;1.350212;2.704087;1.694834;2.579394;4.134541;4.803597;3.457446;4.097312;3.192080;4.753015;5.128117;3.761823;4.289464;3.251706;2.112437;4.549863;2.153248;1.539059;1.578404;5.045497;1.860124;2.442000;4.165865;4.824743;1.500666;4.124996;2.764202;1.713233;4.354218;4.772639;4.889484;3.164196;4.753101;1.475836;3.612134;3.961540;1.624808;5.550310;6.041197;4.185094;3.867850;3.372540;3.018744;2.156615;2.546842;4.021709;3.443243;4.757244;3.884716;4.190536;2.646994;3.412945;2.620248;5.473732;3.620640;4.969713;6.188798;6.080252;9.308702;5.597471;4.557273;9.111128;5.198045;4.725764;4.882812;7.450034;6.486869;7.239513;7.046958;8.924819;8.866724;7.045133;5.360523;5.090449;8.939527;5.298676;4.211809;8.197187;7.101825;6.068720;6.083214;6.543678;7.260964;9.009358;7.273589;7.081852;5.210078;7.938075;7.396193;8.735779;3.678393;4.281366;7.056660;8.441186;5.883646;6.798902;7.152195;8.839955;8.164576;9.383944;7.080401;3.267442;7.513172;4.559483;8.043664;3.800977;7.424942;8.688816;7.499479;5.077576;6.003204;5.945424;9.263828;8.590931;7.023849;3.654061
0.580000;-5.757902;2.909205;3.505231;3.536645;2.994027;3.373798;1.836838;3.187916;4.119933;1.583060;5.335952;1.714195;3.287303;2.328911;3.683950;4.078528;2.621968;1.889158;2.948703;3.810635;5.356902;2.818855;3.817039;4.134253;1.680989;3.869742;3.471715;2.709206;3.515592;2.974343;4.814400;3.015420;4.513969;4.897316;4.795094;1.941076;2.984429;1.340468;3.581895;5.699702;4.937039;1.511518;5.131232;1.922841;5.035204;3.270988;4.034791;4.408406;5.616428;3.660439;2.767464;5.400941;2.713333;1.816908;3.128156;3.381550;3.850734;4.645742;1.872256;5.122529;1.352701;2.714701;1.703082;2.585266;4.139858;4.811599;3.462029;4.108386;3.194653;4.754271;5.135007;3.771055;4.305481;3.262437;2.117726;4.562105;2.159996;1.559237;1.580314;5.055057;1.865362;2.442229;4.167437;4.828980;1.502949;4.135852;2.768788;1.686172;4.320190;4.791101;4.897263;3.174227;4.754802;1.525664;3.615050;3.966118;1.629419;5.567273;6.056869;4.186853;3.879268;3.376496;3.025199;2.163552;2.551411;4.027477;3.451248;4.760695;3.885998;4.200256;2.646994;3.419377;2.625895;5.480812;3.636872;4.975022;6.193268;6.080008;9.312471;5.598041;4.559689;9.119329;5.207502;4.728010;4.883434;7.450925;6.507667;7.261894;7.049929;8.937609;8.878309;7.048763;5.359942;5.102468;8.953673;5.298677;4.250976;8.206270;7.098378;6.072166;6.112526;6.555431;7.299376;9.013708;7.273578;7.082599;5.212192;7.951770;7.403917;8.736147;3.681238;4.292337;7.061367;8.446874;5.888278;6.842706;7.155911;8.842515;8.200448;9.392313;7.089356;3.267442;7.510262;4.588127;8.045693;3.807327;7.441053;8.707438;7.514286;5.080119;6.030136;5.956748;9.281067;8.607701;7.024848;3.654060
0.580000;-5.493901;2.884687;3.496397;3.529226;2.987139;3.360489;1.837919;3.159260;4.115902;1.575312;5.330573;1.707782;3.275933;2.329983;3.621038;4.060784;2.356455;1.877651;2.943520;3.795730;5.348389;2.808375;3.814201;4.126958;1.670873;3.868624;3.462508;2.687254;3.504566;2.966562;4.814400;2.998892;4.508667;4.892930;4.792541;1.953453;2.974200;1.336228;3.567360;5.676424;4.928023;1.508808;5.127324;1.917890;5.020343;3.266932;4.032722;4.404021;5.603591;3.656937;2.758812;5.387921;2.708951;1.811562;3.117349;3.371530;3.826149;4.579237;1.865489;5.112537;1.393040;2.701144;1.692447;2.610202;4.132910;4.801273;3.456020;4.094259;3.191238;4.742593;5.126070;3.798409;4.285370;3.248735;2.110813;4.546555;2.151236;1.534771;1.577768;5.042800;1.858513;2.441952;4.165338;4.823413;1.499913;4.122005;2.762776;1.700347;4.317335;4.768060;4.887213;3.161387;4.752531;1.534914;3.611189;3.960113;1.623371;5.546029;6.037170;4.184507;3.864727;3.374648;3.016810;2.154560;2.545417;4.019957;3.440920;4.756139;3.884282;4.187802;2.646994;3.411021;2.618530;5.471638;3.616495;5.165443;6.187402;6.086951;9.307505;5.597274;4.556480;9.108751;5.195369;4.725023;4.884694;7.459605;6.484222;7.234203;7.046832;8.921396;8.863556;7.043976;5.361016;5.087189;8.935795;5.298677;4.226080;8.196996;7.105484;6.067616;6.076715;6.540477;7.253047;9.007992;7.273589;7.081596;5.209379;7.934456;7.393938;8.733303;3.680496;4.278339;7.055196;8.439452;5.882204;6.790189;7.151015;8.839119;8.157047;9.381526;7.077836;3.267442;7.489227;4.553089;8.042992;3.799070;7.420821;8.684200;7.495623;5.076743;5.997107;5.942318;9.259483;8.586679;7.023507;3.654061
0.580000;-5.810249;2.916086;3.506563;3.537802;2.995115;3.375601;1.820709;3.190612;4.120616;1.584258;5.336834;1.715222;3.288914;2.330068;3.624520;4.080698;2.621968;1.890781;2.949558;3.812579;5.358192;2.820370;3.817537;4.135394;1.682469;3.868085;3.473093;2.711633;3.517172;2.975547;4.814399;3.017494;4.514841;4.898055;4.795543;1.912912;2.985918;1.341183;3.583809;5.702189;4.938392;1.511993;5.131899;1.923662;5.037144;3.271676;4.035160;4.409144;5.618185;3.661041;2.768775;5.402715;2.714070;1.817785;3.129710;3.383016;3.835917;4.730008;1.873329;5.123994;1.350242;2.716527;1.704617;2.579371;4.140953;4.813096;3.463002;4.110262;3.195242;4.742022;5.136350;3.798409;4.307804;3.264274;2.118817;4.564105;2.161318;1.547001;1.580764;5.056762;1.866442;2.536942;4.167813;4.829889;1.503475;4.137698;2.769754;1.702565;4.312092;4.793582;4.898733;3.175985;4.755206;1.471795;3.615710;3.967087;1.630395;5.569652;6.059165;4.187271;3.881179;3.382469;3.026477;2.164900;2.552379;4.028647;3.452747;4.761457;3.886306;4.201985;2.646994;3.420650;2.627043;5.482182;3.639214;4.975263;6.194219;6.083580;9.313293;5.598183;4.560246;9.120858;5.209195;4.728531;4.887802;7.450473;6.484686;7.264560;7.045156;8.939664;8.880240;7.049562;5.360388;5.104444;8.955854;5.298676;4.246009;8.200481;7.101311;6.072929;6.115338;6.557379;7.302081;9.014643;7.273593;7.082783;5.212685;7.953905;7.405378;8.739136;3.681320;4.294203;7.062359;8.448034;5.889254;6.845225;7.156723;8.843102;8.203220;9.393866;7.090987;3.267441;7.484825;4.590929;8.046167;3.808592;7.443377;8.709933;7.516516;5.080701;6.032924;5.958652;9.283476;8.610080;7.025093;3.654061
0.580000;-5.626526;2.896748;3.487995;3.522088;2.980481;3.348277;1.829679;3.135441;4.111907;1.567882;5.325305;1.701556;3.265341;2.328984;3.621262;4.045006;2.411981;1.866943;2.938432;3.782205;5.340272;2.798550;3.811357;4.119932;1.661349;3.891762;3.453780;2.668265;3.494266;2.959098;4.814400;2.984069;4.503470;4.888597;4.789974;1.906271;2.964585;1.332032;3.554136;5.656463;4.919464;1.506090;5.123444;1.913023;5.006855;3.262913;4.030637;4.399689;5.591763;3.653449;2.750574;5.375946;2.704619;1.806324;3.107239;3.362093;3.856900;4.620964;1.858940;5.103124;1.353405;2.688724;1.682485;2.586796;4.126202;4.791578;3.450163;4.081379;3.187833;4.745670;5.117581;3.708680;4.267768;3.236195;2.104135;4.532513;2.142910;1.529707;1.575207;5.031454;1.851895;2.468851;4.163216;4.817969;1.496880;4.109341;2.756926;1.704842;4.312821;4.748267;4.877752;3.149556;4.750243;1.465646;3.607354;3.954265;1.617482;5.527575;6.019883;4.182143;3.851504;3.379235;3.008803;2.146022;2.539578;4.012728;3.431217;4.751643;3.882544;4.176283;2.646994;3.403040;2.611436;5.462942;3.598696;5.043767;6.181684;6.080372;9.302620;5.596490;4.553276;9.098832;5.184129;4.722034;4.886567;7.452755;6.483903;7.211066;7.045103;8.906818;8.850152;7.039259;5.361290;5.073365;8.919920;5.298677;4.292815;8.210892;7.104135;6.063126;6.048037;6.526916;7.217648;9.002408;7.273593;7.080573;5.206559;7.919016;7.384534;8.738014;3.678473;4.265555;7.049192;8.432306;5.876296;6.750994;7.146200;8.835732;8.123469;9.371425;7.067122;3.267442;7.490410;4.524930;8.040278;3.791178;7.403131;8.664268;7.479130;5.073373;5.970291;5.929178;9.240767;8.568388;7.022142;3.654061
0.580000;-5.076351;2.876835;3.496571;3.529391;2.987298;3.360664;1.849711;3.158993;4.116014;1.575482;5.330709;1.707935;3.276119;2.328481;3.620954;4.060898;2.621968;1.877832;2.943653;3.795886;5.348563;2.808564;3.814288;4.127123;1.671052;3.864805;3.462686;2.687259;3.504749;2.966729;4.814400;2.999026;4.508804;4.893050;4.792618;1.903257;2.974382;1.336345;3.567522;5.676388;4.928201;1.508891;5.127433;1.918021;5.020501;3.267045;4.032789;4.404141;5.603765;3.657039;2.758990;5.388095;2.709070;1.811699;3.117528;3.371711;3.867540;4.607044;1.865646;5.112718;1.354911;2.701317;1.692630;2.583343;4.133070;4.801456;3.456166;4.094429;3.191337;4.743117;5.126247;3.798409;4.285429;3.248906;2.110974;4.546705;2.151421;1.541832;1.577846;5.042980;1.858673;2.458799;4.165403;4.823554;1.500003;4.122173;2.762921;1.703567;4.335000;4.768030;4.887394;3.161562;4.752602;1.486299;3.611298;3.960261;1.623517;5.546058;6.037242;4.184579;3.864889;3.372927;3.016982;2.154737;2.545564;4.020122;3.441100;4.756261;3.884338;4.187973;2.646994;3.411192;2.618691;5.471817;3.616549;4.961034;6.187546;6.082887;9.307634;5.597301;4.556574;9.108932;5.195549;4.725112;4.886200;7.455163;6.483697;7.233985;7.045406;8.921533;8.863718;7.044103;5.358370;5.087342;8.935912;5.298678;4.341861;8.196013;7.123785;6.067738;6.076008;6.540634;7.251450;9.008134;7.273589;7.081630;5.209464;7.934583;7.394117;8.733343;3.689114;4.278505;7.055343;8.439618;5.882354;6.787918;7.151146;8.839217;8.155728;9.381711;7.078025;3.267442;7.485314;4.552443;8.043073;3.799239;7.420879;8.684169;7.495716;5.076839;5.996589;5.942482;9.259497;8.586713;7.023551;3.654061
0.580000;-4.618223;2.914559;3.486583;3.520884;2.979358;3.346258;1.821845;3.131655;4.111225;1.566631;5.324409;1.700503;3.263579;2.329746;3.617677;4.042428;2.583873;1.865162;2.937569;3.779977;5.338909;2.796910;3.810870;4.118748;1.659757;3.865270;3.452318;2.665198;3.492548;2.957841;4.814399;2.981638;4.502586;4.887859;4.789534;1.916116;2.962980;1.331319;3.551956;5.653254;4.918028;1.505624;5.122781;1.912194;5.004633;3.262228;4.030278;4.398950;5.589804;3.652852;2.749190;5.373960;2.703881;1.805436;3.105548;3.360517;3.827558;4.584764;1.857833;5.101551;1.352470;2.686670;1.680822;2.580402;4.125069;4.789963;3.449170;4.079248;3.187251;4.745558;5.116155;3.798409;4.264910;3.234122;2.103007;4.530205;2.141513;1.532086;1.574770;5.029576;1.850777;2.442538;4.162853;4.817046;1.496358;4.107246;2.755934;1.686032;4.319996;4.745079;4.876171;3.147597;4.749849;1.486231;3.606700;3.953274;1.616485;5.524585;6.017071;4.181738;3.849322;3.389871;3.007457;2.144589;2.538589;4.011509;3.429595;4.750878;3.882245;4.174374;2.646994;3.401701;2.610241;5.461484;3.595805;5.004394;6.180715;6.080659;9.301789;5.596354;4.552726;9.097180;5.182265;4.721522;4.887323;7.492571;6.560740;7.207378;7.049911;8.904426;8.847948;7.038458;5.360309;5.071091;8.917327;5.298679;4.215307;8.210505;7.098818;6.062360;6.043562;6.524681;7.212264;9.001460;7.273578;7.080396;5.206077;7.916485;7.382962;8.736576;3.678286;4.263443;7.048179;8.431105;5.875295;6.745109;7.145381;8.835151;8.118324;9.369745;7.065341;3.267442;7.484277;4.520517;8.039814;3.789851;7.400259;8.661056;7.476440;5.072798;5.966070;5.927011;9.237741;8.565424;7.021907;3.654061
0.580000;-6.184173;2.989655;3.496672;3.529482;2.987384;3.360789;1.822114;3.159157;4.116074;1.575575;5.330783;1.708019;3.276232;2.348473;3.616719;4.061036;2.621968;1.877947;2.943725;3.796015;5.348664;2.808669;3.814334;4.127212;1.671161;3.872356;3.462787;2.687411;3.504860;2.966824;4.814400;2.999161;4.508875;4.893114;4.792660;1.909798;2.974490;1.336407;3.567650;5.676552;4.928301;1.508935;5.127492;1.918090;5.020631;3.267106;4.032825;4.404205;5.603887;3.657093;2.759086;5.388217;2.709135;1.811773;3.117645;3.371818;3.855917;4.580432;1.865732;5.112824;1.349501;2.701440;1.692742;2.587169;4.133158;4.801569;3.456244;4.094555;3.191391;4.748707;5.126348;3.798409;4.285574;3.249030;2.111060;4.546837;2.151517;1.623499;1.577887;5.043097;1.858759;2.441543;4.165438;4.823631;1.500052;4.122297;2.763000;1.691001;4.317290;4.768183;4.887502;3.161683;4.752639;1.645559;3.611357;3.960341;1.623600;5.546202;6.037385;4.184619;3.865017;3.385881;3.017078;2.154839;2.545644;4.020215;3.441209;4.756326;3.884366;4.188094;2.646994;3.411291;2.618782;5.471920;3.616695;4.966572;6.187626;6.080173;9.307700;5.597313;4.556624;9.109044;5.195668;4.725159;4.882885;7.465061;6.487116;7.234149;7.053273;8.921661;8.863844;7.044171;5.360113;5.087474;8.936049;5.298678;4.282220;8.194592;7.118567;6.067804;6.076185;6.540763;7.251614;9.008212;7.273582;7.081646;5.209510;7.934719;7.394228;8.734082;3.684497;4.278634;7.055428;8.439710;5.882432;6.788050;7.151215;8.839270;8.155896;9.381817;7.078140;3.267442;7.485273;4.552614;8.043116;3.799340;7.421026;8.684325;7.495859;5.076892;5.996762;5.942610;9.259646;8.586862;7.023574;3.654061
0.580000;-5.376298;2.878185;3.498451;3.530917;2.988696;3.363765;1.819202;3.167132;4.116767;1.577086;5.331756;1.709219;3.278666;2.328399;3.614720;4.065334;2.436925;1.880425;2.944658;3.799452;5.350358;2.810871;3.814797;4.128617;1.673267;3.886800;3.464661;2.693061;3.507210;2.968345;4.814400;3.003084;4.509833;4.893879;4.793072;1.903300;2.976627;1.337141;3.570977;5.682640;4.930127;1.509375;5.128160;1.918972;5.024054;3.267804;4.033150;4.404970;5.606730;3.657681;2.760819;5.391113;2.709897;1.812738;3.119928;3.373899;3.826632;4.589914;1.867015;5.114899;1.355161;2.704488;1.694983;2.584454;4.134482;4.803730;3.457359;4.097765;3.191963;4.741403;5.128152;3.798409;4.290617;3.252117;2.112376;4.550464;2.153278;1.533057;1.578297;5.045780;1.860059;2.447363;4.165770;4.824645;1.500551;4.125425;2.764116;1.692521;4.311473;4.774197;4.889591;3.164527;4.753001;1.475836;3.612016;3.961452;1.624720;5.551620;6.042298;4.184992;3.868350;3.376555;3.018749;2.156658;2.546751;4.021673;3.443372;4.757126;3.884633;4.190836;2.646994;3.412955;2.620204;5.473783;3.621827;4.961153;6.188705;6.087193;9.308593;5.597427;4.557158;9.111271;5.198314;4.725651;4.881923;7.460178;6.489161;7.241769;7.053237;8.925494;8.867239;7.045019;5.358534;5.091019;8.940385;5.298678;4.209966;8.196934;7.105627;6.068604;6.086834;6.544215;7.266511;9.009259;7.273582;7.081798;5.209967;7.938877;7.396295;8.733387;3.683311;4.281805;7.056574;8.441145;5.883557;6.805615;7.152084;8.839840;8.169578;9.384100;7.080614;3.267442;7.488977;4.562956;8.043556;3.800974;7.426107;8.690393;7.500439;5.077458;6.006342;5.945908;9.265177;8.592204;7.023778;3.654061
0.580000;-6.313118;3.020753;3.495660;3.528576;2.986523;3.359556;1.832167;3.158117;4.115499;1.574646;5.330062;1.707197;3.275076;2.330863;3.621117;4.059723;2.579195;1.876788;2.943024;3.794739;5.347671;2.807557;3.813905;4.126316;1.670071;3.880403;3.461757;2.686129;3.503723;2.965889;4.814399;2.997858;4.508161;4.892500;4.792269;1.902346;2.973395;1.335810;3.566381;5.675302;4.927280;1.508523;5.126931;1.917413;5.019356;3.266528;4.032501;4.403591;5.602672;3.656581;2.758089;5.386995;2.708519;1.811053;3.116515;3.370735;3.827266;4.622455;1.864880;5.111742;1.354295;2.700200;1.691622;2.583446;4.132291;4.800467;3.455461;4.093299;3.190888;4.742107;5.125329;3.798409;4.284270;3.247783;2.110196;4.545547;2.150508;1.642409;1.577498;5.041901;1.857901;2.460385;4.165111;4.822893;1.499598;4.121047;2.762222;1.692175;4.315156;4.766926;4.886415;3.160467;4.752288;1.471912;3.610801;3.959557;1.622813;5.544911;6.036076;4.184256;3.863752;3.431215;3.016100;2.153816;2.544862;4.019300;3.440108;4.755692;3.884095;4.186891;2.641464;3.410316;2.617881;5.470887;3.615390;4.997733;6.186858;6.093266;9.307025;5.597187;4.556149;9.107926;5.194476;4.724712;4.881893;7.458360;6.490107;7.233056;7.046188;8.920364;8.862571;7.043510;5.359406;5.086189;8.934728;5.298678;4.235569;8.209250;7.106172;6.067171;6.075626;6.539486;7.252132;9.007455;7.273585;7.081484;5.209084;7.933407;7.393141;8.735724;3.683925;4.277379;7.054628;8.438796;5.881643;6.789398;7.150542;8.838772;8.156072;9.380695;7.076973;3.267442;7.484850;4.551991;8.042706;3.798367;7.419717;8.683067;7.494542;5.076395;5.995983;5.941340;9.258359;8.585564;7.023358;3.654061
0.580000;-5.108954;2.875978;3.493413;3.526786;2.984897;3.355691;1.819382;3.147389;4.114670;1.572750;5.328876;1.705712;3.271937;2.338549;3.616380;4.054037;2.621968;1.873601;2.941893;3.790237;5.345534;2.804745;3.813360;4.124564;1.667387;3.881389;3.459382;2.678578;3.500713;2.963985;4.814400;2.992686;4.506996;4.891577;4.791789;1.903900;2.970668;1.334925;3.562027;5.667136;4.924972;1.508008;5.126132;1.916343;5.014870;3.265692;4.032124;4.402669;5.598983;3.655881;2.755903;5.383238;2.707598;1.809876;3.113585;3.368082;3.830979;4.654243;1.863290;5.109098;1.349470;2.696234;1.688752;2.611182;4.130648;4.797713;3.454095;4.089111;3.190210;4.741646;5.123049;3.768744;4.277546;3.243761;2.108563;4.540782;2.148291;1.531461;1.577018;5.038434;1.856289;2.447589;4.164726;4.821648;1.499009;4.116975;2.760854;1.692490;4.336569;4.758875;4.883753;3.156779;4.751868;1.475836;3.610013;3.958193;1.621435;5.537682;6.029538;4.183821;3.859394;3.377274;3.014000;2.151520;2.543501;4.017479;3.437344;4.754728;3.883789;4.183348;2.646994;3.408221;2.616108;5.468526;3.608552;5.072240;6.185533;6.084261;9.305952;5.597060;4.555519;9.105080;5.191057;4.724133;4.886280;7.457302;6.504061;7.222801;7.048881;8.915324;8.858128;7.042484;5.358764;5.081535;8.928988;5.298676;4.213721;8.201287;7.101471;6.066208;6.061326;6.534964;7.232385;9.006173;7.273585;7.081312;5.208547;7.927896;7.390504;8.734290;3.681080;4.273239;7.053216;8.437007;5.880260;6.766381;7.149487;8.838096;8.137850;9.377770;7.073784;3.267442;7.489767;4.538087;8.042191;3.796308;7.412947;8.674929;7.488461;5.075725;5.983094;5.937030;9.250976;8.578435;7.023124;3.654061
0.580000;-4.732460;2.899642;3.486799;3.521113;2.979587;3.346343;1.837404;3.130498;4.111414;1.566855;5.324626;1.700730;3.263734;2.331181;3.620501;4.042273;2.621968;1.865318;2.937783;3.779991;5.339129;2.797093;3.811023;4.118975;1.659950;3.888458;3.452524;2.664723;3.492715;2.958067;4.814400;2.981560;4.502805;4.888059;4.789674;1.903241;2.963170;1.331514;3.551989;5.652655;4.918241;1.505773;5.122969;1.912405;5.004651;3.262418;4.030399;4.399150;5.589912;3.653028;2.749409;5.374061;2.704082;1.805652;3.105724;3.360711;3.832709;4.596792;1.858061;5.101747;1.362317;2.686748;1.681002;2.592346;4.125296;4.790153;3.449395;4.079300;3.187423;4.741437;5.116371;3.798409;4.264584;3.234195;2.103235;4.530184;2.141730;1.541036;1.574911;5.029704;1.851003;2.447868;4.162975;4.817264;1.496518;4.107316;2.756154;1.686427;4.315484;4.744508;4.876365;3.147704;4.749979;1.466154;3.606886;3.953498;1.616708;5.524168;6.016780;4.181870;3.849353;3.372811;3.007677;2.144803;2.538813;4.011735;3.429781;4.751081;3.882349;4.174489;2.646994;3.401919;2.610469;5.461695;3.595464;4.960767;6.180940;6.079913;9.302003;5.596404;4.552893;9.097363;5.182398;4.721681;4.882543;7.466648;6.495195;7.206338;7.049575;8.904364;8.847975;7.038665;5.358539;5.071087;8.917165;5.298676;4.292809;8.203552;7.098624;6.062564;6.041464;6.524695;7.208379;9.001683;7.273582;7.080460;5.206228;7.916367;7.383159;8.738289;3.678286;4.263504;7.048404;8.431334;5.875521;6.739975;7.145594;8.835325;8.114982;9.369920;7.065496;3.267442;7.484208;4.518538;8.039961;3.790074;7.399930;8.660480;7.476226;5.072969;5.964361;5.927051;9.237303;8.565032;7.021993;3.654061
0.580000;-4.393283;2.952859;3.494957;3.527993;2.985986;3.358459;1.819793;3.155592;4.115196;1.574033;5.329649;1.706700;3.274149;2.335052;3.630243;4.058227;2.424529;1.875850;2.942628;3.793499;5.346995;2.806713;3.813697;4.125745;1.669257;3.905700;3.461015;2.684240;3.502828;2.965277;4.814400;2.996468;4.507756;4.892166;4.792082;1.903252;2.972571;1.335489;3.565176;5.673277;4.926560;1.508325;5.126638;1.917035;5.018118;3.266223;4.032350;4.403258;5.601617;3.656319;2.757399;5.385924;2.708188;1.810645;3.115640;3.369928;3.827812;4.582914;1.864353;5.110938;1.349539;2.699083;1.690764;2.614329;4.131748;4.799634;3.454999;4.092130;3.190634;4.743170;5.124618;3.798409;4.282549;3.246654;2.109656;4.544249;2.149813;1.538604;1.577312;5.040897;1.857367;2.472666;4.164958;4.822462;1.499374;4.119899;2.761755;1.686124;4.311637;4.764936;4.885607;3.159412;4.752123;1.475836;3.610512;3.959095;1.622345;5.543089;6.034396;4.184083;3.862541;3.383245;3.015433;2.153102;2.544399;4.018709;3.439276;4.755346;3.883970;4.185871;2.646994;3.409648;2.617305;5.470153;3.613652;4.961754;6.186409;6.082384;9.306647;5.597132;4.555912;9.107072;5.193484;4.724491;4.881938;7.450093;6.486052;7.230627;7.054063;8.919009;8.861346;7.043148;5.358386;5.084917;8.933233;5.298678;4.212002;8.204799;7.099903;6.066826;6.072407;6.538243;7.247853;9.007015;7.273585;7.081412;5.208878;7.931951;7.392341;8.734504;3.678421;4.276222;7.054152;8.438216;5.881176;6.784488;7.150169;8.838519;8.152094;9.379821;7.076039;3.267441;7.506640;4.548849;8.042508;3.797713;7.417991;8.681067;7.492960;5.076145;5.993040;5.940147;9.256509;8.583764;7.023262;3.654061
0.580000;-5.819675;2.919410;3.495170;3.528213;2.986204;3.358581;1.824427;3.155038;4.115377;1.574249;5.329856;1.706915;3.274317;2.348891;3.623639;4.058190;2.339151;1.876020;2.942832;3.793572;5.347211;2.806903;3.813840;4.125964;1.669452;3.871235;3.461227;2.684020;3.503009;2.965493;4.814400;2.996482;4.507957;4.892354;4.792216;1.906496;2.972765;1.335674;3.565261;5.672994;4.926771;1.508464;5.126815;1.917234;5.018192;3.266403;4.032464;4.403447;5.601751;3.656485;2.757614;5.386057;2.708375;1.810851;3.115823;3.370126;3.878111;4.582261;1.864571;5.111137;1.352013;2.699198;1.690951;2.580215;4.131967;4.799829;3.455211;4.092225;3.190797;4.743668;5.124830;3.798409;4.282407;3.246766;2.109875;4.544301;2.150025;1.625271;1.577444;5.041050;1.857586;2.448831;4.165072;4.822669;1.499525;4.120008;2.761968;1.700468;4.322968;4.764663;4.885804;3.159549;4.752244;1.469965;3.610687;3.959306;1.622557;5.542901;6.034277;4.184210;3.862627;3.372504;3.015650;2.153310;2.544612;4.018928;3.439465;4.755539;3.884068;4.186011;2.646994;3.409870;2.617522;5.470363;3.613504;4.961261;6.186618;6.080065;9.306846;5.597181;4.556069;9.107265;5.193642;4.724639;4.892293;7.450662;6.509428;7.230129;7.045657;8.919037;8.861426;7.043343;5.359633;5.084977;8.933190;5.298677;4.213689;8.194651;7.102338;6.067018;6.071516;6.538313;7.246555;9.007229;7.273585;7.081473;5.209021;7.931931;7.392538;8.734548;3.678445;4.276325;7.054365;8.438438;5.881390;6.783024;7.150367;8.838679;8.150898;9.380004;7.076209;3.267441;7.484915;4.547997;8.042647;3.797928;7.417852;8.680786;7.492892;5.076306;5.992285;5.940235;9.256304;8.583585;7.023341;3.654061
0.580000;-5.500226;2.885203;3.494062;3.527209;2.985246;3.357270;1.822086;3.153915;4.114725;1.573222;5.329046;1.706001;3.273080;2.332284;3.615271;4.056823;2.621968;1.874765;2.942042;3.792227;5.346124;2.805699;3.813351;4.124970;1.668267;3.875552;3.460093;2.682694;3.501780;2.964463;4.814400;2.995118;4.507159;4.891660;4.791770;1.918688;2.971575;1.334996;3.563922;5.671702;4.925653;1.507994;5.126178;1.916472;5.016848;3.265749;4.032093;4.402750;5.600456;3.655903;2.756520;5.384754;2.707681;1.810045;3.114605;3.368946;3.826514;4.610472;1.863623;5.109959;1.349741;2.697881;1.689740;2.584950;4.131005;4.798631;3.454336;4.090899;3.190226;4.745176;5.123716;3.798409;4.281057;3.245445;2.108915;4.542945;2.148923;1.672111;1.576999;5.039773;1.856632;2.445561;4.164696;4.821838;1.499008;4.118685;2.761093;1.701493;4.338714;4.763360;4.884623;3.158251;4.751842;1.465947;3.610057;3.958433;1.621680;5.541563;6.032920;4.183794;3.861290;3.371803;3.014573;2.152194;2.543738;4.017917;3.438270;4.754823;3.883754;4.184735;2.646994;3.408791;2.616523;5.469234;3.612151;4.965883;6.185753;6.080741;9.306082;5.597034;4.555526;9.106054;5.192367;4.724130;4.881904;7.453126;6.485005;7.228962;7.045977;8.917671;8.860083;7.042600;5.358380;5.083624;8.931817;5.298676;4.225792;8.196703;7.101578;6.066301;6.070706;6.536968;7.246310;9.006381;7.273585;7.081283;5.208536;7.930562;7.391361;8.733789;3.678654;4.274995;7.053474;8.437432;5.880507;6.783110;7.149611;8.838113;8.150485;9.378781;7.074958;3.267442;7.493057;4.547153;8.042177;3.796863;7.416499;8.679487;7.491522;5.075741;5.991338;5.938897;9.254970;8.582245;7.023091;3.654060
0.580000;-5.502767;2.885519;3.495974;3.528875;2.986816;3.359823;1.821120;3.157480;4.115714;1.574946;5.330321;1.707481;3.275376;2.355294;3.628131;4.059845;2.621968;1.877086;2.943277;3.794968;5.347982;2.807869;3.814070;4.126614;1.670386;3.934078;3.462068;2.686018;3.504027;2.966194;4.814400;2.998029;4.508419;4.892726;4.792422;1.906505;2.973707;1.336030;3.566622;5.675092;4.927593;1.508683;5.127141;1.917659;5.019586;3.266744;4.032627;4.403818;5.602951;3.656775;2.758400;5.387273;2.708747;1.811312;3.116823;3.371046;3.827936;4.585184;1.865170;5.112055;1.351883;2.700466;1.691931;2.589697;4.132584;4.800778;3.455736;4.093549;3.191079;4.743838;5.125643;3.684642;4.284266;3.248045;2.110489;4.545757;2.150821;1.530714;1.577649;5.042191;1.858192;2.480612;4.165240;4.823153;1.499772;4.121304;2.762496;1.692504;4.315049;4.766743;4.886729;3.160747;4.752426;1.619942;3.611010;3.959832;1.623086;5.544843;6.036099;4.184397;3.863989;3.416802;3.016409;2.154128;2.545135;4.019601;3.440420;4.755927;3.884202;4.187183;2.646994;3.410623;2.618181;5.471199;3.615378;5.067991;6.187129;6.079871;9.307271;5.597237;4.556332;9.108239;5.194771;4.724883;4.884205;7.450537;6.493294;7.232511;7.045219;8.920551;8.862804;7.043753;5.358725;5.086408;8.934849;5.298678;4.211419;8.203097;7.098482;6.067404;6.074248;6.539713;7.249366;9.007725;7.273585;7.081548;5.209248;7.933543;7.393456;8.764269;3.702729;4.277634;7.054905;8.439100;5.881923;6.785683;7.150786;8.838961;8.153724;9.381004;7.077275;3.267441;7.484875;4.550702;8.042866;3.798676;7.419713;8.682872;7.494620;5.076584;5.994918;5.941586;9.258276;8.585514;7.023443;3.654060
0.580000;-4.880843;2.887324;3.497604;3.530246;2.988087;3.362288;1.841167;3.162955;4.116463;1.576376;5.331317;1.708667;3.277476;2.329491;3.616254;4.063148;2.621968;1.879208;2.944238;3.797729;5.349553;2.809803;3.814599;4.127960;1.672249;3.865806;3.463765;2.690141;3.506063;2.967630;4.814400;3.001098;4.509400;4.893539;4.792897;1.909113;2.975594;1.336817;3.569314;5.679480;4.929255;1.509188;5.127869;1.918577;5.022335;3.267497;4.033014;4.404631;5.605324;3.657426;2.759999;5.389677;2.709560;1.812302;3.118816;3.372895;3.885022;4.589242;1.866419;5.113898;1.351531;2.702972;1.693893;2.580257;4.133866;4.802684;3.456849;4.096162;3.191714;4.741685;5.127291;3.769137;4.288026;3.250580;2.111765;4.548637;2.152439;1.628971;1.578124;5.044463;1.859457;2.483207;4.165632;4.824184;1.500337;4.123865;2.763605;1.686063;4.315845;4.771083;4.888581;3.163118;4.752850;1.466964;3.611727;3.960943;1.624205;5.548828;6.039779;4.184836;3.866676;3.371935;3.017957;2.155790;2.546245;4.020989;3.442323;4.756772;3.884523;4.189486;2.646994;3.412163;2.619540;5.472892;3.619187;4.961994;6.188214;6.081501;9.308193;5.597383;4.556928;9.110189;5.197011;4.725440;4.882907;7.452444;6.485082;7.237793;7.046252;8.923559;8.865536;7.044640;5.358619;5.089237;8.938180;5.298678;4.210822;8.194585;7.141043;6.068249;6.081236;6.542484;7.258684;9.008781;7.273585;7.081737;5.209773;7.936766;7.395298;8.733946;3.681227;4.280221;7.056047;8.440472;5.883044;6.796413;7.151694;8.839593;8.162383;9.382992;7.079399;3.267440;7.485992;4.557525;8.043369;3.800202;7.423495;8.687252;7.498098;5.077214;6.001314;5.944255;9.262322;8.589452;7.023695;3.654060
0.580000;-5.957965;2.941263;3.497392;3.530045;2.987893;3.362087;1.819465;3.163240;4.116322;1.576172;5.331147;1.708477;3.277262;2.329086;3.626655;4.063023;2.621968;1.879000;2.944071;3.797549;5.349342;2.809587;3.814492;4.127762;1.672034;3.878370;3.463553;2.690138;3.505849;2.967425;4.814400;3.000948;4.509231;4.893391;4.792800;1.905952;2.975378;1.336673;3.569127;5.679530;4.929044;1.509085;5.127731;1.918414;5.022157;3.267354;4.032931;4.404482;5.605121;3.657299;2.759786;5.389476;2.709410;1.812133;3.118598;3.372679;3.829860;4.583114;1.866228;5.113682;1.349491;2.702773;1.693678;2.581572;4.133671;4.802466;3.456666;4.095973;3.191590;4.743426;5.127080;3.798409;4.287968;3.250384;2.111571;4.548470;2.152226;1.530716;1.578027;5.044250;1.859262;2.454908;4.165548;4.824009;1.500224;4.123673;2.763425;1.762572;4.314056;4.771118;4.888366;3.162915;4.752761;1.475836;3.611590;3.960759;1.624025;5.548798;6.039702;4.184743;3.866495;3.373338;3.017747;2.155575;2.546063;4.020787;3.442106;4.756618;3.884453;4.189271;2.646994;3.411956;2.619340;5.472679;3.619137;4.990681;6.188035;6.080137;9.308031;5.597350;4.556810;9.109976;5.196800;4.725328;4.895334;7.450110;6.497259;7.238029;7.050132;8.923400;8.865358;7.044481;5.358600;5.089067;8.938064;5.298677;4.320998;8.195182;7.099422;6.068094;6.081938;6.542306;7.260181;9.008606;7.273582;7.081694;5.209665;7.936633;7.395082;8.738811;3.678313;4.280031;7.055862;8.440272;5.882862;6.798484;7.151532;8.839469;8.163639;9.382775;7.079186;3.267442;7.509570;4.558180;8.043267;3.799993;7.423440;8.687299;7.498003;5.077089;6.001835;5.944072;9.262305;8.589420;7.023639;3.654061
0.580000;-5.634800;2.896988;3.491865;3.525367;2.983538;3.353942;1.820407;3.146756;4.113732;1.571296;5.327717;1.704410;3.270237;2.328466;3.616322;4.052379;2.405609;1.871895;2.940763;3.788494;5.344006;2.803086;3.812655;4.123159;1.665743;3.874110;3.457802;2.677200;3.499024;2.962529;4.814400;2.990980;4.505850;4.890579;4.791144;1.943736;2.969023;1.333952;3.560283;5.665882;4.923406;1.507332;5.125217;1.915250;5.013129;3.264751;4.031588;4.401670;5.597242;3.655042;2.754367;5.381497;2.706602;1.808722;3.111908;3.366448;3.827708;4.580273;1.861945;5.107466;1.349351;2.694489;1.687086;2.593477;4.129282;4.796060;3.452847;4.087362;3.189389;4.744024;5.121490;3.798409;4.276024;3.242016;2.107201;4.539050;2.146744;1.529962;1.576376;5.036708;1.854934;2.472418;4.164183;4.820463;1.498262;4.115221;2.759604;1.687709;4.311234;4.757596;4.882117;3.155040;4.751287;1.475836;3.609108;3.956947;1.620183;5.536246;6.027988;4.183222;3.857649;3.372268;3.012486;2.149955;2.542254;4.016049;3.435694;4.753699;3.883336;4.181616;2.646994;3.406711;2.614695;5.466948;3.607049;4.960472;6.184304;6.082966;9.304856;5.596847;4.554739;9.103415;5.189331;4.723398;4.886569;7.450380;6.483472;7.222040;7.045269;8.913612;8.856387;7.041419;5.359582;5.079796;8.927339;5.298678;4.216405;8.194568;7.099619;6.065177;6.061778;6.533224;7.234756;9.004968;7.273589;7.081038;5.207846;7.926227;7.388872;8.739874;3.678324;4.271491;7.051946;8.435588;5.879003;6.769991;7.148407;8.837278;8.139663;9.376091;7.072078;3.267442;7.484366;4.538409;8.041516;3.794808;7.411435;8.673667;7.486847;5.074911;5.983098;5.935285;9.249566;8.576980;7.022764;3.654060
0.580000;-5.485654;2.884760;3.485987;3.520464;2.978997;3.344959;1.826224;3.127095;4.111116;1.566169;5.324198;1.700191;3.262606;2.329077;3.614708;4.040294;2.621968;1.864174;2.937373;3.778398;5.338355;2.796076;3.810827;4.118340;1.658979;3.873104;3.451667;2.662173;3.491634;2.957378;4.814400;2.979746;4.502382;4.887724;4.789502;1.920717;2.962188;1.331196;3.550445;5.649926;4.917408;1.505587;5.122680;1.912018;5.003060;3.262118;4.030263;4.398817;5.588594;3.652775;2.748616;5.372719;2.703749;1.805225;3.104670;3.359756;3.846824;4.578231;1.857486;5.100792;1.349306;2.685335;1.679968;2.583887;4.124701;4.789153;3.448898;4.077812;3.187180;4.741799;5.115545;3.794569;4.262277;3.232762;2.102645;4.528505;2.140923;1.536527;1.574738;5.028457;1.850419;2.443528;4.162837;4.816815;1.496307;4.105864;2.755661;1.702646;4.313754;4.741812;4.875402;3.146388;4.749828;1.470766;3.606603;3.953004;1.616210;5.521716;6.014536;4.181713;3.847807;3.374684;3.006916;2.143969;2.538320;4.011076;3.428789;4.750733;3.882239;4.173220;2.646994;3.401163;2.609826;5.460841;3.593129;5.126529;6.180459;6.083317;9.301613;5.596359;4.552667;9.096339;5.181174;4.721473;4.884304;7.450126;6.494414;7.203053;7.045173;8.902604;8.846403;7.038295;5.358571;5.069441;8.915176;5.298678;4.244561;8.195379;7.105693;6.062218;6.037297;6.523095;7.203475;9.001219;7.273585;7.080401;5.206035;7.914452;7.382211;8.743506;3.688701;4.262033;7.047892;8.430684;5.875021;6.734915;7.145211;8.835082;8.110233;9.368872;7.064353;3.267442;7.484969;4.514453;8.039776;3.789331;7.397616;8.657762;7.474124;5.072729;5.960470;5.925522;9.234802;8.562605;7.021908;3.654060
0.580000;-5.191771;2.874971;3.494584;3.527742;2.985775;3.357560;1.819791;3.151750;4.115148;1.573755;5.329537;1.706522;3.273504;2.334487;3.614792;4.056628;2.621968;1.875187;2.942526;3.792365;5.346653;2.806170;3.813684;4.125503;1.668749;3.866464;3.460607;2.681854;3.502223;2.964995;4.814400;2.995084;4.507645;4.892104;4.792077;1.970995;2.972053;1.335432;3.564098;5.670637;4.926169;1.508316;5.126592;1.916946;5.016994;3.266174;4.032353;4.403195;5.600779;3.656288;2.757044;5.385063;2.708123;1.810534;3.115058;3.369433;3.828233;4.603307;1.864151;5.110446;1.349323;2.698147;1.690200;2.580686;4.131535;4.799109;3.454846;4.091111;3.190605;4.741426;5.124233;3.798409;4.280523;3.245697;2.109445;4.543016;2.149448;1.535982;1.577306;5.040138;1.857160;2.452632;4.164961;4.822339;1.499357;4.118927;2.761607;1.687139;4.313359;4.762330;4.885109;3.158576;4.752122;1.465468;3.610469;3.958944;1.622193;5.540849;6.032448;4.184082;3.861464;3.374431;3.015103;2.152711;2.544249;4.018450;3.438745;4.755276;3.883976;4.185085;2.646994;3.409318;2.617054;5.469748;3.611570;5.184901;6.186265;6.081065;9.306555;5.597141;4.555891;9.106516;5.192739;4.724475;4.885324;7.461054;6.489882;7.227000;7.056193;8.917667;8.860234;7.043063;5.362998;5.083725;8.931603;5.298677;4.218349;8.203047;7.113035;6.066755;6.066806;6.537099;7.239462;9.006883;7.273593;7.081419;5.208866;7.930418;7.391849;8.733511;3.691932;4.275221;7.053990;8.437960;5.881018;6.774376;7.150082;8.838490;8.144491;9.379233;7.075366;3.267441;7.488690;4.543443;8.042499;3.797391;7.415939;8.678410;7.491198;5.076118;5.988140;5.939082;9.254192;8.581560;7.023270;3.654060
0.580000;-6.609981;3.106023;3.497731;3.530347;2.988180;3.362528;1.840045;3.164141;4.116515;1.576481;5.331387;1.708751;3.277659;2.330569;3.618267;4.063563;2.590826;1.879401;2.944304;3.798025;5.349674;2.809965;3.814636;4.128061;1.672401;3.867084;3.463900;2.690796;3.506241;2.967739;4.814400;3.001457;4.509469;4.893597;4.792930;1.910298;2.975751;1.336872;3.569597;5.680221;4.929387;1.509224;5.127919;1.918642;5.022631;3.267549;4.033041;4.404689;5.605550;3.657471;2.760120;5.389911;2.709617;1.812372;3.118988;3.373048;3.835676;4.621803;1.866511;5.114050;1.349480;2.703221;1.694060;2.589391;4.133961;4.802840;3.456927;4.096431;3.191759;4.742465;5.127421;3.798409;4.288567;3.250834;2.111859;4.548960;2.152564;1.533759;1.578158;5.044668;1.859549;2.445210;4.165660;4.824255;1.500377;4.124126;2.763683;1.686171;4.320529;4.771808;4.888734;3.163347;4.752880;1.487871;3.611779;3.961021;1.624285;5.549434;6.040295;4.184866;3.866963;3.386600;3.018076;2.155918;2.546324;4.021092;3.442483;4.756831;3.884546;4.189701;2.646994;3.412284;2.619642;5.473028;3.619747;4.967005;6.188291;6.081664;9.308258;5.597393;4.556971;9.110355;5.197218;4.725479;4.882595;7.454258;6.487839;7.238889;7.047759;8.923910;8.865830;7.044703;5.362595;5.089548;8.938605;5.298677;4.209529;8.198853;7.104548;6.068308;6.083228;6.542782;7.262290;9.008862;7.273585;7.081752;5.209810;7.937165;7.395448;8.746164;3.683433;4.280488;7.056130;8.440573;5.883121;6.801239;7.151758;8.839638;8.165490;9.383162;7.079594;3.267442;7.489267;4.559416;8.043406;3.800319;7.424045;8.687993;7.498564;5.077257;6.002963;5.944538;9.262957;8.590048;7.023715;3.654060
0.580000;-5.368649;2.877880;3.502409;3.534311;2.991872;3.369372;1.829877;3.177297;4.118711;1.580615;5.334296;1.712199;3.283589;2.328933;3.618176;4.072412;2.360480;1.885389;2.947112;3.805608;5.354194;2.815457;3.816192;4.131961;1.677720;3.870096;3.468768;2.701406;3.511998;2.971887;4.814400;3.009778;4.512340;4.895981;4.794333;1.902361;2.981121;1.339180;3.577009;5.691368;4.934157;1.510710;5.130051;1.921325;5.030194;3.269759;4.034180;4.407073;5.612175;3.659385;2.764711;5.396621;2.712001;1.815263;3.124640;3.378315;3.894702;4.580156;1.870143;5.119304;1.353728;2.710184;1.699627;2.579742;4.137683;4.808258;3.460170;4.103658;3.193625;4.742599;5.132153;3.785748;4.298426;3.257863;2.115563;4.556834;2.157203;1.531054;1.579556;5.051019;1.863221;2.443378;4.166816;4.827263;1.502039;4.131220;2.766927;1.686868;4.312564;4.782854;4.894017;3.169972;4.754128;1.475836;3.613883;3.964257;1.627543;5.559757;6.049979;4.186157;3.874379;3.375587;3.022533;2.160681;2.549553;4.025109;3.447901;4.759305;3.885493;4.196146;2.646994;3.416720;2.623578;5.477876;3.629710;4.960729;6.191452;6.081542;9.310948;5.597818;4.558726;9.115896;5.203509;4.727115;4.885954;7.475359;6.488229;7.251693;7.057891;8.932083;8.873343;7.047299;5.361257;5.097301;8.947505;5.298678;4.211525;8.211391;7.099909;6.070777;6.098737;6.550387;7.280663;9.011943;7.273585;7.082305;5.211351;7.945818;7.400697;8.733562;3.697648;4.287653;7.059451;8.444540;5.886395;6.820960;7.154410;8.841495;8.183135;9.388805;7.085586;3.267442;7.484177;4.574687;8.044888;3.804708;7.433949;8.699113;7.507807;5.079104;6.017594;5.951900;9.273414;8.600282;7.024455;3.654061
0.580000;-5.424402;2.880764;3.491714;3.525235;2.983413;3.353748;1.819285;3.146316;4.113648;1.571160;5.327610;1.704292;3.270062;2.337226;3.620197;4.052132;2.438352;1.871720;2.940660;3.788281;5.343864;2.802923;3.812592;4.123030;1.665584;3.874712;3.457649;2.676889;3.498855;2.962393;4.814400;2.990747;4.505745;4.890488;4.791087;1.903413;2.968860;1.333863;3.560073;5.665545;4.923256;1.507269;5.125134;1.915151;5.012916;3.264666;4.031539;4.401580;5.597054;3.654966;2.754221;5.381304;2.706510;1.808618;3.111739;3.366287;3.826906;4.600846;1.861822;5.107306;1.355186;2.694288;1.686918;2.590096;4.129156;4.795897;3.452733;4.087157;3.189314;4.742118;5.121340;3.763905;4.275743;3.241817;2.107075;4.538830;2.146597;1.532811;1.576318;5.036526;1.854810;2.444408;4.164135;4.820357;1.498197;4.115019;2.759486;1.689580;4.318036;4.757267;4.881955;3.154849;4.751234;1.471941;3.609025;3.956831;1.620068;5.535947;6.027713;4.183166;3.857441;3.378258;3.012343;2.149804;2.542140;4.015916;3.435531;4.753606;3.883295;4.181430;2.646994;3.406568;2.614562;5.466797;3.606762;4.996134;6.184192;6.081594;9.304755;5.596828;4.554667;9.103245;5.189148;4.723331;4.882641;7.457514;6.484547;7.221623;7.055792;8.913383;8.856175;7.041321;5.358551;5.079578;8.927094;5.298678;4.225833;8.194775;7.098411;6.065085;6.061143;6.533009;7.233757;9.004855;7.273585;7.081013;5.207783;7.925985;7.388711;8.735037;3.678289;4.271289;7.051831;8.435454;5.878890;6.768729;7.148306;8.837205;8.138776;9.375920;7.071902;3.267442;7.484415;4.537796;8.041455;3.794667;7.411150;8.673329;7.486588;5.074838;5.982546;5.935073;9.249264;8.576686;7.022731;3.654060
0.580000;-4.942864;2.882364;3.486936;3.521218;2.979681;3.346596;1.820710;3.131437;4.111459;1.566969;5.324692;1.700814;3.263934;2.330095;3.710850;4.042676;2.621968;1.865519;2.937847;3.780295;5.339256;2.797269;3.811050;4.119077;1.660114;3.975460;3.452669;2.665304;3.492910;2.958180;4.814400;2.981916;4.502866;4.888109;4.789700;1.903372;2.963339;1.331561;3.552280;5.653296;4.918381;1.505798;5.123011;1.912464;5.004952;3.262464;4.030416;4.399199;5.590150;3.653065;2.749540;5.374306;2.704130;1.805718;3.105909;3.360877;3.835530;4.583462;1.858153;5.101910;1.349302;2.687007;1.681181;2.608742;4.125392;4.790322;3.449474;4.079580;3.187459;4.741402;5.116508;3.798409;4.265080;3.234458;2.103330;4.530509;2.141865;1.544791;1.574934;5.029923;1.851099;2.452399;4.162992;4.817335;1.496548;4.107586;2.756231;1.698468;4.326429;4.745138;4.876530;3.147944;4.750000;1.496219;3.606929;3.953575;1.616787;5.524716;6.017261;4.181891;3.849645;3.372724;3.007803;2.144942;2.538890;4.011844;3.429955;4.751133;3.882362;4.174721;2.646994;3.402047;2.610573;5.461838;3.595971;4.978276;6.181010;6.083072;9.302056;5.596411;4.552926;9.097542;5.182616;4.721709;4.882270;7.451805;6.501925;7.207217;7.074014;8.904716;8.848270;7.038723;5.358530;5.071402;8.917574;5.298678;4.234283;8.196057;7.103690;6.062614;6.042909;6.524997;7.210814;9.001757;7.273585;7.080469;5.206256;7.916753;7.383323;8.733535;3.678514;4.263776;7.048483;8.431435;5.875598;6.743117;7.145650;8.835361;8.117114;9.370105;7.065699;3.267441;7.499680;4.519922;8.039987;3.790196;7.400433;8.661110;7.476663;5.073004;5.965603;5.927337;9.237863;8.565567;7.022001;3.654061
0.580000;-4.895450;2.885084;3.486421;3.520869;2.979387;3.345353;1.823020;3.125578;4.111381;1.566584;5.324530;1.700565;3.263042;2.335055;3.615167;4.040412;2.534111;1.864612;2.937699;3.778713;5.338781;2.796524;3.811022;4.118742;1.659423;3.873607;3.452107;2.661824;3.492070;2.957791;4.814400;2.979964;4.502709;4.888011;4.789679;1.923017;2.962629;1.331473;3.550778;5.649405;4.917843;1.505775;5.122938;1.912330;5.003381;3.262384;4.030409;4.399102;5.588997;3.653011;2.749048;5.373116;2.704034;1.805556;3.105108;3.360196;3.910723;4.710051;1.857871;5.101235;1.349476;2.685713;1.680409;2.597902;4.125091;4.789597;3.449259;4.078169;3.187410;4.746077;5.115979;3.798409;4.262165;3.233132;2.103033;4.528782;2.141357;1.534994;1.574916;5.028881;1.850809;2.446754;4.162985;4.817158;1.496515;4.106231;2.756018;1.701384;4.349116;4.741307;4.875844;3.146787;4.749988;1.475836;3.606859;3.953363;1.616571;5.521463;6.014462;4.181877;3.848143;3.392275;3.007344;2.144407;2.538678;4.011485;3.429228;4.751025;3.882361;4.173636;2.646994;3.401595;2.610230;5.461277;3.592970;4.960591;6.180809;6.084955;9.301926;5.596416;4.552885;9.096773;5.181591;4.721676;4.888523;7.454258;6.483605;7.201722;7.051317;8.902827;8.846722;7.038599;5.358379;5.069735;8.915274;5.298678;4.218266;8.195906;7.099051;6.062509;6.033947;6.523406;7.196485;9.001564;7.273585;7.080473;5.206229;7.914591;7.382649;8.733358;3.683681;4.262389;7.048255;8.431086;5.875378;6.725247;7.145520;8.835312;8.104362;9.369308;7.064778;3.267442;7.490407;4.511317;8.039962;3.789750;7.397475;8.657210;7.474153;5.072955;5.957897;5.925854;9.234496;8.562374;7.022004;3.654060
0.580000;-5.997051;2.949250;3.497766;3.530383;2.988216;3.362526;1.819380;3.163546;4.116543;1.576519;5.331420;1.708786;3.277683;2.329538;3.634140;4.063478;2.444193;1.879421;2.944338;3.798001;5.349707;2.809991;3.814657;4.128097;1.672434;3.865026;3.463933;2.690567;3.506262;2.967774;4.814400;3.001402;4.509501;4.893628;4.792951;1.908383;2.975779;1.336901;3.569577;5.679936;4.929421;1.509244;5.127946;1.918674;5.022608;3.267578;4.033059;4.404716;5.605554;3.657497;2.760156;5.389913;2.709646;1.812404;3.119009;3.373076;3.857139;4.578121;1.866548;5.114078;1.355048;2.703218;1.694086;2.592310;4.133996;4.802867;3.456964;4.096423;3.191784;4.742001;5.127453;3.766694;4.288410;3.250828;2.111895;4.548923;2.152599;1.530888;1.578177;5.044679;1.859585;2.443077;4.165677;4.824290;1.500399;4.124122;2.763720;1.693637;4.318479;4.771534;4.888764;3.163352;4.752899;1.465437;3.611805;3.961056;1.624322;5.549235;6.040153;4.184884;3.866945;3.373082;3.018113;2.155951;2.546359;4.021129;3.442511;4.756861;3.884561;4.189708;2.646994;3.412317;2.619678;5.473059;3.619577;5.271207;6.188322;6.087993;9.308290;5.597401;4.556994;9.110379;5.197231;4.725502;4.893830;7.451317;6.492175;7.238351;7.054890;8.923867;8.865807;7.044733;5.361013;5.089518;8.938516;5.298676;4.269270;8.196698;7.098867;6.068334;6.081989;6.542757;7.259646;9.008894;7.273582;7.081759;5.209831;7.937079;7.395477;8.735944;3.678662;4.280478;7.056162;8.440608;5.883159;6.797454;7.151790;8.839662;8.163294;9.383185;7.079609;3.267442;7.495140;4.558254;8.043425;3.800352;7.423885;8.687705;7.498453;5.077282;6.002005;5.944520;9.262742;8.589856;7.023725;3.654061
0.580000;-3.845447;3.094885;3.499192;3.531626;2.989385;3.364438;1.820436;3.166397;4.117280;1.577807;5.332369;1.709886;3.279400;2.329076;3.619874;4.065753;2.570114;1.881152;2.945258;3.800055;5.351094;2.811612;3.815192;4.129321;1.674009;3.869229;3.465405;2.693109;3.507944;2.969064;4.814399;3.003592;4.510441;4.894421;4.793436;1.905369;2.977371;1.337672;3.571600;5.682550;4.930868;1.509756;5.128662;1.919557;5.024659;3.268318;4.033454;4.405512;5.607423;3.658146;2.761558;5.391798;2.710440;1.813349;3.120668;3.374643;3.827896;4.581126;1.867700;5.115644;1.360302;2.705151;1.695723;2.589090;4.135174;4.804468;3.458007;4.098403;3.192417;4.750084;5.128892;3.694855;4.290845;3.252777;2.113067;4.551032;2.154014;1.584934;1.578661;5.046490;1.860747;2.445880;4.166080;4.825267;1.500969;4.126081;2.764766;1.703826;4.337584;4.774131;4.890335;3.165219;4.753332;1.633503;3.612513;3.962100;1.625370;5.551738;6.042560;4.185331;3.868971;3.372890;3.019483;2.157398;2.547400;4.022383;3.444114;4.757682;3.884893;4.191539;2.646994;3.413685;2.620913;5.474526;3.622028;4.977053;6.189346;6.095366;9.309173;5.597552;4.557592;9.112010;5.199027;4.726064;4.885003;7.455720;6.496796;7.241160;7.051675;8.926022;8.867850;7.045591;5.363096;5.091605;8.940799;5.298678;4.209535;8.200578;7.110127;6.069157;6.085103;6.544815;7.263126;9.009892;7.273582;7.081957;5.210360;7.939331;7.397040;8.734226;3.678415;4.282452;7.057233;8.441852;5.884212;6.801204;7.152665;8.840292;8.166669;9.384842;7.081340;3.267441;7.492047;4.561348;8.043937;3.801704;7.426322;8.690315;7.500788;5.077909;6.005019;5.946536;9.265261;8.592344;7.023987;3.654060
0.580000;-5.095522;2.876232;3.493117;3.526428;2.984526;3.355770;1.820304;3.150280;4.114320;1.572401;5.328494;1.705334;3.271825;2.330343;3.614801;4.054737;2.534277;1.873498;2.941514;3.790517;5.345213;2.804555;3.813071;4.124203;1.667166;3.867291;3.459101;2.680028;3.500563;2.963639;4.814400;2.993196;4.506618;4.891219;4.791519;1.920712;2.970458;1.334570;3.562260;5.668849;4.924683;1.507729;5.125788;1.915969;5.015146;3.265342;4.031893;4.402309;5.599014;3.655554;2.755592;5.383288;2.707240;1.809497;3.113418;3.367856;3.826148;4.587049;1.862917;5.108871;1.354204;2.696347;1.688574;2.586226;4.130278;4.797508;3.453714;4.089294;3.189889;4.745725;5.122756;3.798409;4.278649;3.243891;2.108193;4.541152;2.147990;1.666219;1.576751;5.038403;1.855916;2.441984;4.164492;4.821269;1.498709;4.117115;2.760470;1.688047;4.312906;4.760540;4.883528;3.156808;4.751621;1.495202;3.609672;3.957812;1.621054;5.538999;6.030568;4.183567;3.859629;3.374186;3.013677;2.151228;2.543119;4.017123;3.437142;4.754363;3.883590;4.183336;2.646994;3.407899;2.615750;5.468246;3.609703;5.012361;6.185151;6.079867;9.305576;5.596960;4.555208;9.104893;5.191014;4.723835;4.889407;7.457905;6.484066;7.225469;7.048398;8.915794;8.858396;7.042113;5.359509;5.081864;8.929708;5.298678;4.216101;8.202218;7.099999;6.065839;6.065988;6.535250;7.239920;9.005793;7.273585;7.081188;5.208260;7.928535;7.390271;8.734476;3.678670;4.273402;7.052835;8.436652;5.879881;6.775694;7.149116;8.837775;8.144570;9.377600;7.073681;3.267442;7.484175;4.542549;8.041913;3.795982;7.414070;8.676626;7.489307;5.075406;5.987046;5.937247;9.252354;8.579706;7.022962;3.654060
0.580000;-5.071925;2.877193;3.496859;3.529618;2.987502;3.361187;1.828172;3.160663;4.116113;1.575721;5.330854;1.708119;3.276529;2.348907;3.633984;4.061695;2.621968;1.878253;2.943793;3.796502;5.348837;2.808926;3.814350;4.127343;1.671405;3.865024;3.462993;2.688359;3.505145;2.966974;4.814400;2.999739;4.508945;4.893161;4.792672;1.912070;2.974737;1.336449;3.568114;5.677593;4.928498;1.508950;5.127529;1.918150;5.021112;3.267144;4.032831;4.404251;5.604259;3.657120;2.759268;5.388600;2.709181;1.811843;3.117918;3.372057;3.835142;4.589365;1.865846;5.113063;1.349362;2.701851;1.693007;2.579412;4.133278;4.801819;3.456335;4.094998;3.191417;4.744303;5.126541;3.798409;4.286387;3.249449;2.111179;4.547359;2.151700;1.573096;1.577901;5.043439;1.858876;2.449328;4.165446;4.823706;1.500071;4.122726;2.763090;1.706887;4.319896;4.769214;4.887741;3.162057;4.752649;1.475837;3.611392;3.960430;1.623688;5.547101;6.038172;4.184626;3.865483;3.391310;3.017251;2.155033;2.545732;4.020355;3.441461;4.756378;3.884371;4.188449;2.646994;3.411461;2.618916;5.472123;3.617531;4.962440;6.187712;6.080235;9.307767;5.597313;4.556647;9.109307;5.196005;4.725177;4.881948;7.452408;6.487697;7.235567;7.057480;8.922230;8.864322;7.044227;5.358902;5.087980;8.936714;5.298676;4.316267;8.195028;7.104659;6.067856;6.078437;6.541253;7.255267;9.008294;7.273582;7.081646;5.209526;7.935347;7.394458;8.738733;3.678498;4.279067;7.055522;8.439842;5.882525;6.792721;7.151273;8.839296;8.159117;9.382095;7.078445;3.267442;7.492398;4.554780;8.043132;3.799504;7.421850;8.685373;7.496573;5.076918;5.998703;5.943066;9.260571;8.587740;7.023576;3.654063
0.580000;-5.778021;2.914018;3.498042;3.530640;2.988464;3.362820;1.820293;3.163548;4.116716;1.576782;5.331633;1.709024;3.277979;2.347566;3.615220;4.063732;2.593001;1.879713;2.944545;3.798288;5.349986;2.810285;3.814789;4.128352;1.672721;3.872853;3.464214;2.690743;3.506558;2.968039;4.814399;3.001671;4.509711;4.893810;4.793070;1.902796;2.976070;1.337082;3.569866;5.680088;4.929700;1.509371;5.128116;1.918875;5.022894;3.267753;4.033158;4.404902;5.605852;3.657652;2.760431;5.390210;2.709831;1.812617;3.119308;3.373367;3.841086;4.578624;1.866794;5.114369;1.352973;2.703512;1.694380;2.582186;4.134246;4.803160;3.457191;4.096712;3.191936;4.750246;5.127735;3.798409;4.288625;3.251123;2.112142;4.549204;2.152876;1.582303;1.578297;5.044976;1.859832;2.504405;4.165778;4.824507;1.500540;4.124414;2.763946;1.686476;4.312974;4.771686;4.889055;3.163649;4.753006;1.467669;3.611972;3.961286;1.624549;5.549426;6.040375;4.184997;3.867234;3.375897;3.018385;2.156230;2.546586;4.021388;3.442803;4.757051;3.884645;4.190001;2.646994;3.412588;2.619934;5.473341;3.619789;4.983385;6.188551;6.081850;9.308493;5.597439;4.557139;9.110676;5.197528;4.725639;4.889779;7.459334;6.486523;7.238382;7.048201;8.924132;8.866097;7.044930;5.358818;5.089804;8.938766;5.298678;4.272529;8.203138;7.107749;6.068527;6.081788;6.543043;7.259153;9.009112;7.273585;7.081811;5.209961;7.937345;7.395768;8.734107;3.678747;4.280771;7.056398;8.440867;5.883393;6.796831;7.151990;8.839813;8.162879;9.383481;7.079906;3.267441;7.484183;4.558078;8.043554;3.800623;7.424096;8.687857;7.498693;5.077433;6.001886;5.944811;9.262923;8.590054;7.023793;3.654061
0.580000;-5.853798;2.924856;3.491893;3.525350;2.983505;3.354202;1.819447;3.148317;4.113659;1.571292;5.327654;1.704368;3.270384;2.332306;3.619589;4.052945;2.621968;1.872050;2.940698;3.788854;5.344025;2.803186;3.812586;4.123139;1.665830;3.876986;3.457847;2.678116;3.499154;2.962522;4.814400;2.991453;4.505786;4.890506;4.791076;1.902808;2.969113;1.333878;3.560617;5.666914;4.923444;1.507262;5.125143;1.915183;5.013484;3.264678;4.031529;4.401597;5.597475;3.654968;2.754390;5.381737;2.706528;1.808660;3.112026;3.366527;3.900977;4.578506;1.861910;5.107546;1.349677;2.694760;1.687194;2.579429;4.129251;4.796153;3.452796;4.087671;3.189315;4.741400;5.121523;3.798409;4.276782;3.242296;2.107169;4.539454;2.146769;1.552442;1.576309;5.036904;1.854898;2.451344;4.164123;4.820405;1.498193;4.115512;2.759556;1.691885;4.345923;4.758609;4.882198;3.155267;4.751223;1.475836;3.609032;3.956893;1.620130;5.537100;6.028709;4.183156;3.857985;3.376465;3.012499;2.149990;2.542201;4.016036;3.435790;4.753629;3.883282;4.181822;2.646994;3.406727;2.614676;5.466992;3.607828;5.073565;6.184249;6.080277;9.304786;5.596818;4.554666;9.103518;5.189519;4.723327;4.883778;7.460519;6.487947;7.223498;7.050973;8.914055;8.856736;7.041348;5.358492;5.080184;8.927921;5.298678;4.211850;8.194896;7.104835;6.065109;6.064092;6.533585;7.238287;9.004908;7.273589;7.081002;5.207777;7.926753;7.388949;8.737492;3.679425;4.271789;7.051898;8.435571;5.878952;6.774287;7.148335;8.837206;8.142850;9.376209;7.072233;3.267442;7.491168;4.540626;8.041448;3.794818;7.412196;8.674696;7.487484;5.074839;5.985105;5.935611;9.250449;8.577814;7.022719;3.654060
0.580000;-5.644892;2.897263;3.498827;3.531313;2.989094;3.363937;1.831570;3.165749;4.117105;1.577482;5.332138;1.709614;3.278951;2.333488;3.615029;4.065158;2.553846;1.880697;2.945034;3.799516;5.350743;2.811195;3.815068;4.129014;1.673603;3.864358;3.465026;2.692460;3.507507;2.968740;4.814400;3.003012;4.510212;4.894231;4.793324;1.922345;2.976960;1.337489;3.571067;5.681895;4.930497;1.509639;5.128493;1.919343;5.024118;3.268143;4.033364;4.405322;5.606931;3.657993;2.761201;5.391303;2.710248;1.813120;3.120243;3.374240;3.826650;4.640493;1.867414;5.115241;1.350821;2.704644;1.695299;2.608142;4.134881;4.804058;3.457749;4.097880;3.192270;4.741433;5.128526;3.797943;4.290213;3.252265;2.112774;4.550476;2.153652;1.529881;1.578549;5.046016;1.860459;2.492588;4.165987;4.825030;1.500835;4.125562;2.764510;1.688969;4.317440;4.773479;4.889930;3.164729;4.753232;1.475836;3.612346;3.961844;1.625110;5.551096;6.041934;4.185229;3.868436;3.373723;3.019133;2.157029;2.547144;4.022068;3.443699;4.757484;3.884818;4.191054;2.646994;3.413337;2.620603;5.474150;3.621395;4.971940;6.189094;6.081095;9.308960;5.597519;4.557453;9.111590;5.198558;4.725933;4.881894;7.450195;6.493134;7.240510;7.045108;8.925451;8.867308;7.045384;5.361872;5.091053;8.940202;5.298678;4.230886;8.200095;7.114914;6.068960;6.084550;6.544274;7.262871;9.009649;7.273589;7.081914;5.210238;7.938740;7.396638;8.734031;3.678545;4.281933;7.056968;8.441537;5.883951;6.801200;7.152454;8.840146;8.166306;9.384410;7.080893;3.267442;7.484851;4.560778;8.043819;3.801361;7.425692;8.689659;7.500179;5.077762;6.004414;5.946001;9.264619;8.591704;7.023930;3.654060
0.580000;-4.608324;2.916860;3.492701;3.526057;2.984174;3.355271;1.840388;3.149873;4.114085;1.572022;5.328199;1.704998;3.271351;2.333379;3.614671;4.054210;2.589196;1.873025;2.941226;3.790001;5.344811;2.804103;3.812896;4.123837;1.666723;3.872745;3.458679;2.679521;3.500101;2.963257;4.814400;2.992674;4.506326;4.890966;4.791360;1.902783;2.970011;1.334323;3.561749;5.668355;4.924263;1.507560;5.125558;1.915690;5.014631;3.265105;4.031760;4.402057;5.598521;3.655345;2.755186;5.382793;2.706987;1.809203;3.112962;3.367413;3.912267;4.590151;1.862568;5.108429;1.349603;2.695844;1.688118;2.587939;4.129923;4.797053;3.453394;4.088785;3.189683;4.742714;5.122340;3.798409;4.278129;3.243388;2.107839;4.540632;2.147578;1.544336;1.576591;5.037921;1.855565;2.445193;4.164359;4.820965;1.498524;4.116611;2.760153;1.686193;4.324703;4.760045;4.883086;3.156315;4.751477;1.484044;3.609444;3.957492;1.620732;5.538484;6.030046;4.183418;3.859116;3.372173;3.013276;2.150809;2.542800;4.016752;3.436692;4.754102;3.883478;4.182851;2.646994;3.407503;2.615376;5.467824;3.609185;4.972146;6.184836;6.079865;9.305297;5.596908;4.555014;9.104439;5.190530;4.723654;4.882082;7.450600;6.487322;7.225044;7.051062;8.915258;8.857878;7.041843;5.362432;5.081347;8.929187;5.298677;4.209529;8.199806;7.098396;6.065582;6.065753;6.534736;7.240026;9.005484;7.273578;7.081120;5.208086;7.928003;7.389832;8.737446;3.686464;4.272897;7.052506;8.436287;5.879555;6.776024;7.148838;8.837572;8.144567;9.377141;7.073212;3.267442;7.484619;4.542285;8.041745;3.795587;7.413553;8.676141;7.488787;5.075203;5.986733;5.936740;9.251847;8.579195;7.022874;3.654061
0.580000;-5.763813;2.912033;3.495811;3.528759;2.986713;3.359486;1.821897;3.156380;4.115680;1.574819;5.330259;1.707390;3.275119;2.328377;3.616385;4.059296;2.355292;1.876823;2.943219;3.794554;5.347830;2.807649;3.814056;4.126502;1.670172;3.878965;3.461893;2.685258;3.503783;2.966065;4.814399;2.997539;4.508358;4.892686;4.792410;1.936344;2.973491;1.335994;3.566225;5.674270;4.927422;1.508670;5.127111;1.917607;5.019173;3.266710;4.032621;4.403778;5.602629;3.656751;2.758242;5.386943;2.708707;1.811252;3.116587;3.370840;3.848064;4.591937;1.865073;5.111850;1.352338;2.700114;1.691702;2.580142;4.132481;4.800549;3.455660;4.093173;3.191057;4.741400;5.125475;3.798409;4.283604;3.247688;2.110386;4.545311;2.150662;1.529693;1.577639;5.041897;1.858093;2.441669;4.165233;4.823086;1.499756;4.120942;2.762422;1.686034;4.315263;4.765930;4.886520;3.160425;4.752417;1.531196;3.610980;3.959756;1.623010;5.544125;6.035453;4.184389;3.863594;3.372982;3.016261;2.153960;2.545059;4.019481;3.440200;4.755883;3.884198;4.186879;2.646994;3.410473;2.618063;5.471024;3.614693;4.964320;6.187056;6.079901;9.307220;5.597239;4.556311;9.108007;5.194480;4.724866;4.883716;7.455802;6.483856;7.231460;7.056476;8.920076;8.862397;7.043704;5.359684;5.085975;8.934299;5.298678;4.238229;8.195149;7.111237;6.067360;6.072798;6.539297;7.247470;9.007657;7.273585;7.081548;5.209234;7.933013;7.393248;8.753595;3.682009;4.277261;7.054825;8.438981;5.881842;6.783566;7.150735;8.838939;8.151940;9.380763;7.077008;3.267441;7.486899;4.549293;8.042853;3.798531;7.419042;8.682047;7.494028;5.076562;5.993600;5.941193;9.257534;8.584801;7.023444;3.654061
0.580000;-3.656833;3.156514;3.490331;3.524065;2.982323;3.351699;1.819207;3.141941;4.112998;1.569941;5.326752;1.703274;3.268302;2.328442;3.647949;4.049421;2.621968;1.869941;2.939830;3.785995;5.342529;2.801292;3.812129;4.121879;1.664008;3.864738;3.456211;2.673547;3.497146;2.961169;4.814400;2.988220;4.504899;4.889782;4.790668;1.902390;2.967270;1.333179;3.557840;5.662007;4.921845;1.506828;5.124502;1.914358;5.010635;3.264012;4.031200;4.400874;5.595075;3.654399;2.752865;5.379299;2.705805;1.807764;3.110060;3.364727;3.987072;4.722312;1.860750;5.105750;1.350101;2.692205;1.685267;2.582157;4.128058;4.794284;3.451776;4.084989;3.188761;4.751066;5.119942;3.798409;4.272677;3.239709;2.105983;4.536448;2.145226;1.536812;1.575901;5.034630;1.853724;2.442258;4.163789;4.819468;1.497702;4.112890;2.758538;1.689783;4.426384;4.753759;4.880392;3.152870;4.750860;1.469334;3.608402;3.955877;1.619105;5.532715;6.024711;4.182782;3.855208;3.372081;3.011027;2.148400;2.541188;4.014732;3.433923;4.752875;3.883012;4.179503;2.646994;3.405259;2.613400;5.465363;3.603657;4.960793;6.183262;6.088322;9.303961;5.596699;4.554147;9.101604;5.187276;4.722844;4.907411;7.458837;6.498696;7.217399;7.050739;8.910894;8.853913;7.040553;5.358398;5.077239;8.924364;5.298678;4.226335;8.200400;7.100406;6.064353;6.055637;6.530715;7.226531;9.003942;7.273585;7.080846;5.207325;7.923338;7.387156;8.735625;3.679176;4.269137;7.050848;8.434281;5.877924;6.760469;7.147521;8.836654;8.132035;9.374249;7.070118;3.267442;7.515246;4.532415;8.041014;3.793370;7.408065;8.669797;7.483739;5.074290;5.977481;5.932858;9.245978;8.573484;7.022509;3.654061
0.580000;-4.030647;3.035073;3.493275;3.526600;2.984698;3.355802;1.823709;3.148769;4.114460;1.572571;5.328657;1.705505;3.271926;2.328277;3.628739;4.054498;2.619555;1.873598;2.941673;3.790469;5.345382;2.804685;3.813182;4.124373;1.667304;3.869261;3.459260;2.679400;3.500682;2.963809;4.814400;2.993049;4.506782;4.891365;4.791622;1.912415;2.970595;1.334712;3.562232;5.668079;4.924839;1.507835;5.125925;1.916125;5.015101;3.265482;4.031978;4.402456;5.599067;3.655683;2.755756;5.383334;2.707386;1.809659;3.113540;3.367996;3.826126;4.588098;1.863089;5.109011;1.356176;2.696366;1.688700;2.579576;4.130450;4.797644;3.453882;4.089286;3.190013;4.742472;5.122913;3.798409;4.278208;3.243906;2.108364;4.541067;2.148148;1.540890;1.576851;5.038478;1.856089;2.476860;4.164580;4.821434;1.498823;4.117123;2.760643;1.698899;4.327198;4.759793;4.883669;3.156861;4.751713;1.475836;3.609807;3.957980;1.621224;5.538447;6.030165;4.183661;3.859600;3.390693;3.013844;2.151384;2.543286;4.017294;3.437277;4.754513;3.883662;4.183406;2.646994;3.408066;2.615921;5.468402;3.609236;4.971849;6.185317;6.083013;9.305733;5.596996;4.555330;9.105023;5.191093;4.723949;4.882146;7.483393;6.483471;7.224102;7.045222;8.915663;8.858349;7.042267;5.358499;5.081796;8.929466;5.298677;4.213682;8.195300;7.108265;6.065991;6.063172;6.535202;7.234557;9.005958;7.273582;7.081233;5.208368;7.928326;7.390415;8.735194;3.678299;4.273404;7.053005;8.436823;5.880049;6.768488;7.149273;8.837901;8.139987;9.377722;7.073781;3.267442;7.506191;4.539884;8.042020;3.796150;7.413619;8.675857;7.488998;5.075531;5.984779;5.937226;9.251765;8.579177;7.023022;3.654061
0.580000;-5.050109;2.877377;3.491112;3.524770;2.982997;3.352623;1.831198;3.142586;4.113451;1.570668;5.327318;1.703916;3.269182;2.328295;3.615214;4.050370;2.621968;1.870825;2.940382;3.786940;5.343292;2.802143;3.812469;4.122576;1.664845;3.867175;3.457007;2.674433;3.498012;2.961894;4.814399;2.989174;4.505459;4.890268;4.790978;1.963950;2.968109;1.333653;3.558784;5.662860;4.922637;1.507153;5.124946;1.914890;5.011583;3.264467;4.031457;4.401360;5.595994;3.654804;2.753637;5.380217;2.706291;1.808328;3.110919;3.365558;3.935506;4.582438;1.861416;5.106580;1.352327;2.693134;1.686122;2.582679;4.128733;4.795133;3.452391;4.085925;3.189155;4.744631;5.120727;3.703254;4.273604;3.240638;2.106656;4.537398;2.146003;1.529673;1.576210;5.035533;1.854396;2.441540;4.164050;4.820047;1.498062;4.113824;2.759148;1.690659;4.311660;4.754616;4.881223;3.153785;4.751141;1.485762;3.608840;3.956490;1.619723;5.533620;6.025641;4.183071;3.856152;3.384488;3.011785;2.149187;2.541800;4.015442;3.434768;4.753374;3.883229;4.180414;2.646994;3.406017;2.614105;5.466160;3.604578;5.000003;6.183863;6.083346;9.304495;5.596801;4.554523;9.102456;5.188172;4.723201;4.881926;7.458289;6.497169;7.218083;7.053156;8.911848;8.854855;7.041071;5.358850;5.078186;8.925306;5.298677;4.333169;8.195122;7.120869;6.064857;6.055854;6.531660;7.225853;9.004535;7.273589;7.080977;5.207661;7.924286;7.387984;8.733321;3.687366;4.270071;7.051473;8.434989;5.878541;6.759120;7.148048;8.837048;8.131634;9.375102;7.070998;3.267442;7.484332;4.532683;8.041339;3.794121;7.408988;8.670642;7.484679;5.074683;5.977878;5.933801;9.246870;8.574389;7.022683;3.654062
0.580000;-5.515184;2.886557;3.496013;3.528943;2.986889;3.359722;1.825042;3.156384;4.115800;1.575006;5.330405;1.707559;3.275344;2.330187;3.617434;4.059520;2.425891;1.877051;2.943364;3.794791;5.348029;2.807865;3.814144;4.126682;1.670388;3.871443;3.462099;2.685431;3.504007;2.966254;4.814399;2.997766;4.508505;4.892813;4.792492;1.922152;2.973711;1.336118;3.566461;5.674418;4.927629;1.508755;5.127226;1.917746;5.019406;3.266830;4.032688;4.403904;5.602865;3.656856;2.758445;5.387177;2.708833;1.811398;3.116811;3.371056;3.866934;4.664798;1.865245;5.112064;1.362145;2.700347;1.691922;2.588199;4.132658;4.800778;3.455819;4.093407;3.191160;4.743254;5.125679;3.748933;4.283799;3.247923;2.110563;4.545547;2.150862;1.622956;1.577718;5.042127;1.858266;2.445577;4.165300;4.823238;1.499849;4.121176;2.762576;1.709354;4.327666;4.766081;4.886736;3.160660;4.752491;1.480294;3.611094;3.959916;1.623168;5.544306;6.035657;4.184462;3.863827;3.398408;3.016459;2.154165;2.545219;4.019666;3.440418;4.756013;3.884255;4.187105;2.646994;3.410674;2.618248;5.471232;3.614894;4.960809;6.187213;6.079935;9.307360;5.597265;4.556410;9.108232;5.194710;4.724959;4.886402;7.450462;6.523284;7.231495;7.052716;8.920305;8.862635;7.043839;5.359653;5.086209;8.934518;5.298676;4.236887;8.204066;7.101472;6.067493;6.072514;6.539534;7.246531;9.007811;7.273585;7.081583;5.209321;7.933239;7.393466;8.750742;3.680550;4.277495;7.054988;8.439168;5.882001;6.782118;7.150875;8.839043;8.151211;9.380987;7.077236;3.267442;7.484497;4.549047;8.042937;3.798729;7.419238;8.682199;7.494240;5.076665;5.993444;5.941430;9.257711;8.584988;7.023489;3.654061
0.580000;-5.931396;2.935617;3.503779;3.535436;2.992908;3.371557;1.847359;3.182808;4.119292;1.581795;5.335087;1.713160;3.285407;2.338594;3.628988;4.075478;2.615189;1.887231;2.947872;3.808103;5.355505;2.817115;3.816593;4.133064;1.679316;3.865285;3.470199;2.705372;3.513756;2.973072;4.814399;3.012590;4.513118;4.896616;4.794692;1.969352;2.982732;1.339792;3.579431;5.695621;4.935554;1.511092;5.130612;1.922049;5.032681;3.270343;4.034467;4.407708;5.614268;3.659884;2.766045;5.398748;2.712635;1.816049;3.126360;3.379890;3.839616;4.611193;1.871159;5.120875;1.368611;2.712415;1.701314;2.589191;4.138730;4.809892;3.461062;4.105998;3.194113;4.745072;5.133536;3.798409;4.301988;3.260121;2.116603;4.559455;2.158557;1.532451;1.579913;5.053002;1.864249;2.444652;4.167109;4.828084;1.502468;4.133509;2.767817;1.697414;4.317173;4.787060;4.895598;3.172068;4.754447;1.475835;3.614438;3.965149;1.628443;5.563568;6.053456;4.186486;3.876801;3.374537;3.023825;2.162072;2.550444;4.026249;3.449531;4.759968;3.885730;4.198168;2.646994;3.418010;2.624695;5.479300;3.633330;4.961637;6.192321;6.083817;9.311674;5.597922;4.559183;9.117571;5.205471;4.727537;4.882737;7.453386;6.496024;7.256972;7.048037;8.934838;8.875802;7.047997;5.358541;5.099867;8.950597;5.298676;4.236103;8.196820;7.106651;6.071441;6.106052;6.552890;7.290897;9.012788;7.273582;7.082442;5.211749;7.948795;7.402265;8.733338;3.678442;4.289968;7.060370;8.445669;5.887297;6.833057;7.155124;8.841978;8.192529;9.390518;7.087435;3.267442;7.485799;4.581796;8.045268;3.805976;7.437531;8.703357;7.511060;5.079584;6.024192;5.954302;9.277299;8.604040;7.024640;3.654061
0.580000;-4.675364;2.908557;3.500232;3.532487;2.990180;3.366046;1.826440;3.169654;4.117723;1.578709;5.332975;1.710626;3.280760;2.328548;3.623157;4.067897;2.608765;1.882531;2.945841;3.801859;5.352098;2.812863;3.815497;4.130168;1.675218;3.894693;3.466495;2.695718;3.509269;2.969973;4.814399;3.005590;4.511039;4.894907;4.793707;1.905255;2.978590;1.338139;3.573360;5.685292;4.931933;1.510045;5.129092;1.920112;5.026460;3.268766;4.033671;4.405998;5.608971;3.658526;2.762577;5.393369;2.710926;1.813952;3.121959;3.375836;3.839460;4.584548;1.868481;5.116833;1.377111;2.706790;1.696994;2.582091;4.135977;4.805702;3.458694;4.100117;3.192788;4.749483;5.129947;3.798409;4.293258;3.254433;2.113866;4.552913;2.155045;1.543229;1.578931;5.047965;1.861539;2.469937;4.166299;4.825898;1.501295;4.127753;2.765448;1.703049;4.322832;4.776855;4.891531;3.166768;4.753572;1.468825;3.612936;3.962784;1.626061;5.554277;6.044926;4.185580;3.870731;3.388983;3.020467;2.158458;2.548083;4.023261;3.445344;4.758190;3.885071;4.193039;2.646994;3.414668;2.621768;5.475610;3.624466;4.962370;6.190013;6.094598;9.309733;5.597630;4.557940;9.113275;5.200490;4.726385;4.887913;7.450214;6.483475;7.244334;7.055501;8.927979;8.869630;7.046126;5.361922;5.093451;8.942947;5.298676;4.234948;8.196162;7.130056;6.069664;6.088901;6.546624;7.267446;9.010542;7.273582;7.082059;5.210661;7.941423;7.398228;8.736279;3.680279;4.284146;7.057938;8.442720;5.884902;6.805701;7.153211;8.840661;8.170866;9.386129;7.082723;3.267442;7.506994;4.565085;8.044226;3.802674;7.428744;8.693049;7.503038;5.078275;6.008622;5.948278;9.267831;8.594855;7.024127;3.654062
0.580000;-5.074016;2.877192;3.502587;3.534486;2.992044;3.369491;1.823410;3.176716;4.118845;1.580791;5.334453;1.712366;3.283738;2.330130;3.615615;4.072396;2.360945;1.885540;2.947266;3.805686;5.354368;2.815622;3.816296;4.132137;1.677889;3.864360;3.468940;2.701208;3.512156;2.972061;4.814399;3.009800;4.512495;4.896122;4.794430;1.904637;2.981287;1.339317;3.577095;5.691102;4.934331;1.510810;5.130181;1.921476;5.030274;3.269894;4.034260;4.407214;5.612300;3.659506;2.764884;5.396743;2.712141;1.815420;3.124802;3.378483;3.853365;4.580273;1.870314;5.119473;1.350182;2.710293;1.699791;2.581041;4.137854;4.808422;3.460332;4.103754;3.193745;4.746944;5.132325;3.696965;4.298312;3.257972;2.115735;4.556892;2.157377;1.533709;1.579651;5.051158;1.863392;2.452903;4.166897;4.827422;1.502147;4.131330;2.767090;1.708437;4.330479;4.782598;4.894185;3.170099;4.754216;1.465483;3.614014;3.964423;1.627709;5.559588;6.049885;4.186245;3.874467;3.372750;3.022710;2.160851;2.549717;4.025284;3.448066;4.759449;3.885561;4.196283;2.646994;3.416900;2.623753;5.478048;3.629585;4.961043;6.191616;6.081491;9.311104;5.597851;4.558840;9.116056;5.203650;4.727222;4.881918;7.451947;6.487992;7.251171;7.051507;8.932118;8.873417;7.047448;5.358388;5.097365;8.947477;5.298676;4.399076;8.201552;7.100125;6.070923;6.097664;6.550461;7.278779;9.012106;7.273585;7.082348;5.211454;7.945815;7.400864;8.734794;3.678321;4.287754;7.059617;8.444716;5.886558;6.818580;7.154560;8.841612;8.181479;9.388966;7.085732;3.267442;7.498920;4.573669;8.044988;3.804885;7.433827;8.698847;7.507751;5.079222;6.016719;5.951990;9.273233;8.600124;7.024512;3.654060
0.580000;-5.189297;2.875007;3.497186;3.529798;2.987638;3.362146;1.823473;3.165313;4.116082;1.575934;5.330883;1.708216;3.277184;2.328369;3.619265;4.063518;2.450676;1.878925;2.943810;3.797751;5.349128;2.809454;3.814293;4.127512;1.671882;3.865390;3.463362;2.691170;3.505751;2.967188;4.814400;3.001309;4.508971;4.893142;4.792614;1.907273;2.975234;1.336426;3.569293;5.680743;4.928844;1.508892;5.127493;1.918156;5.022352;3.267116;4.032773;4.404232;5.605143;3.657074;2.759573;5.389513;2.709161;1.811870;3.118489;3.372525;3.828030;4.581169;1.865971;5.113526;1.352176;2.702857;1.693556;2.581568;4.133416;4.802321;3.456404;4.096099;3.191369;4.742168;5.126877;3.798409;4.288752;3.250479;2.111315;4.548730;2.152018;1.640742;1.577841;5.044231;1.859007;2.441516;4.165387;4.823746;1.500016;4.123779;2.763160;1.696075;4.399789;4.772303;4.888214;3.162941;4.752590;1.465812;3.611355;3.960498;1.623761;5.549732;6.040435;4.184569;3.866660;3.394234;3.017528;2.155376;2.545800;4.020544;3.441968;4.756366;3.884316;4.189268;2.646994;3.411734;2.619094;5.472486;3.619953;4.983154;6.187771;6.079882;9.307772;5.597280;4.556595;9.109849;5.196774;4.725123;4.896011;7.450407;6.528187;7.239935;7.045315;8.923731;8.865545;7.044225;5.358479;5.089298;8.938566;5.298678;4.230721;8.229002;7.107770;6.067842;6.085310;6.542510;7.265728;9.008345;7.273582;7.081606;5.209469;7.937079;7.394924;8.738971;3.678549;4.280149;7.055601;8.440025;5.882599;6.805405;7.151275;8.839248;8.168554;9.382663;7.079120;3.267442;7.486547;4.561407;8.043072;3.799767;7.424238;8.688512;7.498603;5.076870;6.004689;5.944230;9.263288;8.590322;7.023527;3.654060
0.580000;-4.543064;2.925620;3.487839;3.521978;2.980387;3.347935;1.825338;3.134002;4.111873;1.567761;5.325245;1.701472;3.265086;2.328786;3.626733;4.044415;2.621429;1.866686;2.938378;3.781780;5.340127;2.798334;3.811340;4.119826;1.661148;3.875877;3.453610;2.667386;3.494028;2.958977;4.814399;2.983549;4.503410;4.888558;4.789959;1.928186;2.964380;1.331996;3.553733;5.655480;4.919303;1.506074;5.123412;1.912972;5.006432;3.262880;4.030627;4.399650;5.591444;3.653423;2.750423;5.375616;2.704580;1.806266;3.107005;3.361897;3.837889;4.586456;1.858847;5.102929;1.352112;2.688370;1.682262;2.585833;4.126105;4.791370;3.450090;4.080993;3.187809;4.742658;5.117421;3.798409;4.267018;3.235834;2.104038;4.532053;2.142757;1.530422;1.575194;5.031164;1.851801;2.453148;4.163207;4.817906;1.496860;4.108977;2.756847;1.689191;4.313573;4.747304;4.877553;3.149238;4.750230;1.475836;3.607323;3.954191;1.617409;5.526745;6.019164;4.182130;3.851098;3.387253;3.008661;2.145862;2.539503;4.012614;3.431005;4.751600;3.882537;4.175981;2.646994;3.402903;2.611328;5.462773;3.597928;5.032483;6.181616;6.082467;9.302570;5.596487;4.553253;9.098614;5.183844;4.722015;4.888169;7.451018;6.486749;7.209709;7.048435;8.906320;8.849743;7.039213;5.359209;5.072918;8.919325;5.298678;4.318912;8.196047;7.098902;6.063081;6.045868;6.526487;7.214201;9.002340;7.273585;7.080569;5.206544;7.918452;7.384339;8.733412;3.680691;4.265179;7.049117;8.432196;5.876220;6.746683;7.146151;8.835707;8.120401;9.371199;7.066864;3.267441;7.489835;4.522844;8.040261;3.791040;7.402377;8.663293;7.478481;5.073349;5.968413;5.928778;9.239915;8.567576;7.022138;3.654061
0.580000;-4.582262;2.919819;3.488434;3.522479;2.980851;3.348820;1.832327;3.135638;4.112141;1.568283;5.325605;1.701903;3.265848;2.328435;3.617020;4.045559;2.531265;1.867459;2.938725;3.782763;5.340702;2.799039;3.811527;4.120318;1.661828;3.892485;3.454233;2.668746;3.494767;2.959502;4.814400;2.984627;4.503768;4.888851;4.790127;1.916565;2.965070;1.332278;3.554693;5.656904;4.919911;1.506254;5.123671;1.913303;5.007414;3.263150;4.030762;4.399941;5.592301;3.653655;2.751009;5.376485;2.704873;1.806624;3.107736;3.362571;3.826159;4.605536;1.859304;5.103601;1.352618;2.689271;1.682978;2.587264;4.126574;4.792069;3.450493;4.081929;3.188035;4.755684;5.118025;3.798409;4.268289;3.236745;2.104504;4.533073;2.143349;1.531054;1.575362;5.031984;1.852262;2.441994;4.163345;4.818279;1.497059;4.109890;2.757253;1.687321;4.313195;4.748713;4.878230;3.150095;4.750380;1.475836;3.607581;3.954596;1.617814;5.528072;6.020411;4.182285;3.852057;3.373593;3.009229;2.146469;2.539908;4.013123;3.431700;4.751904;3.882649;4.176813;2.646994;3.403467;2.611825;5.463393;3.599211;4.961093;6.182010;6.083813;9.302902;5.596537;4.553466;9.099327;5.184655;4.722212;4.881904;7.451578;6.484554;7.211310;7.045444;8.907383;8.850717;7.039533;5.362916;5.073924;8.920469;5.298678;4.222501;8.196877;7.101589;6.063386;6.047737;6.527473;7.216312;9.002727;7.273582;7.080635;5.206728;7.919575;7.385012;8.737409;3.678560;4.266106;7.049532;8.432696;5.876630;6.748911;7.146479;8.835933;8.122452;9.371925;7.067637;3.267441;7.484293;4.524686;8.040440;3.791598;7.403649;8.664709;7.479674;5.073572;5.970202;5.929729;9.241255;8.568889;7.022226;3.654061
0.740000;-6.214625;2.993817;3.504335;3.535949;2.993399;3.372139;1.820572;3.182402;4.119631;1.582320;5.335507;1.713631;3.285996;2.329580;3.622001;4.075939;2.365710;1.887828;2.948282;3.808660;5.356054;2.817695;3.816848;4.133574;1.679894;3.887083;3.470763;2.705586;3.514346;2.973599;4.814400;3.013100;4.513534;4.896979;4.794925;1.931718;2.983314;1.340145;3.579996;5.695734;4.936116;1.511337;5.130945;1.922446;5.033236;3.270685;4.034661;4.408071;5.614856;3.660189;2.766596;5.399335;2.712997;1.816469;3.126947;3.380468;3.832886;4.580909;1.871646;5.121453;1.368889;2.712995;1.701900;2.581162;4.139224;4.810469;3.461514;4.106566;3.194410;4.741447;5.134095;3.798409;4.302324;3.260700;2.117097;4.559996;2.159110;1.534865;1.580146;5.053593;1.864738;2.443962;4.167305;4.828516;1.502738;4.134085;2.768266;1.815772;4.317711;4.787194;4.896176;3.172656;4.754657;1.475836;3.614766;3.965602;1.628896;5.563833;6.053816;4.186702;3.877366;3.375668;3.024369;2.162629;2.550896;4.026767;3.450115;4.760341;3.885893;4.198761;2.646994;3.418553;2.625206;5.479864;3.633653;5.386087;6.192771;6.081654;9.312075;5.598000;4.559465;9.118157;5.206063;4.727805;4.882484;7.531119;6.518722;7.256674;7.086675;8.935355;8.876367;7.048386;5.363031;5.100416;8.951052;5.298676;4.277251;8.226599;7.103426;6.071812;6.104693;6.553445;7.287666;9.013227;7.273585;7.082541;5.212002;7.949275;7.402843;8.734285;3.681496;4.290544;7.060830;8.446178;5.887752;6.828516;7.155518;8.842274;8.189868;9.391107;7.088027;3.267441;7.492725;4.580553;8.045513;3.806516;7.437864;8.703479;7.511482;5.079880;6.023239;5.954871;9.277540;8.604322;7.024770;3.654060
0.740000;-5.026062;2.878644;3.492096;3.525540;2.983690;3.354409;1.821933;3.148321;4.113792;1.571482;5.327816;1.704544;3.270598;2.328835;3.677199;4.053127;2.621968;1.872264;2.940855;3.789058;5.344227;2.803402;3.812688;4.123327;1.666040;3.887188;3.458052;2.678244;3.499368;2.962718;4.814400;2.991649;4.505946;4.890649;4.791170;1.915273;2.969324;1.334016;3.560824;5.667019;4.923649;1.507360;5.125272;1.915336;5.013688;3.264811;4.031606;4.401740;5.597687;3.655087;2.754593;5.381948;2.706669;1.808821;3.112240;3.366738;3.828175;4.589049;1.862093;5.107756;1.352131;2.694972;1.687408;2.641224;4.129436;4.796362;3.452970;4.087878;3.189432;4.746531;5.121728;3.798409;4.276935;3.242506;2.107353;4.539655;2.146973;1.530741;1.576403;5.037117;1.855083;2.494877;4.164202;4.820567;1.498300;4.115717;2.759724;1.698327;4.312042;4.758719;4.882409;3.155482;4.751307;1.470139;3.609161;3.957063;1.620303;5.537240;6.028867;4.183244;3.858191;3.373247;3.012701;2.150196;2.542374;4.016227;3.436000;4.753773;3.883348;4.182039;2.646994;3.406924;2.614865;5.467198;3.607980;4.977990;6.184420;6.081140;9.304940;5.596850;4.554778;9.103730;5.189734;4.723433;4.885684;7.472340;6.497003;7.223529;7.045248;8.914257;8.856943;7.041497;5.358403;5.080385;8.928096;5.298677;4.228498;8.224629;7.207322;6.065251;6.063935;6.533790;7.237856;9.005076;7.273601;7.081044;5.207877;7.926941;7.389159;8.744341;3.679606;4.272001;7.052072;8.435768;5.879127;6.773673;7.148489;8.837322;8.142498;9.376421;7.072449;3.267442;7.500021;4.540502;8.041545;3.795016;7.412351;8.674801;7.487657;5.074955;5.985018;5.935821;9.250583;8.577955;7.022774;3.654061
0.740000;-5.035467;2.878502;3.499835;3.532113;2.989817;3.365671;1.823680;3.170199;4.117466;1.578328;5.332661;1.710276;3.280357;2.363037;3.617512;4.067666;2.347385;1.882128;2.945533;3.801522;5.351700;2.812456;3.815302;4.129796;1.674812;3.886146;3.466092;2.695724;3.508858;2.969590;4.814400;3.005308;4.510728;4.894633;4.793530;1.938706;2.978184;1.337875;3.573010;5.685394;4.931533;1.509858;5.128839;1.919813;5.026120;3.268507;4.033524;4.405724;5.608587;3.658296;2.762181;5.392985;2.710653;1.813640;3.121557;3.375431;3.863729;4.681885;1.868121;5.116426;1.352819;2.706417;1.696588;2.583174;4.135613;4.805292;3.458356;4.099753;3.192562;4.756532;5.129548;3.798409;4.293144;3.254065;2.113502;4.552596;2.154650;1.531413;1.578754;5.047570;1.861177;2.479794;4.166151;4.825578;1.501088;4.127390;2.765115;1.697996;4.442316;4.776936;4.891125;3.166382;4.753410;1.470037;3.612689;3.962448;1.625723;5.554231;6.044794;4.185415;3.870379;3.373217;3.020074;2.158058;2.547747;4.022882;3.444939;4.757908;3.884946;4.192648;2.646994;3.414277;2.621395;5.475209;3.624375;4.987548;6.189684;6.080861;9.309434;5.597571;4.557724;9.112870;5.200091;4.726180;4.884860;7.454062;6.488847;7.244789;7.097627;8.927686;8.869289;7.045835;5.358370;5.093124;8.942728;5.298676;4.217989;8.196197;7.147988;6.069383;6.090180;6.546288;7.270007;9.010216;7.273582;7.081984;5.210470;7.941173;7.397821;8.745785;3.687189;4.283782;7.057594;8.442342;5.884564;6.809061;7.152916;8.840437;8.173060;9.385722;7.082321;3.267441;7.493823;4.566281;8.044038;3.802285;7.428646;8.693151;7.502851;5.078052;6.009600;5.947928;9.267809;8.594802;7.024025;3.654061
0.740000;-5.963539;2.941663;3.501589;3.533632;2.991245;3.368095;1.827499;3.174651;4.118361;1.579896;5.333816;1.711619;3.282504;2.329450;3.630701;4.070702;2.621968;1.884293;2.946652;3.804174;5.353403;2.814466;3.815952;4.131294;1.676765;3.881027;3.467907;2.699307;3.510952;2.971170;4.814399;3.008177;4.511867;4.895597;4.794118;1.905083;2.980156;1.338810;3.575614;5.689152;4.933316;1.510482;5.129711;1.920887;5.028765;3.269406;4.034008;4.406689;5.610944;3.659084;2.763906;5.395374;2.711615;1.814788;3.123618;3.377372;3.844736;4.618349;1.869527;5.118365;1.351705;2.708882;1.698625;2.586534;4.137049;4.807279;3.459626;4.102297;3.193334;4.778407;5.131319;3.753678;4.296492;3.256547;2.114934;4.555336;2.156389;1.751971;1.579343;5.049850;1.862595;2.441829;4.166641;4.826765;1.501781;4.129893;2.766383;1.689437;4.323792;4.780661;4.893072;3.168745;4.753939;1.465415;3.613550;3.963718;1.626999;5.557719;6.048084;4.185959;3.872980;3.374549;3.021756;2.159837;2.549014;4.024418;3.446928;4.758906;3.885351;4.194955;2.646994;3.415947;2.622903;5.477016;3.627756;4.965662;6.190928;6.094904;9.310513;5.597756;4.558452;9.114900;5.202352;4.726863;4.881918;7.451841;6.487484;7.249120;7.045939;8.930521;8.871923;7.046878;5.358380;5.095832;8.945786;5.298676;4.231498;8.195427;7.104028;6.070380;6.095631;6.548949;7.277112;9.011432;7.273589;7.082225;5.211113;7.944151;7.399759;8.738058;3.686068;4.286311;7.058895;8.443861;5.885845;6.817288;7.153984;8.841203;8.179683;9.387786;7.084495;3.267442;7.487596;4.571630;8.044661;3.803944;7.432005;8.696909;7.506012;5.078815;6.014657;5.950518;9.271353;8.598264;7.024346;3.654061
0.740000;-4.589750;2.919755;3.496184;3.529069;2.987000;3.360074;1.819784;3.157813;4.115845;1.575147;5.330480;1.707658;3.275613;2.329579;3.615230;4.060116;2.621968;1.877328;2.943432;3.795226;5.348191;2.808098;3.814168;4.126805;1.670608;3.895126;3.462282;2.686309;3.504262;2.966392;4.814400;2.998294;4.508576;4.892863;4.792512;1.919194;2.973932;1.336166;3.566878;5.675391;4.927806;1.508779;5.127269;1.917810;5.019843;3.266874;4.032703;4.403956;5.603198;3.656891;2.758610;5.387519;2.708885;1.811470;3.117057;3.371270;3.936635;4.583112;1.865352;5.112278;1.356544;2.700713;1.692161;2.629400;4.132771;4.801008;3.455907;4.093804;3.191194;4.742263;5.125854;3.798409;4.284548;3.248298;2.110674;4.546016;2.151032;1.592100;1.577740;5.042434;1.858378;2.441519;4.165316;4.823314;1.499876;4.121557;2.762665;1.836449;4.328626;4.767038;4.886952;3.160994;4.752509;1.475836;3.611136;3.960003;1.623257;5.545133;6.036377;4.184482;3.864248;3.403444;3.016615;2.154342;2.545305;4.019795;3.440643;4.756068;3.884267;4.187420;2.646994;3.410830;2.618372;5.471414;3.615656;4.962602;6.187296;6.092542;9.307423;5.597269;4.556440;9.108465;5.195013;4.724987;4.882521;7.451103;6.518178;7.232834;7.060934;8.920815;8.863061;7.043899;5.363912;5.086667;8.935118;5.298678;4.233339;8.202463;7.110627;6.067548;6.074658;6.539971;7.249966;9.007889;7.273585;7.081588;5.209347;7.933814;7.393676;8.766242;3.701145;4.277885;7.055081;8.439295;5.882092;6.786434;7.150936;8.839073;8.154259;9.381232;7.077517;3.267442;7.517076;4.551103;8.042959;3.798880;7.419997;8.683168;7.494891;5.076699;5.995288;5.941841;9.258562;8.585798;7.023496;3.654059
0.740000;-6.412474;3.042693;3.504902;3.536356;2.993753;3.373354;1.827895;3.187066;4.119755;1.582764;5.335726;1.713939;3.286906;2.356664;3.615286;4.077976;2.621968;1.888752;2.948487;3.810150;5.356582;2.818478;3.816910;4.133966;1.680624;3.876620;3.471378;2.708546;3.515208;2.974044;4.814399;3.014896;4.513749;4.897128;4.794975;1.910779;2.984061;1.340282;3.581419;5.699011;4.936704;1.511393;5.131062;1.922631;5.034719;3.270810;4.034692;4.408217;5.615993;3.660283;2.767140;5.400500;2.713142;1.816685;3.127771;3.381186;3.831019;4.579855;1.871989;5.122169;1.349776;2.714248;1.702703;2.579449;4.139582;4.811230;3.461787;4.107920;3.194500;4.744932;5.134672;3.798409;4.304867;3.261980;2.117452;4.561604;2.159668;1.544572;1.580196;5.054640;1.865089;2.444006;4.167338;4.828750;1.502808;4.135388;2.768538;1.734901;4.317914;4.790411;4.896899;3.173790;4.754697;1.475835;3.614881;3.965874;1.629173;5.566625;6.056267;4.186744;3.878791;3.377898;3.024883;2.163216;2.551167;4.027183;3.450876;4.760499;3.885915;4.199840;2.646994;3.419061;2.625607;5.480473;3.636252;5.025321;6.193027;6.080892;9.312263;5.598003;4.559545;9.118951;5.207087;4.727873;4.885537;7.450283;6.494277;7.261074;7.046499;8.937090;8.877821;7.048559;5.369057;5.101973;8.953113;5.298677;4.280558;8.195175;7.100419;6.071971;6.111439;6.554944;7.297877;9.013474;7.273582;7.082549;5.212062;7.951224;7.403553;8.769967;3.685324;4.291873;7.061115;8.446585;5.888030;6.840915;7.155700;8.842362;8.199078;9.391929;7.088954;3.267441;7.492249;4.587067;8.045569;3.807016;7.440433;8.706739;7.513707;5.079967;6.029140;5.956274;9.280415;8.607066;7.024783;3.654060
0.740000;-4.583996;2.917634;3.486192;3.520661;2.979190;3.345104;1.834669;3.125818;4.111252;1.566370;5.324366;1.700376;3.262792;2.348863;3.641917;4.040221;2.556328;1.864355;2.937537;3.778478;5.338557;2.796279;3.810929;4.118536;1.659180;3.871901;3.451874;2.661754;3.491825;2.957578;4.814399;2.979748;4.502548;4.887871;4.789595;1.903951;2.962385;1.331336;3.550539;5.649378;4.917611;1.505685;5.122814;1.912177;5.003143;3.262255;4.030340;4.398962;5.588745;3.652897;2.748822;5.372867;2.703895;1.805393;3.104861;3.359956;3.909278;4.683268;1.857675;5.100993;1.379149;2.685465;1.680163;2.579630;4.124894;4.789353;3.449079;4.077926;3.187299;4.747100;5.115749;3.798409;4.262032;3.232887;2.102837;4.528553;2.141127;1.578116;1.574830;5.028628;1.850612;2.446220;4.162914;4.816988;1.496414;4.105984;2.755841;1.721327;4.318911;4.741281;4.875603;3.146538;4.749912;1.470174;3.606734;3.953184;1.616391;5.521367;6.014320;4.181800;3.847905;3.380269;3.007120;2.144174;2.538499;4.011275;3.428983;4.750882;3.882304;4.173389;2.646994;3.401369;2.610025;5.461046;3.592850;4.961125;6.180637;6.081655;9.301771;5.596389;4.552779;9.096530;5.181340;4.721578;4.886925;7.455264;6.483490;7.201917;7.075368;8.902616;8.846484;7.038451;5.361428;5.069505;8.915088;5.298677;4.215925;8.194827;7.116395;6.062365;6.034666;6.523170;7.198073;9.001392;7.273582;7.080439;5.206136;7.914402;7.382410;8.736378;3.683921;4.262146;7.048073;8.430875;5.875198;6.727422;7.145368;8.835199;8.105690;9.369062;7.064531;3.267441;7.528384;4.511980;8.039874;3.789530;7.397348;8.657203;7.473983;5.072846;5.958416;5.925619;9.234417;8.562274;7.021960;3.654061
0.740000;-5.253566;2.875283;3.490930;3.524568;2.982789;3.352617;1.821184;3.144104;4.113269;1.570464;5.327115;1.703708;3.269081;2.341752;3.621316;4.050673;2.597531;1.870728;2.940180;3.787031;5.343104;2.802007;3.812320;4.122372;1.664696;3.929539;3.456836;2.675135;3.497900;2.961695;4.814400;2.989382;4.505254;4.890078;4.790841;1.911152;2.967966;1.333467;3.558852;5.663702;4.922459;1.507010;5.124765;1.914691;5.011671;3.264285;4.031340;4.401168;5.595956;3.654635;2.753452;5.380196;2.706100;1.808125;3.110802;3.365408;3.874135;4.585209;1.861207;5.106431;1.363446;2.693137;1.685992;2.579382;4.128526;4.794993;3.452182;4.085966;3.188990;4.741436;5.120550;3.798409;4.274116;3.240658;2.106449;4.537534;2.145821;1.530815;1.576073;5.035475;1.854187;2.506799;4.163930;4.819843;1.497907;4.113852;2.758941;1.746033;4.317769;4.755439;4.881075;3.153753;4.751014;1.540066;3.608662;3.956282;1.619514;5.534242;6.026117;4.182940;3.856218;3.405757;3.011595;2.149009;2.541592;4.015240;3.434628;4.753181;3.883128;4.180360;2.646994;3.405823;2.613900;5.465985;3.605122;5.057413;6.183655;6.079864;9.304294;5.596750;4.554362;9.102326;5.188109;4.723046;4.885969;7.474540;6.538809;7.219480;7.059600;8.912042;8.854940;7.040875;5.359648;5.078305;8.925624;5.298676;4.238935;8.214155;7.113480;6.064660;6.058474;6.531756;7.230416;9.004332;7.273597;7.080915;5.207514;7.924562;7.387838;8.735561;3.678465;4.270108;7.051267;8.434788;5.878337;6.765019;7.147851;8.836883;8.135619;9.374982;7.070909;3.267442;7.514960;4.535172;8.041199;3.793930;7.409519;8.671494;7.485067;5.074518;5.980050;5.933863;9.247536;8.574999;7.022600;3.654060
0.740000;-5.808477;2.916717;3.500069;3.532291;2.989977;3.366126;1.819353;3.172011;4.117540;1.578518;5.332772;1.710418;3.280713;2.330396;3.615036;4.068426;2.557970;1.882492;2.945640;3.802081;5.351921;2.812765;3.815350;4.129970;1.675103;3.864695;3.466340;2.696837;3.509194;2.969782;4.814400;3.005977;4.510836;4.894715;4.793571;1.967334;2.978480;1.337952;3.573547;5.686637;4.931775;1.509903;5.128912;1.919912;5.026677;3.268581;4.033555;4.405808;5.609017;3.658358;2.762408;5.393430;2.710735;1.813749;3.121883;3.375718;3.826346;4.589858;1.868276;5.116713;1.354744;2.706893;1.696903;2.579490;4.135773;4.805597;3.458486;4.100266;3.192622;4.751770;5.129787;3.777475;4.294094;3.254547;2.113662;4.553198;2.154881;1.546145;1.578794;5.047971;1.861334;2.451380;4.166183;4.825693;1.501139;4.127878;2.765243;1.737791;4.353258;4.778151;4.891414;3.166815;4.753447;1.482072;3.612757;3.962577;1.625853;5.555280;6.045709;4.185452;3.870916;3.371937;3.020291;2.158300;2.547877;4.023065;3.445242;4.757995;3.884971;4.193058;2.646994;3.414492;2.621571;5.475460;3.625347;4.981976;6.189809;6.084866;9.309530;5.597580;4.557778;9.113187;5.200485;4.726231;4.892211;7.469622;6.504333;7.246495;7.045195;8.928334;8.869841;7.045929;5.359304;5.093709;8.943499;5.298677;4.227589;8.243639;7.115180;6.069471;6.092934;6.546849;7.274498;9.010333;7.273582;7.081997;5.210515;7.941898;7.398105;8.733377;3.682302;4.284284;7.057728;8.442521;5.884697;6.814776;7.153009;8.840496;8.177032;9.386049;7.082682;3.267442;7.510262;4.568927;8.044083;3.802492;7.429602;8.694386;7.503681;5.078110;6.011969;5.948454;9.268894;8.595829;7.024045;3.654061
0.740000;-4.702317;2.904094;3.489672;3.523525;2.981827;3.350641;1.831209;3.139482;4.112727;1.569376;5.326378;1.702817;3.267423;2.329849;3.615142;4.047955;2.552492;1.869044;2.939470;3.784790;5.341894;2.800491;3.811944;4.121349;1.663235;3.931930;3.455517;2.671692;3.496294;2.960598;4.814400;2.986869;4.504529;4.889483;4.790504;1.902308;2.966488;1.332893;3.556671;5.660024;4.921171;1.506652;5.124241;1.914016;5.009437;3.263739;4.031069;4.400578;5.594060;3.654166;2.752220;5.378268;2.705506;1.807392;3.109231;3.363964;3.856423;4.627260;1.860263;5.104990;1.352526;2.691123;1.684450;2.586054;4.127556;4.793501;3.451352;4.083856;3.188534;4.748387;5.119273;3.798409;4.270996;3.238615;2.105484;4.535184;2.144574;1.601017;1.575737;5.033671;1.853232;2.468451;4.163656;4.819078;1.497504;4.111786;2.758112;1.687672;4.312187;4.751803;4.879625;3.151855;4.750716;1.466783;3.608143;3.955452;1.618677;5.530925;6.023063;4.182630;3.854038;3.379906;3.010404;2.147724;2.540764;4.014183;3.433134;4.752562;3.882904;4.178523;2.646994;3.404645;2.612864;5.464674;3.601948;5.043400;6.182847;6.082624;9.303617;5.596653;4.553935;9.100790;5.186323;4.722651;4.882961;7.466457;6.488953;7.215024;7.045694;8.909574;8.852722;7.040224;5.358370;5.076000;8.922885;5.298677;4.221999;8.212416;7.152934;6.064042;6.052568;6.529506;7.222651;9.003543;7.273589;7.080786;5.207142;7.921909;7.386397;8.748346;3.682153;4.268017;7.050411;8.433745;5.877493;6.756160;7.147185;8.836430;8.128366;9.373421;7.069221;3.267442;7.487816;4.529405;8.040838;3.792759;7.406368;8.667825;7.482186;5.074068;5.974641;5.931701;9.244154;8.571712;7.022425;3.654061
0.740000;-6.710553;3.146319;3.492724;3.526135;2.984267;3.354982;1.820871;3.147362;4.114211;1.572088;5.328322;1.705104;3.271223;2.328453;3.621933;4.053446;2.621968;1.872885;2.941350;3.789560;5.344846;2.804031;3.813009;4.123919;1.666669;3.923361;3.458681;2.678173;3.499993;2.963322;4.814400;2.992057;4.506447;4.891093;4.791465;1.906062;2.969955;1.334451;3.561344;5.666798;4.924275;1.507670;5.125683;1.915817;5.014196;3.265233;4.031853;4.402184;5.598273;3.655466;2.755214;5.382530;2.707114;1.809326;3.112866;3.367369;3.827335;4.625233;1.862666;5.108387;1.358390;2.695533;1.688035;2.579579;4.130015;4.796991;3.453509;4.088418;3.189804;4.745123;5.122355;3.798409;4.277053;3.243063;2.107932;4.540122;2.147602;1.529874;1.576697;5.037719;1.855659;2.441745;4.164453;4.821086;1.498639;4.116276;2.760262;1.694328;4.336191;4.758525;4.883040;3.156066;4.751575;1.475836;3.609569;3.957606;1.620845;5.537245;6.029026;4.183518;3.858711;3.374975;3.013317;2.150820;2.542913;4.016824;3.436631;4.754230;3.883558;4.182633;2.646994;3.407544;2.615457;5.467826;3.608068;4.965630;6.184954;6.079911;9.305426;5.596949;4.555132;9.104361;5.190339;4.723767;4.882013;7.481362;6.486557;7.222708;7.061142;8.914683;8.857449;7.041970;5.358705;5.080868;8.928406;5.298679;4.235752;8.195062;7.111512;6.065709;6.061726;6.534290;7.233366;9.005602;7.273585;7.081172;5.208197;7.927293;7.389791;8.735198;3.678981;4.272544;7.052620;8.436362;5.879668;6.767611;7.148962;8.837691;8.138690;9.377052;7.073066;3.267442;7.495604;4.538448;8.041855;3.795632;7.412456;8.674583;7.487901;5.075325;5.983333;5.936345;9.250552;8.577984;7.022940;3.654060
0.740000;-6.698280;3.141428;3.491432;3.525035;2.983241;3.353148;1.825400;3.144341;4.113596;1.570945;5.327508;1.704143;3.269608;2.347465;3.644566;4.051171;2.328238;1.871259;2.940565;3.787558;5.343598;2.802533;3.812570;4.122835;1.665213;3.889716;3.457340;2.675552;3.498425;2.962173;4.814400;2.989887;4.505645;4.890424;4.791071;1.902369;2.968489;1.333804;3.559380;5.664082;4.922964;1.507252;5.125084;1.915066;5.012194;3.264613;4.031532;4.401515;5.596496;3.654929;2.753948;5.380731;2.706446;1.808517;3.111326;3.365928;3.851559;4.604393;1.861655;5.106949;1.351519;2.693675;1.686518;2.583749;4.128979;4.795509;3.452602;4.086495;3.189279;4.743197;5.121051;3.798409;4.274570;3.241189;2.106902;4.538055;2.146319;1.529837;1.576303;5.036006;1.854637;2.496966;4.164126;4.820242;1.498170;4.114379;2.759362;1.762068;4.341967;4.755828;4.881596;3.154291;4.751224;1.475835;3.608979;3.956702;1.619932;5.534671;6.026577;4.183155;3.856745;3.371873;3.012086;2.149511;2.542012;4.015710;3.435149;4.753535;3.883293;4.180895;2.646994;3.406310;2.614364;5.466493;3.605574;4.969557;6.184072;6.079979;9.304672;5.596830;4.554638;9.102852;5.188645;4.723308;4.890061;7.450130;6.494382;7.219751;7.079144;8.912558;8.855470;7.041243;5.359920;5.078831;8.926128;5.298678;4.209655;8.196863;7.130404;6.065015;6.058495;6.532286;7.230105;9.004743;7.273593;7.081017;5.207764;7.925073;7.388358;8.733451;3.679534;4.270641;7.051694;8.435259;5.878760;6.764507;7.148225;8.837171;8.135406;9.375517;7.071446;3.267442;7.484537;4.535234;8.041436;3.794419;7.409973;8.671890;7.485550;5.074804;5.980164;5.934391;9.247964;8.575433;7.022730;3.654060
0.740000;-4.849254;2.889382;3.491797;3.525349;2.983534;3.353647;1.819612;3.144835;4.113770;1.571269;5.327741;1.704416;3.270055;2.354877;3.620497;4.051738;2.621968;1.871711;2.940789;3.788089;5.343956;2.802954;3.812694;4.123145;1.665627;3.889943;3.457721;2.676131;3.498863;2.962501;4.814400;2.990444;4.505875;4.890614;4.791182;1.903080;2.968900;1.333986;3.559904;5.664660;4.923335;1.507367;5.125254;1.915280;5.012725;3.264787;4.031622;4.401705;5.596981;3.655081;2.754308;5.381222;2.706635;1.808748;3.111762;3.366334;3.847237;4.601230;1.861944;5.107355;1.349306;2.694177;1.686944;2.598780;4.129275;4.795931;3.452861;4.087013;3.189427;4.741460;5.121421;3.798409;4.275153;3.241694;2.107196;4.538595;2.146680;1.531965;1.576412;5.036479;1.854928;2.475847;4.164217;4.820485;1.498303;4.114891;2.759618;1.734003;4.326680;4.756403;4.882002;3.154776;4.751321;1.506087;3.609144;3.956960;1.620195;5.535258;6.027159;4.183256;3.857269;3.403628;3.012438;2.149883;2.542269;4.016029;3.435567;4.753734;3.883366;4.181376;2.646994;3.406665;2.614677;5.466872;3.606153;4.960722;6.184321;6.082952;9.304883;5.596863;4.554777;9.103274;5.189112;4.723435;4.886053;7.456856;6.493321;7.220255;7.056018;8.913104;8.855991;7.041448;5.360243;5.079362;8.926695;5.298677;4.316843;8.208633;7.104195;6.065214;6.058743;6.532812;7.229795;9.004985;7.273585;7.081058;5.207885;7.925624;7.388757;8.786210;3.678643;4.271152;7.051957;8.435575;5.879016;6.763766;7.148436;8.837317;8.135265;9.375944;7.071894;3.267441;7.498569;4.535502;8.041553;3.794765;7.410549;8.672453;7.486120;5.074952;5.980517;5.934912;9.248540;8.576016;7.022789;3.654061
0.740000;-4.802544;2.894214;3.492902;3.526277;2.984398;3.355328;1.821870;3.148913;4.114282;1.572237;5.328418;1.705224;3.271483;2.328296;3.656312;4.054037;2.346579;1.873151;2.941443;3.789985;5.345019;2.804266;3.813057;4.124057;1.666892;3.886731;3.458874;2.679066;3.500245;2.963474;4.814400;2.992571;4.506541;4.891169;4.791509;1.904038;2.970181;1.334524;3.561750;5.667808;4.924462;1.507716;5.125751;1.915904;5.014616;3.265303;4.031888;4.402260;5.598597;3.655527;2.755390;5.382862;2.707191;1.809422;3.113111;3.367589;3.835619;4.639551;1.862792;5.108605;1.369835;2.695891;1.688275;2.586091;4.130146;4.797220;3.453616;4.088800;3.189862;4.756793;5.122540;3.798409;4.277802;3.243429;2.108063;4.540579;2.147779;1.541219;1.576739;5.038020;1.855788;2.441530;4.164486;4.821187;1.498689;4.116645;2.760373;1.687897;4.351962;4.759513;4.883259;3.156393;4.751614;1.883498;3.609635;3.957716;1.620956;5.538078;6.029746;4.183557;3.859114;3.400296;3.013486;2.151009;2.543023;4.016969;3.436860;4.754310;3.883586;4.182940;2.646994;3.407709;2.615599;5.468018;3.608841;5.025673;6.185061;6.082207;9.305513;5.596963;4.555187;9.104598;5.190636;4.723817;4.882267;7.450051;6.485291;7.224160;7.054335;8.915181;8.857871;7.042054;5.362674;5.081314;8.929012;5.298676;4.210047;8.196214;7.102226;6.065788;6.064228;6.534718;7.237696;9.005703;7.273585;7.081189;5.208245;7.927860;7.390009;8.733720;3.688406;4.272924;7.052732;8.436497;5.879781;6.773284;7.149054;8.837750;8.142461;9.377302;7.073339;3.267442;7.484561;4.540828;8.041897;3.795796;7.413215;8.675596;7.488555;5.075381;5.985433;5.936744;9.251420;8.578807;7.022963;3.654062
0.740000;-4.871523;2.886955;3.488710;3.522766;2.981139;3.348967;1.821009;3.134626;4.112380;1.568571;5.325879;1.702189;3.266068;2.328241;3.631022;4.045470;2.579082;1.867674;2.938995;3.782836;5.340982;2.799283;3.811720;4.120605;1.662084;3.921574;3.454503;2.668349;3.494999;2.959789;4.814400;2.984612;4.504036;4.889100;4.790305;1.903269;2.965321;1.332525;3.554786;5.656397;4.920187;1.506439;5.123906;1.913567;5.007488;3.263389;4.030914;4.400192;5.592469;3.653875;2.751288;5.376646;2.705123;1.806896;3.107970;3.362829;3.869884;4.581730;1.859591;5.103858;1.349564;2.689409;1.683218;2.584267;4.126860;4.792313;3.450775;4.082043;3.188251;4.749018;5.118300;3.798409;4.268035;3.236875;2.104792;4.533114;2.143627;1.545750;1.575539;5.032169;1.852548;2.488339;4.163498;4.818556;1.497259;4.110017;2.757534;1.690898;4.401985;4.748229;4.878485;3.150263;4.750543;1.470474;3.607814;3.954876;1.618097;5.527730;6.020188;4.182454;3.852149;3.371815;3.009508;2.146747;2.540191;4.013409;3.431951;4.752159;3.882779;4.176994;2.646994;3.403748;2.612113;5.463665;3.598940;4.960492;6.182288;6.081700;9.303165;5.596601;4.553675;9.099571;5.184849;4.722409;4.882775;7.487877;6.484974;7.210405;7.167717;8.907379;8.850806;7.039794;5.358374;5.073980;8.920377;5.298677;4.280113;8.197838;7.145807;6.063641;6.045922;6.527545;7.213039;9.003007;7.273589;7.080717;5.206920;7.919515;7.385269;8.740968;3.695713;4.266227;7.049815;8.432991;5.876912;6.744633;7.146741;8.836148;8.119617;9.372167;7.067855;3.267442;7.515115;4.522980;8.040626;3.791884;7.403392;8.664217;7.479527;5.073788;5.968721;5.929834;9.240893;8.568569;7.022331;3.654061
0.740000;-4.553483;2.923985;3.490422;3.524189;2.982454;3.351617;1.824482;3.140900;4.113135;1.570057;5.326894;1.703410;3.268306;2.347028;3.621340;4.049108;2.621968;1.869941;2.939974;3.785837;5.342626;2.801333;3.812246;4.122002;1.664056;3.865121;3.456292;2.672968;3.497163;2.961285;4.814400;2.987972;4.505039;4.889923;4.790778;1.902642;2.967318;1.333320;3.557705;5.661322;4.921933;1.506942;5.124638;1.914501;5.010482;3.264151;4.031296;4.401013;5.595018;3.654529;2.752961;5.379233;2.705945;1.807908;3.110085;3.364782;3.841478;4.579166;1.860883;5.105808;1.351753;2.692114;1.685301;2.580431;4.128187;4.794330;3.451917;4.084869;3.188889;4.753592;5.120031;3.798409;4.272213;3.239611;2.106113;4.536258;2.145321;1.565999;1.576012;5.034595;1.853856;2.453678;4.163886;4.819609;1.497825;4.112782;2.758674;1.686239;4.318355;4.753108;4.880445;3.152815;4.750964;1.475836;3.608538;3.956017;1.619246;5.532176;6.024275;4.182887;3.855071;3.374533;3.011130;2.148484;2.541326;4.014851;3.433968;4.753015;3.883095;4.179461;2.646994;3.405358;2.613524;5.465444;3.603187;4.962769;6.183405;6.080701;9.304104;5.596743;4.554271;9.101644;5.187251;4.722966;4.897918;7.474899;6.484167;7.216434;7.087249;8.910677;8.853769;7.040697;5.359732;5.077063;8.924050;5.298676;4.234878;8.195387;7.116415;6.064496;6.054097;6.530557;7.224240;9.004089;7.273585;7.080901;5.207440;7.923054;7.387214;8.734216;3.686411;4.269028;7.050989;8.434411;5.878064;6.757748;7.147665;8.836782;8.129945;9.374281;7.070124;3.267441;7.490774;4.530931;8.041125;3.793476;7.407606;8.669138;7.483373;5.074419;5.976138;5.932730;9.245424;8.572966;7.022577;3.654062
0.740000;-4.136315;3.009742;3.494960;3.528013;2.986011;3.358352;1.838583;3.154495;4.115229;1.574049;5.329684;1.706728;3.274103;2.329374;3.615142;4.057923;2.431076;1.875794;2.942662;3.793330;5.347005;2.806687;3.813724;4.125765;1.669236;3.889176;3.461017;2.683686;3.502789;2.965292;4.814399;2.996231;4.507789;4.892201;4.792109;1.904237;2.972547;1.335521;3.565022;5.672639;4.926558;1.508352;5.126671;1.917069;5.017951;3.266256;4.032373;4.403292;5.601524;3.656351;2.757405;5.385824;2.708222;1.810679;3.115603;3.369909;3.895839;4.599934;1.864379;5.110919;1.357643;2.698965;1.690730;2.580921;4.131773;4.799607;3.455029;4.091992;3.190665;4.742580;5.124619;3.798409;4.282115;3.246531;2.109682;4.544052;2.149819;1.541117;1.577338;5.040825;1.857393;2.479665;4.164981;4.822495;1.499403;4.119778;2.761786;1.686693;4.332985;4.764303;4.885585;3.159319;4.752146;1.623339;3.610544;3.959124;1.622376;5.542585;6.033984;4.184109;3.862386;3.371887;3.015442;2.153100;2.544429;4.018729;3.439246;4.755382;3.883990;4.185789;2.646994;3.409662;2.617325;5.470150;3.613196;5.151751;6.186436;6.081841;9.306681;5.597143;4.555941;9.107037;5.193413;4.724520;4.890564;7.462237;6.489281;7.229616;7.054375;8.918780;8.861181;7.043180;5.365468;5.084729;8.932915;5.298678;4.243966;8.194576;7.099522;6.066859;6.070562;6.538071;7.244647;9.007048;7.273582;7.081425;5.208906;7.931667;7.392318;8.746851;3.679710;4.276085;7.054180;8.438233;5.881203;6.780344;7.150203;8.838549;8.149291;9.379783;7.075983;3.267442;7.517087;4.547082;8.042535;3.797723;7.417541;8.680408;7.492608;5.076176;5.991503;5.939994;9.255976;8.583270;7.023278;3.654062
0.740000;-5.123343;2.875516;3.490176;3.523977;2.982254;3.351257;1.823834;3.139778;4.113005;1.569839;5.326730;1.703222;3.267996;2.332351;3.639300;4.048583;2.596508;1.869631;2.939815;3.785420;5.342391;2.801046;3.812149;4.121792;1.663781;3.876456;3.456034;2.672250;3.496861;2.961062;4.814400;2.987500;4.504879;4.889783;4.790689;1.912696;2.967036;1.333183;3.557299;5.660547;4.921682;1.506848;5.124511;1.914347;5.010064;3.264018;4.031222;4.400876;5.594666;3.654413;2.752720;5.378877;2.705807;1.807743;3.109793;3.364507;3.952336;4.592011;1.860686;5.105533;1.349717;2.691740;1.685011;2.657216;4.127985;4.794051;3.451737;4.084482;3.188775;4.741585;5.119781;3.798409;4.271591;3.239234;2.105912;4.535817;2.145075;1.544117;1.575923;5.034266;1.853658;2.508247;4.163811;4.819440;1.497721;4.112406;2.758499;1.712325;4.341540;4.752333;4.880169;3.152462;4.750883;1.467417;3.608411;3.955838;1.619064;5.531500;6.023668;4.182804;3.854666;3.383501;3.010893;2.148234;2.541148;4.014637;3.433687;4.752872;3.883033;4.179123;2.646994;3.405126;2.613315;5.465192;3.602542;4.961738;6.183225;6.088256;9.303948;5.596712;4.554164;9.101350;5.186919;4.722865;4.884810;7.487098;6.516252;7.215369;7.080428;8.910209;8.853349;7.040545;5.358385;5.076632;8.923512;5.298678;4.290775;8.199121;7.098523;6.064353;6.052384;6.530133;7.221441;9.003913;7.273582;7.080863;5.207345;7.922542;7.386940;8.740970;3.678679;4.268637;7.050804;8.434195;5.877884;6.754169;7.147510;8.836670;8.127477;9.373982;7.069808;3.267442;7.487547;4.529285;8.041035;3.793242;7.406969;8.668344;7.482804;5.074306;5.974664;5.932327;9.244720;8.572295;7.022526;3.654062
0.740000;-4.205686;2.993976;3.498569;3.531049;2.988831;3.363765;1.820322;3.166084;4.116888;1.577217;5.331891;1.709355;3.278733;2.336865;3.687119;4.065123;2.621968;1.880480;2.944791;3.799386;5.350482;2.810956;3.814894;4.128751;1.673363;3.866687;3.464774;2.692576;3.507277;2.968476;4.814399;3.002938;4.509964;4.894003;4.793161;1.904157;2.976717;1.337265;3.570928;5.682055;4.930242;1.509470;5.128280;1.919103;5.023987;3.267924;4.033226;4.405095;5.606750;3.657793;2.760941;5.391123;2.710023;1.812872;3.120010;3.373996;3.833725;4.592977;1.867151;5.114996;1.356796;2.704477;1.695064;2.581286;4.134618;4.803820;3.457494;4.097732;3.192072;4.752487;5.128268;3.798409;4.290262;3.252101;2.112511;4.550368;2.153399;1.697045;1.578387;5.045813;1.860197;2.447275;4.165847;4.824779;1.500654;4.125406;2.764251;1.705953;4.325913;4.773632;4.889686;3.164544;4.753084;1.793768;3.612134;3.961587;1.624857;5.551182;6.041967;4.185078;3.868295;3.408833;3.018872;2.156773;2.546887;4.021805;3.443460;4.757254;3.884698;4.190863;2.646994;3.413074;2.620340;5.473897;3.621451;5.184865;6.188842;6.095421;9.308721;5.597460;4.557264;9.111355;5.198354;4.725752;4.893567;7.456203;6.483440;7.240817;7.050274;8.925362;8.867172;7.045148;5.358908;5.090936;8.940163;5.298677;4.235993;8.219007;7.098688;6.068729;6.085050;6.544147;7.263418;9.009394;7.273589;7.081839;5.210064;7.938689;7.396392;8.742715;3.678312;4.281777;7.056710;8.441279;5.883695;6.801664;7.152211;8.839947;8.166872;9.384178;7.080675;3.267442;7.512005;4.561270;8.043651;3.801099;7.425742;8.689823;7.500174;5.077566;6.004863;5.945857;9.264718;8.591784;7.023832;3.654061
0.740000;-4.498713;2.936018;3.504199;3.535839;2.993300;3.371933;1.820917;3.182276;4.119583;1.582203;5.335435;1.713539;3.285819;2.328942;3.615442;4.075696;2.621968;1.887645;2.948213;3.808436;5.355923;2.817534;3.816817;4.133467;1.679737;3.895724;3.470620;2.705349;3.514174;2.973482;4.814400;3.012863;4.513464;4.896924;4.794897;1.962166;2.983154;1.340093;3.579776;5.695503;4.935977;1.511307;5.130895;1.922380;5.033012;3.270634;4.034640;4.408015;5.614652;3.660147;2.766462;5.399134;2.712941;1.816396;3.126778;3.380312;3.853616;4.578818;1.871549;5.121297;1.350018;2.712785;1.701735;2.585426;4.139122;4.810308;3.461430;4.106350;3.194371;4.741543;5.133956;3.709779;4.302083;3.260489;2.116995;4.559765;2.158977;1.562158;1.580119;5.053406;1.864639;2.460666;4.167284;4.828439;1.502704;4.133873;2.768183;1.692033;4.323372;4.786965;4.896020;3.172456;4.754633;1.465888;3.614719;3.965519;1.628812;5.563586;6.053570;4.186679;3.877146;3.402580;3.024240;2.162492;2.550812;4.026655;3.449956;4.760282;3.885877;4.198568;2.646994;3.418423;2.625095;5.479722;3.633409;4.960507;6.192686;6.079894;9.312010;5.597992;4.559429;9.117993;5.205873;4.727770;4.881891;7.450037;6.485205;7.256521;7.045920;8.935121;8.876137;7.048323;5.360473;5.100186;8.950809;5.298677;4.230421;8.244894;7.143470;6.071756;6.104840;6.553221;7.288499;9.013150;7.273582;7.082533;5.211971;7.949034;7.402686;8.733648;3.679042;4.290329;7.060744;8.446071;5.887667;6.829892;7.155453;8.842236;8.190475;9.390940;7.087847;3.267440;7.497057;4.580655;8.045483;3.806390;7.437623;8.703251;7.511237;5.079840;6.023258;5.954649;9.277301;8.604077;7.024757;3.654060
0.740000;-5.383892;2.879151;3.490968;3.524605;2.982826;3.352635;1.825611;3.143831;4.113299;1.570505;5.327149;1.703744;3.269104;2.331399;3.639179;4.050642;2.621968;1.870753;2.940215;3.787031;5.343143;2.802038;3.812345;4.122408;1.664729;3.882024;3.456872;2.675032;3.497927;2.961733;4.814400;2.989366;4.505289;4.890111;4.790862;1.902497;2.967999;1.333497;3.558856;5.663570;4.922494;1.507033;5.124795;1.914725;5.011671;3.264316;4.031359;4.401202;5.595976;3.654662;2.753489;5.380214;2.706132;1.808160;3.110833;3.365443;3.960476;4.579154;1.861244;5.106464;1.351298;2.693153;1.686024;2.579360;4.128563;4.795024;3.452218;4.085978;3.189017;4.747535;5.120585;3.798409;4.274048;3.240669;2.106486;4.537528;2.145860;1.590367;1.576095;5.035496;1.854225;2.441791;4.163950;4.819878;1.497933;4.113855;2.758978;1.736896;4.415601;4.755312;4.881108;3.153773;4.751034;1.465894;3.608690;3.956319;1.619551;5.534159;6.026056;4.182961;3.856224;3.384163;3.011631;2.149044;2.541629;4.015276;3.434661;4.753213;3.883144;4.180383;2.646994;3.405864;2.613938;5.466022;3.605048;4.979829;6.183690;6.080934;9.304327;5.596758;4.554389;9.102355;5.188131;4.723071;4.920791;7.451809;6.511775;7.219235;7.045103;8.912023;8.854936;7.040909;5.365461;5.078299;8.925590;5.298677;4.247669;8.210029;7.118420;6.064693;6.057925;6.531756;7.229312;9.004367;7.273589;7.080924;5.207538;7.924532;7.387869;8.762844;3.681319;4.270117;7.051302;8.434826;5.878368;6.763475;7.147885;8.836910;8.134687;9.375013;7.070934;3.267441;7.553705;4.534653;8.041218;3.793967;7.409445;8.671359;7.485018;5.074546;5.979619;5.933865;9.247438;8.574911;7.022614;3.654062
0.740000;-3.740335;3.123258;3.486824;3.521164;2.979646;3.346208;1.819200;3.129125;4.111486;1.566901;5.324698;1.700793;3.263680;2.331668;3.626808;4.041873;2.621968;1.865260;2.937856;3.779769;5.339159;2.797070;3.811083;4.119028;1.659937;3.937054;3.452542;2.663995;3.492680;2.958113;4.814400;2.981244;4.502875;4.888130;4.789732;1.925527;2.963154;1.331587;3.551786;5.651809;4.918262;1.505830;5.123038;1.912477;5.004431;3.262490;4.030447;4.399222;5.589795;3.653095;2.749436;5.373937;2.704154;1.805725;3.105689;3.360703;3.838912;4.593326;1.858122;5.101738;1.358166;2.686598;1.680973;2.586960;4.125354;4.790133;3.449463;4.079121;3.187490;4.762937;5.116392;3.770026;4.264012;3.234035;2.103294;4.529925;2.141753;1.562255;1.574967;5.029614;1.851064;2.443806;4.163024;4.817337;1.496582;4.107153;2.756223;1.703966;4.311053;4.743684;4.876355;3.147589;4.750031;1.470685;3.606956;3.953566;1.616778;5.523509;6.016237;4.181922;3.849148;3.372476;3.007712;2.144822;2.538882;4.011787;3.429767;4.751152;3.882390;4.174393;2.646994;3.401958;2.610522;5.461710;3.594861;4.992178;6.181007;6.081257;9.302073;5.596426;4.552957;9.097333;5.182315;4.721741;4.882829;7.482739;6.559871;7.205056;7.048266;8.904063;8.847754;7.038738;5.358565;5.070839;8.916759;5.298676;4.209571;8.196108;7.101288;6.062635;6.039250;6.524467;7.204801;9.001751;7.273585;7.080488;5.206288;7.915990;7.383151;8.733356;3.688397;4.263327;7.048470;8.431381;5.875587;6.735529;7.145663;8.835390;8.111798;9.369886;7.065432;3.267441;7.485572;4.516422;8.040018;3.790109;7.399345;8.659622;7.475755;5.073036;5.962487;5.926850;9.236600;8.564375;7.022026;3.654061
0.740000;-5.995953;2.948385;3.495291;3.528271;2.986244;3.358988;1.819546;3.157254;4.115351;1.574323;5.329853;1.706939;3.274585;2.358268;3.646226;4.059004;2.417719;1.876292;2.942824;3.794113;5.347314;2.807112;3.813807;4.126017;1.669640;3.864504;3.461362;2.685312;3.503252;2.965568;4.814399;2.997175;4.507957;4.892334;4.792183;1.912338;2.972960;1.335650;3.565769;5.674449;4.926901;1.508432;5.126788;1.917223;5.018727;3.266378;4.032433;4.403425;5.602125;3.656455;2.757726;5.386442;2.708354;1.810848;3.116052;3.370309;3.828632;4.598606;1.864606;5.111317;1.349631;2.699623;1.691170;2.585113;4.132009;4.800023;3.455222;4.092698;3.190767;4.754900;5.124954;3.798409;4.283483;3.247204;2.109916;4.544899;2.150138;1.533555;1.577411;5.041375;1.857623;2.442849;4.165042;4.822670;1.499492;4.120459;2.761978;1.691669;4.354068;4.766095;4.885989;3.159920;4.752213;1.475836;3.610660;3.959319;1.622571;5.544103;6.035305;4.184175;3.863135;3.378975;3.015749;2.153439;2.544623;4.018991;3.439667;4.755521;3.884039;4.186357;2.646994;3.409966;2.617578;5.470500;3.614609;4.968160;6.186625;6.084532;9.306837;5.597164;4.556037;9.107478;5.193963;4.724608;4.882644;7.450335;6.546104;7.232205;7.045188;8.919703;8.861958;7.043328;5.372649;5.085552;8.934028;5.298677;4.244093;8.202753;7.099178;6.067000;6.074888;6.538860;7.251831;9.007233;7.273582;7.081453;5.208988;7.932706;7.392723;8.734603;3.678294;4.276788;7.054384;8.438498;5.881405;6.789515;7.150356;8.838651;8.155618;9.380236;7.076487;3.267442;7.487215;4.551235;8.042614;3.798025;7.418942;8.682245;7.493804;5.076276;5.995185;5.940739;9.257555;8.584769;7.023317;3.654061
0.740000;-4.417715;2.947883;3.492691;3.526103;2.984235;3.355003;1.819241;3.148099;4.114189;1.572057;5.328293;1.705072;3.271211;2.329438;3.699528;4.053586;2.434839;1.872877;2.941322;3.789616;5.344817;2.804011;3.812992;4.123886;1.666649;3.864567;3.458656;2.678487;3.499981;2.963290;4.814400;2.992152;4.506418;4.891068;4.791451;1.912871;2.969936;1.334427;3.561391;5.667182;4.924249;1.507653;5.125659;1.915789;5.014245;3.265209;4.031840;4.402159;5.598284;3.655446;2.755184;5.382545;2.707089;1.809297;3.112853;3.367349;3.828988;4.632610;1.862633;5.108367;1.349361;2.695558;1.688020;2.583097;4.129983;4.796976;3.453476;4.088453;3.189784;4.755961;5.122328;3.769617;4.277280;3.243093;2.107899;4.540195;2.147571;1.531914;1.576681;5.037723;1.855626;2.443020;4.164440;4.821056;1.498619;4.116303;2.760235;1.703336;4.356531;4.758896;4.883020;3.156081;4.751561;1.469595;3.609547;3.957574;1.620813;5.537523;6.029236;4.183503;3.858759;3.373474;3.013289;2.150793;2.542882;4.016793;3.436612;4.754203;3.883548;4.182641;2.646994;3.407513;2.615425;5.467801;3.608310;5.143180;6.184923;6.083940;9.305394;5.596946;4.555114;9.104347;5.190343;4.723750;4.888323;7.450311;6.483492;7.223380;7.047195;8.914773;8.857505;7.041943;5.358903;5.080932;8.928554;5.298678;4.293864;8.206654;7.120722;6.065683;6.063116;6.534347;7.236039;9.005573;7.273574;7.081166;5.208179;7.927421;7.389771;8.734365;3.678612;4.272580;7.052587;8.436328;5.879639;6.771253;7.148941;8.837672;8.140962;9.377036;7.073062;3.267442;7.485738;4.539737;8.041840;3.795602;7.412695;8.674964;7.488078;5.075303;5.984437;5.936391;9.250851;8.578255;7.022933;3.654061
0.740000;-4.115844;3.011561;3.489111;3.523095;2.981442;3.349586;1.825749;3.135936;4.112548;1.568915;5.326109;1.702470;3.266594;2.340751;3.616896;4.046304;2.541696;1.868208;2.939216;3.783534;5.341369;2.799763;3.811834;4.120928;1.662544;3.864357;3.454921;2.669376;3.495506;2.960135;4.814400;2.985388;4.504262;4.889283;4.790408;1.906345;2.965788;1.332701;3.555465;5.657484;4.920594;1.506548;5.124068;1.913778;5.008184;3.263559;4.030994;4.400374;5.593065;3.654019;2.751678;5.377251;2.705307;1.807125;3.108465;3.363285;3.850948;4.586979;1.859887;5.104314;1.350336;2.690041;1.683707;2.579785;4.127165;4.792789;3.451035;4.082701;3.188391;4.742968;5.118703;3.798409;4.268980;3.237514;2.105097;4.533843;2.144020;1.612617;1.575640;5.032740;1.852849;2.488959;4.163580;4.818795;1.497383;4.110660;2.757795;1.696673;4.312871;4.749304;4.878944;3.150859;4.750633;1.485016;3.607975;3.955137;1.618359;5.528728;6.021115;4.182545;3.852829;3.393046;3.009887;2.147150;2.540449;4.013742;3.432422;4.752351;3.882846;4.177571;2.646994;3.404121;2.612438;5.464081;3.599894;4.960714;6.182544;6.096058;9.303379;5.596631;4.553804;9.100055;5.185413;4.722531;4.883026;7.451243;6.485032;7.211670;7.052314;8.908145;8.851487;7.039996;5.358840;5.074697;8.921220;5.298678;4.263139;8.200442;7.098441;6.063835;6.047501;6.528245;7.214952;9.003253;7.273593;7.080755;5.207033;7.920322;7.385727;8.767919;3.682149;4.266879;7.050083;8.433313;5.877175;6.746717;7.146951;8.836288;8.121442;9.372661;7.068386;3.267442;7.487370;4.524512;8.040735;3.792252;7.404342;8.665293;7.480402;5.073925;5.970194;5.930509;9.241905;8.569554;7.022382;3.654062
0.740000;-4.953173;2.881719;3.486973;3.521250;2.979710;3.346650;1.823423;3.131319;4.111475;1.567001;5.324716;1.700843;3.263985;2.354684;3.640671;4.042718;2.621968;1.865569;2.937868;3.780344;5.339295;2.797314;3.811062;4.119109;1.660161;3.989939;3.452718;2.665310;3.492958;2.958214;4.814399;2.981966;4.502891;4.888127;4.789709;1.906908;2.963383;1.331579;3.552330;5.653293;4.918422;1.505808;5.123026;1.912484;5.005002;3.262481;4.030425;4.399217;5.590202;3.653078;2.749579;5.374356;2.704150;1.805741;3.105954;3.360919;3.896622;4.622571;1.858183;5.101952;1.349394;2.687058;1.681226;2.641050;4.125422;4.790369;3.449498;4.079633;3.187474;4.772237;5.116548;3.798409;4.265107;3.234510;2.103360;4.530558;2.141903;1.602865;1.574944;5.029974;1.851129;2.441515;4.163001;4.817359;1.496561;4.107640;2.756256;1.686299;4.322503;4.745129;4.876573;3.147995;4.750009;1.658003;3.606945;3.953601;1.616815;5.524734;6.017288;4.181900;3.849695;3.372187;3.007840;2.144983;2.538917;4.011877;3.429997;4.751152;3.882369;4.174776;2.646994;3.402083;2.610604;5.461878;3.595991;4.976813;6.181038;6.103214;9.302080;5.596414;4.552937;9.097580;5.182665;4.721720;4.881908;7.465848;6.489847;7.207115;7.060774;8.904762;8.848316;7.038742;5.360221;5.071448;8.917613;5.298678;4.213262;8.198730;7.137532;6.062636;6.042532;6.525047;7.209846;9.001781;7.273585;7.080472;5.206265;7.916794;7.383365;8.747874;3.699660;4.263828;7.048510;8.431468;5.875619;6.741664;7.145670;8.835374;8.116336;9.370148;7.065743;3.267442;7.486299;4.519570;8.039996;3.790234;7.400454;8.661094;7.476697;5.073017;5.965338;5.927385;9.237870;8.565580;7.022007;3.654061
0.740000;-5.939293;2.939967;3.493802;3.527052;2.985123;3.356571;1.840280;3.150801;4.114728;1.573042;5.329000;1.705904;3.272586;2.329087;3.765483;4.055552;2.348179;1.874268;2.942006;3.791335;5.345889;2.805303;3.813378;4.124822;1.667898;3.870073;3.459802;2.680778;3.501325;2.964281;4.814400;2.994016;4.507116;4.891651;4.791798;1.911174;2.971195;1.334993;3.563076;5.669564;4.925376;1.508024;5.126185;1.916445;5.015962;3.265752;4.032126;4.402744;5.599809;3.655919;2.756274;5.384088;2.707673;1.810001;3.114166;3.368586;3.852134;4.703317;1.863508;5.109601;1.349674;2.697151;1.689322;2.582871;4.130878;4.798246;3.454259;4.090102;3.190245;4.741495;5.123446;3.689394;4.279434;3.244699;2.108790;4.541971;2.148672;1.566059;1.577029;5.039194;1.856509;2.502546;4.164730;4.821786;1.499033;4.117923;2.761019;1.725538;4.360970;4.761263;4.884260;3.157605;4.751873;1.496793;3.610065;3.958357;1.621602;5.539764;6.031361;4.183827;3.860441;3.409020;3.014348;2.151920;2.543664;4.017754;3.437881;4.754810;3.883786;4.184125;2.646994;3.408569;2.616368;5.468946;3.610485;5.044370;6.185689;6.086333;9.306054;5.597053;4.555548;9.105640;5.191797;4.724158;4.881998;7.454583;6.483535;7.226031;7.059724;8.916611;8.859208;7.042577;5.379809;5.082685;8.930531;5.298676;4.215936;8.197190;7.137549;6.066290;6.066124;6.536070;7.239278;9.006319;7.273582;7.081306;5.208563;7.929353;7.391004;8.780919;3.696642;4.274215;7.053391;8.437279;5.880429;6.774489;7.149587;8.838132;8.144165;9.378357;7.074453;3.267442;7.486733;4.542736;8.042209;3.796648;7.414856;8.677353;7.490115;5.075759;5.987352;5.938063;9.253114;8.580477;7.023119;3.654061
0.740000;-5.455972;2.882521;3.497289;3.529999;2.987865;3.361695;1.820756;3.160813;4.116352;1.576115;5.331156;1.708464;3.277012;2.353185;3.624721;4.062197;2.597481;1.878742;2.944085;3.797017;5.349255;2.809394;3.814525;4.127720;1.671861;3.880250;3.463430;2.688781;3.505622;2.967366;4.814400;3.000256;4.509245;4.893416;4.792833;1.914077;2.975200;1.336700;3.568629;5.677982;4.928929;1.509118;5.127761;1.918434;5.021629;3.267386;4.032961;4.404508;5.604762;3.657330;2.759690;5.389105;2.709437;1.812143;3.118391;3.372514;3.843673;4.578110;1.866204;5.113517;1.350891;2.702362;1.693476;2.587690;4.133642;4.802282;3.456666;4.095512;3.191623;4.742619;5.126970;3.768400;4.286855;3.249959;2.111542;4.547875;2.152127;1.536339;1.578059;5.043937;1.859237;2.446394;4.165580;4.824017;1.500257;4.123237;2.763423;1.703025;4.355913;4.769604;4.888198;3.162559;4.752792;1.871543;3.611621;3.960758;1.624020;5.547545;6.038646;4.184777;3.865998;3.373657;3.017664;2.155460;2.546060;4.020739;3.441924;4.756641;3.884481;4.188948;2.646994;3.411874;2.619298;5.472559;3.617990;5.548810;6.188032;6.083887;9.308046;5.597364;4.556844;9.109775;5.196499;4.725363;4.888190;7.450244;6.483843;7.235760;7.049948;8.922737;8.864836;7.044502;5.378211;5.088494;8.937218;5.298676;4.330091;8.195215;7.103455;6.068118;6.078094;6.541767;7.253854;9.008610;7.273585;7.081714;5.209701;7.935847;7.394916;8.733566;3.678598;4.279580;7.055855;8.440226;5.882854;6.790489;7.151551;8.839503;8.158045;9.382563;7.078929;3.267442;7.488344;4.554492;8.043302;3.799914;7.422310;8.685751;7.497065;5.077123;5.998574;5.943581;9.260997;8.588187;7.023664;3.654061
0.740000;-6.206258;2.991554;3.498027;3.530518;2.988311;3.363347;1.831825;3.167455;4.116489;1.576682;5.331420;1.708848;3.278233;2.332259;3.615530;4.065035;2.621968;1.879988;2.944329;3.799070;5.349943;2.810431;3.814586;4.128222;1.672836;3.884469;3.464237;2.692952;3.506775;2.967940;4.814400;3.002744;4.509497;4.893587;4.792878;1.940081;2.976193;1.336855;3.570586;5.682601;4.929702;1.509171;5.127891;1.918653;5.023669;3.267525;4.032987;4.404675;5.606311;3.657431;2.760401;5.390692;2.709604;1.812403;3.119493;3.373467;3.829545;4.578040;1.866633;5.114467;1.352881;2.704074;1.694548;2.687560;4.134096;4.803289;3.457000;4.097367;3.191717;4.744668;5.127729;3.769492;4.290416;3.251710;2.111992;4.550097;2.152852;1.529782;1.578105;5.045351;1.859676;2.476114;4.165606;4.824300;1.500327;4.125023;2.763753;1.691362;4.396132;4.774148;4.889157;3.164106;4.752825;1.487302;3.611747;3.961091;1.624356;5.551471;6.042080;4.184812;3.867956;3.404902;3.018333;2.156232;2.546392;4.021272;3.442936;4.756824;3.884495;4.190411;2.646994;3.412535;2.619808;5.473358;3.621639;5.060131;6.188352;6.081127;9.308270;5.597362;4.556924;9.110837;5.197886;4.725431;4.883019;7.472645;6.505565;7.242031;7.068872;8.925143;8.866851;7.044705;5.358422;5.090645;8.940088;5.298679;4.283700;8.197047;7.151416;6.068303;6.087775;6.543832;7.268578;9.008912;7.273589;7.081713;5.209760;7.938566;7.395865;8.734016;3.678374;4.281402;7.056208;8.440744;5.883200;6.808455;7.151768;8.839595;8.171308;9.383667;7.080185;3.267442;7.496261;4.563831;8.043350;3.800559;7.425914;8.690370;7.500183;5.077214;6.007034;5.945513;9.265050;8.592049;7.023666;3.654061
0.740000;-5.219333;2.874992;3.491542;3.525141;2.983343;3.353238;1.846999;3.143972;4.113671;1.571052;5.327601;1.704245;3.269713;2.340041;3.616244;4.051177;2.349265;1.871362;2.940655;3.787620;5.343709;2.802639;3.812629;4.122941;1.665326;3.864366;3.457453;2.675442;3.498533;2.962280;4.814400;2.989924;4.505738;4.890505;4.791123;1.910282;2.968596;1.333883;3.559447;5.663934;4.923073;1.507308;5.125160;1.915153;5.012260;3.264689;4.031576;4.401596;5.596585;3.654997;2.754060;5.380818;2.706527;1.808609;3.111433;3.366037;3.828038;4.680769;1.861757;5.107058;1.359143;2.693755;1.686623;2.579526;4.129083;4.795621;3.452701;4.086573;3.189346;4.744014;5.121161;3.760362;4.274521;3.241268;2.107006;4.538105;2.146430;1.617750;1.576356;5.036103;1.854742;2.441804;4.164171;4.820339;1.498232;4.114460;2.759457;1.690235;4.343598;4.755681;4.881703;3.154378;4.751272;1.475835;3.609052;3.956800;1.620035;5.534591;6.026536;4.183204;3.856815;3.374134;3.012197;2.149623;2.542109;4.015817;3.435260;4.753618;3.883329;4.180992;2.646994;3.406428;2.614473;5.466602;3.605509;5.050783;6.184165;6.079896;9.304755;5.596847;4.554700;9.102956;5.188737;4.723368;4.882021;7.457414;6.506155;7.219415;7.045462;8.912588;8.855528;7.041327;5.376779;5.078882;8.926117;5.298677;4.279478;8.200175;7.199475;6.065099;6.057741;6.532342;7.228640;9.004836;7.273578;7.081038;5.207820;7.925071;7.388464;8.745805;3.678522;4.270714;7.051791;8.435363;5.878853;6.762536;7.148311;8.837237;8.134149;9.375618;7.071539;3.267442;7.548743;4.534513;8.041492;3.794527;7.409906;8.671716;7.485530;5.074870;5.979561;5.934463;9.247859;8.575351;7.022761;3.654060
0.740000;-4.571858;2.921572;3.493273;3.526574;2.984665;3.355939;1.819204;3.150177;4.114416;1.572550;5.328614;1.705466;3.271992;2.330415;3.644246;4.054877;2.615632;1.873665;2.941628;3.790682;5.345372;2.804722;3.813142;4.124348;1.667331;3.868119;3.459264;2.680101;3.500734;2.963788;4.814399;2.993348;4.506733;4.891317;4.791584;1.905812;2.970626;1.334668;3.562426;5.668891;4.924841;1.507796;5.125879;1.916079;5.015309;3.265437;4.031945;4.402409;5.599185;3.655638;2.755750;5.383461;2.707340;1.809615;3.113591;3.368022;3.834942;4.757803;1.863055;5.109037;1.351158;2.696514;1.688742;2.580600;4.130418;4.797671;3.453842;4.089459;3.189971;4.743603;5.122914;3.798409;4.278756;3.244059;2.108330;4.541312;2.148146;1.582904;1.576813;5.038574;1.856055;2.443539;4.164546;4.821389;1.498783;4.117286;2.760600;1.797103;4.364404;4.760591;4.883695;3.156980;4.751678;1.467825;3.609762;3.957938;1.621182;5.539081;6.030681;4.183626;3.859792;3.376152;3.013832;2.151386;2.543246;4.017269;3.437310;4.754466;3.883632;4.183507;2.646994;3.408056;2.615891;5.468405;3.609804;4.996718;6.185277;6.081802;9.305689;5.596981;4.555286;9.105063;5.191184;4.723910;4.887018;7.475349;6.486095;7.225395;7.050033;8.915942;8.858555;7.042221;5.359028;5.082024;8.929851;5.298676;4.261372;8.202550;7.109761;6.065945;6.065621;6.535415;7.239018;9.005913;7.273589;7.081213;5.208329;7.928679;7.390440;8.736900;3.729297;4.273572;7.052966;8.436793;5.880008;6.774407;7.149225;8.837857;8.143826;9.377770;7.073854;3.267441;7.489931;4.542203;8.041980;3.796136;7.414173;8.676681;7.489435;5.075488;5.986789;5.937418;9.252434;8.579798;7.022997;3.654061
0.740000;-5.571281;2.892197;3.484424;3.519101;2.977715;3.342849;1.820826;3.123596;4.110303;1.564760;5.323153;1.698980;3.260717;2.343304;3.645950;4.037730;2.534202;1.862271;2.936362;3.776116;5.336835;2.794299;3.810235;4.116997;1.657248;3.868596;3.450056;2.659234;3.489790;2.955962;4.814400;2.977301;4.501350;4.886849;4.788965;1.902303;2.960440;1.330344;3.548201;5.646879;4.915820;1.505019;5.121888;1.911044;5.000783;3.261299;4.029821;4.397942;5.586535;3.652058;2.747079;5.370641;2.702875;1.804186;3.102850;3.358036;3.918155;4.611807;1.856218;5.099076;1.351584;2.683194;1.678171;2.583813;4.123409;4.787398;3.447753;4.075612;3.186479;4.744859;5.113968;3.763659;4.259504;3.230607;2.101357;4.526155;2.139371;1.620555;1.574201;5.026467;1.849143;2.450034;4.162388;4.815743;1.495677;4.103693;2.754510;1.782922;4.311373;4.738779;4.873681;3.144327;4.749345;1.979886;3.605820;3.951859;1.615057;5.518837;6.011793;4.181217;3.845567;3.371957;3.005414;2.142388;2.537175;4.009699;3.427027;4.749826;3.881869;4.171206;2.646994;3.399672;2.608470;5.459233;3.590323;5.087143;6.179334;6.082157;9.300636;5.596189;4.552003;9.094543;5.179192;4.720851;4.881955;7.451489;6.483544;7.199626;7.046609;8.900178;8.844136;7.037350;5.359273;5.067118;8.912597;5.298678;4.240501;8.195937;7.100483;6.061309;6.033171;6.520805;7.198284;9.000117;7.273585;7.080179;5.205447;7.911924;7.380493;8.746410;3.679420;4.259845;7.046721;8.429316;5.873862;6.728930;7.144247;8.834384;8.105362;9.367047;7.062444;3.267440;7.493225;4.510395;8.039208;3.787846;7.394822;8.654699;7.471473;5.072034;5.956597;5.923285;9.231889;8.559745;7.021615;3.654060
0.740000;-6.627459;3.118567;3.488664;3.522684;2.981048;3.349108;1.819376;3.136122;4.112276;1.568495;5.325771;1.702092;3.266115;2.332297;3.614571;4.045898;2.563963;1.867724;2.938889;3.783069;5.340926;2.799291;3.811630;4.120522;1.662080;3.916224;3.454467;2.669136;3.495032;2.959713;4.814400;2.984952;4.503932;4.888995;4.790220;1.903026;2.965319;1.332419;3.554995;5.657314;4.920144;1.506351;5.123803;1.913461;5.007722;3.263285;4.030841;4.400085;5.592583;3.653776;2.751234;5.376768;2.705018;1.806790;3.107989;3.362818;3.871566;4.607216;1.859498;5.103847;1.351610;2.689560;1.683231;2.584647;4.126769;4.792309;3.450674;4.082229;3.188153;4.767448;5.118255;3.798409;4.268656;3.237036;2.104701;4.533387;2.143575;1.594007;1.575455;5.032262;1.852458;2.479372;4.163424;4.818452;1.497168;4.110188;2.757435;1.692537;4.314487;4.749117;4.878477;3.150377;4.750465;1.475836;3.607712;3.954776;1.617995;5.528453;6.020773;4.182370;3.852360;3.373690;3.009450;2.146699;2.540088;4.013330;3.431953;4.752053;3.882715;4.177091;2.646994;3.403687;2.612031;5.463630;3.599581;4.963139;6.182184;6.079893;9.303061;5.596569;4.553578;9.099583;5.184930;4.722318;4.886079;7.450065;6.501336;7.211782;7.061570;8.907696;8.851019;7.039686;5.362176;5.074237;8.920806;5.298676;4.234834;8.194881;7.119946;6.063535;6.048337;6.527780;7.217072;9.002899;7.273578;7.080676;5.206830;7.919904;7.385259;8.734134;3.678521;4.266403;7.049715;8.432901;5.876808;6.749735;7.146634;8.836051;8.123169;9.372183;7.067902;3.267442;7.492389;4.525274;8.040538;3.791820;7.404018;8.665115;7.480020;5.073690;5.970750;5.930033;9.241640;8.569267;7.022277;3.654061
0.740000;-4.725707;2.902349;3.498088;3.530661;2.988476;3.362967;1.819712;3.163996;4.116700;1.576809;5.331627;1.709030;3.278077;2.340329;3.645031;4.063980;2.621968;1.879817;2.944538;3.798467;5.350023;2.810363;3.814769;4.128370;1.672795;3.865043;3.464268;2.691084;3.506648;2.968064;4.814399;3.001894;4.509706;4.893797;4.793050;1.933207;2.976141;1.337066;3.570037;5.680443;4.929749;1.509351;5.128098;1.918865;5.023072;3.267736;4.033138;4.404888;5.605983;3.657633;2.760473;5.390346;2.709815;1.812611;3.119394;3.373434;3.834103;4.580863;1.866804;5.114437;1.349941;2.703659;1.694461;2.579829;4.134258;4.803234;3.457191;4.096873;3.191918;4.751113;5.127781;3.785123;4.288929;3.251273;2.112156;4.549398;2.152919;1.530859;1.578278;5.045095;1.859846;2.452045;4.165759;4.824504;1.500517;4.124570;2.763946;1.704490;4.353842;4.772045;4.889122;3.163780;4.752987;1.471618;3.611955;3.961286;1.624550;5.549758;6.040666;4.184977;3.867405;3.372756;3.018422;2.156281;2.546588;4.021410;3.442878;4.757037;3.884627;4.190130;2.646994;3.412627;2.619955;5.473394;3.620093;5.010938;6.188550;6.079977;9.308479;5.597430;4.557119;9.110754;5.197642;4.725618;4.883380;7.458389;6.484824;7.238817;7.045690;8.924343;8.866273;7.044917;5.359012;5.089987;8.939008;5.298677;4.211083;8.197228;7.098868;6.068514;6.082270;6.543223;7.259499;9.009110;7.273582;7.081799;5.209941;7.937581;7.395836;8.739213;3.679137;4.280929;7.056399;8.440885;5.883391;6.796979;7.151977;8.839796;8.163284;9.383565;7.080008;3.267441;7.507409;4.558558;8.043531;3.800658;7.424396;8.688211;7.498958;5.077415;6.002357;5.944977;9.263257;8.590372;7.023777;3.654061
0.740000;-5.089357;2.876229;3.489414;3.523376;2.981712;3.349900;1.828250;3.135810;4.112739;1.569203;5.326343;1.702732;3.266908;2.334562;3.625321;4.046551;2.562307;1.868520;2.939444;3.783831;5.341665;2.800078;3.811979;4.121207;1.662856;3.867885;3.455227;2.669511;3.495823;2.960422;4.814399;2.985661;4.504494;4.889486;4.790539;1.902328;2.966101;1.332899;3.555765;5.657573;4.920898;1.506686;5.124256;1.913998;5.008482;3.263750;4.031106;4.400579;5.593382;3.654189;2.751978;5.377564;2.705510;1.807358;3.108782;3.363597;3.831212;4.596012;1.860155;5.104627;1.350430;2.690351;1.684021;2.622075;4.127438;4.793103;3.451285;4.083008;3.188560;4.753075;5.119005;3.798409;4.269169;3.237822;2.105367;4.534129;2.144322;1.562782;1.575773;5.033058;1.853120;2.453315;4.163692;4.819035;1.497535;4.110970;2.758044;1.716611;4.312882;4.749402;4.879255;3.151174;4.750753;1.475836;3.608159;3.955388;1.618612;5.528884;6.021314;4.182668;3.853130;3.373699;3.010183;2.147451;2.540699;4.014025;3.432739;4.752560;3.882939;4.177892;2.646994;3.404419;2.612720;5.464386;3.600074;4.989124;6.182789;6.081600;9.303597;5.596673;4.553965;9.100369;5.185728;4.722682;4.893630;7.464127;6.507448;7.211585;7.045286;8.908416;8.851783;7.040213;5.359376;5.074985;8.921460;5.298676;4.431202;8.204321;7.114919;6.064039;6.047006;6.528539;7.213871;9.003491;7.273585;7.080812;5.207176;7.920581;7.386033;8.737259;3.678349;4.267185;7.050337;8.433597;5.877423;6.745275;7.147167;8.836454;8.120529;9.372970;7.068697;3.267442;7.495251;4.524063;8.040874;3.792549;7.404527;8.665378;7.480628;5.074093;5.969848;5.930807;9.242044;8.569715;7.022457;3.654060
0.740000;-4.506588;2.932588;3.495512;3.528496;2.986465;3.359101;1.819216;3.155911;4.115523;1.574547;5.330055;1.707158;3.274764;2.334626;3.615130;4.058861;2.347680;1.876465;2.943024;3.794148;5.347538;2.807310;3.813941;4.126241;1.669843;3.864957;3.461580;2.684798;3.503439;2.965793;4.814400;2.997114;4.508159;4.892516;4.792305;1.902843;2.973163;1.335828;3.565824;5.673807;4.927120;1.508559;5.126957;1.917418;5.018768;3.266551;4.032536;4.403606;5.602253;3.656611;2.757948;5.386563;2.708538;1.811050;3.116243;3.370515;3.848086;4.619258;1.864828;5.111523;1.350092;2.699725;1.691364;2.627759;4.132231;4.800230;3.455436;4.092776;3.190920;4.746503;5.125176;3.798409;4.283146;3.247298;2.110137;4.544899;2.150364;1.533324;1.577535;5.041531;1.857845;2.468809;4.165147;4.822877;1.499632;4.120549;2.762192;1.696931;4.387108;4.765465;4.886194;3.160050;4.752324;1.528999;3.610827;3.959533;1.622781;5.543667;6.035003;4.184293;3.863191;3.372553;3.015974;2.153658;2.544838;4.019215;3.439868;4.755707;3.884127;4.186505;2.646994;3.410189;2.617803;5.470718;3.614243;5.154321;6.186833;6.080167;9.307029;5.597206;4.556183;9.107673;5.194113;4.724748;4.885147;7.451622;6.502513;7.230989;7.054833;8.919652;8.861993;7.043520;5.363933;5.085565;8.933860;5.298676;4.216473;8.194686;7.116380;6.067185;6.072344;6.538890;7.247058;9.007442;7.273582;7.081505;5.209120;7.932581;7.392925;8.740294;3.682360;4.276867;7.054598;8.438720;5.881616;6.783176;7.150548;8.838802;8.151518;9.380430;7.076654;3.267442;7.496786;4.548833;8.042741;3.798249;7.418590;8.681583;7.493587;5.076428;5.993139;5.940794;9.257074;8.584345;7.023387;3.654061
0.740000;-4.625352;2.911357;3.482474;3.517511;2.976255;3.339668;1.819935;3.115183;4.109501;1.563089;5.322049;1.697636;3.258091;2.343317;3.655372;4.033178;2.621968;1.859603;2.935302;3.772452;5.334969;2.791919;3.809686;4.115439;1.654961;3.864536;3.448009;2.653267;3.487253;2.954283;4.814400;2.973133;4.500264;4.885972;4.788475;1.903680;2.958124;1.329497;3.544650;5.640452;4.913825;1.504497;5.121111;1.910039;4.997131;3.260493;4.029431;4.397063;5.583486;3.651371;2.745178;5.367539;2.701997;1.803092;3.100376;3.355774;3.919217;4.582254;1.854788;5.096823;1.359392;2.679937;1.675743;2.580126;4.121934;4.785061;3.446502;4.072188;3.185809;4.765612;5.111993;3.798409;4.254168;3.227305;2.099891;4.522295;2.137446;1.625251;1.573713;5.023585;1.847695;2.484810;4.161990;4.814594;1.495089;4.100351;2.753265;1.772757;4.314087;4.732433;4.871410;3.141278;4.748913;1.518868;3.605054;3.950609;1.613798;5.513120;6.006597;4.180767;3.842011;3.374219;3.003579;2.140398;2.535930;4.008084;3.424683;4.748908;3.881546;4.168265;2.646994;3.397844;2.606894;5.457196;3.584897;4.967342;6.178121;6.098083;9.299625;5.596049;4.551376;9.092130;5.176349;4.720272;4.881909;7.457679;6.492763;7.191577;7.049333;8.896109;8.840515;7.036380;5.358377;5.063343;8.907996;5.298678;4.214875;8.198905;7.113153;6.060394;6.021906;6.517127;7.182473;8.998936;7.273589;7.079994;5.204904;7.907506;7.378243;8.739276;3.679652;4.256454;7.045431;8.427723;5.872598;6.710260;7.143250;8.833719;8.090852;9.364582;7.059771;3.267442;7.578465;4.499448;8.038690;3.786044;7.389449;8.648285;7.466618;5.071373;5.946467;5.919769;9.226052;8.554098;7.021366;3.654061
0.740000;-4.122206;3.015253;3.498440;3.530935;2.988722;3.363615;1.819736;3.166250;4.116818;1.577098;5.331801;1.709253;3.278584;2.330024;3.621456;4.065002;2.621968;1.880338;2.944702;3.799244;5.350355;2.810814;3.814845;4.128637;1.673224;3.962529;3.464639;2.692530;3.507136;2.968356;4.814400;3.002805;4.509878;4.893930;4.793118;1.952331;2.976579;1.337194;3.570785;5.682039;4.930110;1.509422;5.128213;1.919020;5.023847;3.267856;4.033191;4.405019;5.606599;3.657732;2.760813;5.390974;2.709948;1.812784;3.119866;3.373857;3.851978;4.615617;1.867043;5.114858;1.358763;2.704329;1.694924;2.589441;4.134509;4.803679;3.457397;4.097586;3.192013;4.741993;5.128139;3.783499;4.290176;3.251955;2.112403;4.550230;2.153268;1.570812;1.578344;5.045665;1.860088;2.441720;4.165812;4.824687;1.500600;4.125257;2.764153;1.752202;4.345106;4.773610;4.889548;3.164397;4.753045;1.564986;3.612067;3.961489;1.624757;5.551126;6.041878;4.185036;3.868153;3.377685;3.018748;2.156640;2.546789;4.021688;3.443320;4.757176;3.884669;4.190715;2.646994;3.412953;2.620223;5.473763;3.621373;5.010293;6.188746;6.089484;9.308638;5.597446;4.557209;9.111216;5.198208;4.725700;4.883543;7.450408;6.491450;7.240948;7.048512;8.925233;8.867036;7.045068;5.364877;5.090797;8.940064;5.298676;4.210774;8.195601;7.100010;6.068653;6.085581;6.544003;7.264730;9.009300;7.273589;7.081820;5.210016;7.938570;7.396255;8.733490;3.682508;4.281632;7.056608;8.441160;5.883598;6.803558;7.152130;8.839889;8.167937;9.384040;7.080528;3.267441;7.510876;4.561750;8.043603;3.800976;7.425664;8.689812;7.500072;5.077508;6.005239;5.945716;9.264664;8.591720;7.023809;3.654060
0.740000;-5.704731;2.903879;3.502211;3.534154;2.991731;3.369015;1.819951;3.176224;4.118642;1.580452;5.334195;1.712072;3.283299;2.331596;3.642159;4.071870;2.190146;1.885095;2.947015;3.805186;5.354002;2.815198;3.816148;4.131808;1.677482;3.874437;3.468555;2.700668;3.511726;2.971719;4.814400;3.009285;4.512239;4.895905;4.794293;1.902335;2.980873;1.339107;3.576603;5.690561;4.933951;1.510669;5.129984;1.921235;5.029775;3.269690;4.034149;4.406996;5.611835;3.659327;2.764514;5.396274;2.711923;1.815163;3.124375;3.378076;3.829104;4.580131;1.870006;5.119066;1.349829;2.709815;1.699368;2.583008;4.137539;4.807999;3.460051;4.103264;3.193570;4.743009;5.131948;3.798409;4.297774;3.257489;2.115421;4.556386;2.157007;1.529674;1.579518;5.050696;1.863079;2.480052;4.166785;4.827157;1.501991;4.130840;2.766808;1.699982;4.311178;4.782063;4.893777;3.169632;4.754095;1.478537;3.613817;3.964141;1.627425;5.559052;6.049346;4.186122;3.873972;3.373098;3.022346;2.160471;2.549436;4.024949;3.447652;4.759225;3.885469;4.195809;2.646994;3.416536;2.623423;5.477664;3.629048;4.961167;6.191340;6.081312;9.310860;5.597808;4.558675;9.115640;5.203193;4.727069;4.900987;7.492025;6.502726;7.250668;7.045736;8.931609;8.872924;7.047214;5.368020;5.096864;8.946949;5.298678;4.251338;8.229542;7.123323;6.070698;6.097285;6.549961;7.278647;9.011835;7.273582;7.082293;5.211308;7.945294;7.400458;8.735167;3.691749;4.287267;7.059330;8.444386;5.886274;6.818623;7.154322;8.841438;8.181275;9.388539;7.085296;3.267442;7.486183;4.573274;8.044847;3.804524;7.433295;8.698310;7.507222;5.079048;6.016294;5.951500;9.272696;8.599588;7.024438;3.654061
0.740000;-5.420536;2.879480;3.507953;3.538987;2.996220;3.377599;1.835025;3.194366;4.121285;1.585490;5.337711;1.716258;3.290656;2.331716;3.614747;4.083245;2.621968;1.892541;2.950406;3.814781;5.359538;2.821991;3.818013;4.136559;1.684038;3.865988;3.474532;2.714668;3.518863;2.976785;4.814400;3.019898;4.515709;4.898777;4.795974;1.904239;2.987504;1.341885;3.585963;5.705376;4.939806;1.512449;5.132549;1.924475;5.039342;3.272347;4.035510;4.409868;5.620120;3.661625;2.770138;5.404676;2.714793;1.818659;3.131374;3.384573;3.893723;4.577974;1.874419;5.125547;1.354005;2.718555;1.706257;2.600426;4.142069;4.814693;3.463975;4.112364;3.195812;4.759607;5.137754;3.798409;4.310628;3.266321;2.119925;4.566386;2.162700;1.531214;1.581192;5.058620;1.867545;2.449369;4.168168;4.830798;1.503983;4.139768;2.770730;1.688770;4.311055;4.796737;4.900293;3.177922;4.755590;1.495934;3.616350;3.968063;1.631373;5.572606;6.061945;4.187666;3.883335;3.396894;3.027804;2.166314;2.553352;4.029845;3.454346;4.762209;3.886599;4.203873;2.646994;3.421982;2.628222;5.483620;3.642066;4.960540;6.195170;6.081790;9.314111;5.598314;4.560782;9.122490;5.211037;4.729031;4.883624;7.454547;6.496927;7.268210;7.046032;8.942023;8.882423;7.050349;5.362694;5.106692;8.958411;5.298678;4.261232;8.199932;7.098353;6.073680;6.119810;6.559587;7.307570;9.015574;7.273582;7.082955;5.213157;7.956401;7.406928;8.744523;3.687321;4.296288;7.063359;8.449221;5.890239;6.851304;7.157526;8.843668;8.208426;9.395525;7.092743;3.267441;7.525352;4.595325;8.046622;3.809898;7.446215;8.713107;7.519173;5.081265;6.037118;5.960796;9.286465;8.613010;7.025321;3.654060
0.740000;-4.867790;2.888484;3.494483;3.527630;2.985661;3.357566;1.823447;3.152723;4.115047;1.573640;5.329425;1.706408;3.273453;2.339393;3.626740;4.056830;2.621968;1.875139;2.942415;3.792433;5.346548;2.806100;3.813603;4.125389;1.668668;3.871987;3.460511;2.682312;3.502161;2.964885;4.814399;2.995222;4.507537;4.891998;4.792001;1.908772;2.971976;1.335328;3.564150;5.671177;4.926071;1.508238;5.126495;1.916836;5.017060;3.266073;4.032289;4.403090;5.600773;3.656196;2.756943;5.385062;2.708020;1.810422;3.114994;3.369353;3.888093;4.639925;1.864037;5.110365;1.350369;2.698162;1.690133;2.599386;4.131420;4.799031;3.454733;4.091152;3.190515;4.747491;5.124136;3.684700;4.280861;3.245718;2.109330;4.543112;2.149347;1.529984;1.577232;5.040115;1.857045;2.462471;4.164896;4.822224;1.499273;4.118954;2.761490;1.709619;4.311050;4.762863;4.885028;3.158567;4.752054;1.475836;3.610371;3.958830;1.622077;5.541255;6.032760;4.184011;3.861518;3.372213;3.014997;2.152614;2.544135;4.018339;3.438670;4.755170;3.883921;4.185066;2.646994;3.409217;2.616944;5.469652;3.611925;5.198977;6.186150;6.107532;9.306446;5.597115;4.555802;9.106449;5.192710;4.724392;4.882431;7.450789;6.495203;7.227899;7.049181;8.917792;8.860300;7.042956;5.358946;5.083809;8.931813;5.298676;4.289295;8.196778;7.100394;6.066649;6.068472;6.537171;7.242290;9.006772;7.273578;7.081386;5.208786;7.930605;7.391769;8.734066;3.681485;4.275255;7.053874;8.437855;5.880908;6.777945;7.149972;8.838401;8.146979;9.379171;7.075324;3.267441;7.490620;4.545029;8.042421;3.797285;7.416285;8.678958;7.491451;5.076028;5.989529;5.939132;9.254626;8.581955;7.023226;3.654061
0.740000;-4.602790;2.918278;3.498166;3.530685;2.988485;3.363302;1.819301;3.166151;4.116658;1.576844;5.331603;1.709028;3.278280;2.335718;3.629145;4.064697;2.621968;1.880031;2.944510;3.798925;5.350089;2.810517;3.814726;4.128392;1.672933;3.870249;3.464360;2.692276;3.506835;2.968100;4.814400;3.002493;4.509680;4.893759;4.793009;1.920702;2.976285;1.337027;3.570465;5.681813;4.929834;1.509308;5.128057;1.918832;5.023530;3.267694;4.033102;4.404850;5.606284;3.657590;2.760543;5.390659;2.709778;1.812585;3.119565;3.373564;3.862220;4.675251;1.866809;5.114566;1.362216;2.704011;1.694624;2.590163;4.134270;4.803379;3.457181;4.097268;3.191874;4.753714;5.127863;3.768520;4.289901;3.251637;2.112165;4.549911;2.152993;1.542221;1.578236;5.045358;1.859851;2.441946;4.165721;4.824482;1.500475;4.124941;2.763936;1.767769;4.319075;4.773376;4.889256;3.164078;4.752947;1.475836;3.611913;3.961273;1.624538;5.550858;6.041593;4.184937;3.867835;3.376259;3.018482;2.156365;2.546573;4.021438;3.443025;4.757001;3.884593;4.190403;2.646994;3.412685;2.619976;5.473485;3.621092;5.012195;6.188532;6.080861;9.308450;5.597411;4.557075;9.110913;5.197893;4.725576;4.883045;7.450336;6.498661;7.240815;7.054522;8.924909;8.866708;7.044884;5.359224;5.090473;8.939734;5.298677;4.226319;8.208529;7.124592;6.068475;6.085696;6.543684;7.265234;9.009091;7.273585;7.081774;5.209899;7.938256;7.395961;8.733426;3.693085;4.281311;7.056389;8.440903;5.883381;6.804296;7.151943;8.839751;8.168330;9.383735;7.080216;3.267441;7.489885;4.561832;8.043489;3.800711;7.425379;8.689566;7.499768;5.077371;6.005257;5.945394;9.264401;8.591450;7.023749;3.654063
0.740000;-5.853819;2.923352;3.502228;3.534137;2.991702;3.369195;1.819230;3.177401;4.118585;1.580437;5.334144;1.712034;3.283401;2.336561;3.666874;4.072285;2.621968;1.885203;2.946964;3.805448;5.354014;2.815269;3.816095;4.131786;1.677534;3.923709;3.468580;2.701352;3.511814;2.971710;4.814400;3.009631;4.512190;4.895847;4.794242;2.013977;2.980936;1.339050;3.576845;5.691325;4.933973;1.510616;5.129927;1.921182;5.030032;3.269632;4.034104;4.406939;5.611995;3.659270;2.764526;5.396444;2.711866;1.815112;3.124456;3.378129;3.882935;4.710933;1.869975;5.119117;1.353148;2.710009;1.699443;2.580344;4.137512;4.808066;3.460008;4.103487;3.193514;4.743441;5.131968;3.798409;4.298336;3.257692;2.115393;4.556680;2.157023;1.709285;1.579467;5.050833;1.863050;2.516907;4.166739;4.827109;1.501936;4.131052;2.766764;1.752643;4.311279;4.782822;4.893830;3.169794;4.754047;1.473153;3.613760;3.964099;1.627382;5.559684;6.049882;4.186073;3.874213;3.373473;3.022350;2.160493;2.549394;4.024932;3.447717;4.759170;3.885427;4.195966;2.646994;3.416544;2.623404;5.477688;3.629626;4.979576;6.191297;6.079898;9.310806;5.597787;4.558619;9.115714;5.203328;4.727014;4.881898;7.471229;6.543036;7.251772;7.057849;8.931942;8.873180;7.047159;5.359293;5.097145;8.947388;5.298677;4.221734;8.212408;7.098388;6.070642;6.099066;6.550226;7.281387;9.011790;7.273582;7.082267;5.211254;7.945691;7.400505;8.733742;3.682084;4.287484;7.059289;8.444369;5.886232;6.821978;7.154272;8.841381;8.183738;9.388621;7.085405;3.267442;7.503753;4.574988;8.044795;3.804525;7.433863;8.699085;7.507694;5.078993;6.017833;5.951737;9.273358;8.600208;7.024404;3.654061
0.740000;-5.648355;2.897845;3.494722;3.527777;2.985779;3.358204;1.819681;3.155672;4.115056;1.573810;5.329473;1.706501;3.273893;2.333886;3.638583;4.058001;2.621968;1.875596;2.942457;3.793246;5.346762;2.806462;3.813591;4.125531;1.669006;3.865055;3.460776;2.684099;3.502575;2.965055;4.814400;2.996231;4.507582;4.892016;4.791985;1.904542;2.972322;1.335342;3.564921;5.673176;4.926322;1.508223;5.126500;1.916871;5.017865;3.266081;4.032270;4.403108;5.601355;3.656193;2.757167;5.385665;2.708037;1.810471;3.115385;3.369680;3.852548;4.602698;1.864147;5.110690;1.354260;2.698822;1.690510;2.579950;4.131543;4.799385;3.454808;4.091873;3.190512;4.757774;5.124382;3.762073;4.282364;3.246396;2.109450;4.544001;2.149578;1.558278;1.577215;5.040642;1.857161;2.453562;4.164877;4.822285;1.499263;4.119642;2.761566;1.706856;4.360438;4.764824;4.885358;3.159154;4.752036;1.628837;3.610375;3.958905;1.622154;5.542928;6.034204;4.183994;3.862286;3.383915;3.015204;2.152863;2.544211;4.018492;3.439023;4.755192;3.883903;4.185606;2.646994;3.409421;2.617089;5.469914;3.613473;5.130453;6.186220;6.099600;9.306481;5.597101;4.555794;9.106825;5.193227;4.724384;4.891062;7.450092;6.538647;7.230674;7.069126;8.918768;8.861095;7.042985;5.358581;5.084666;8.933012;5.298679;4.335855;8.210679;7.113309;6.066671;6.072846;6.537990;7.248998;9.006834;7.273589;7.081371;5.208773;7.931714;7.392094;8.740185;3.679917;4.275964;7.053959;8.438003;5.880985;6.786134;7.150006;8.838396;8.153023;9.379568;7.075786;3.267441;7.489316;4.549246;8.042407;3.797486;7.417812;8.680953;7.492750;5.076023;5.993330;5.939893;9.256356;8.583597;7.023209;3.654061
0.740000;-6.020476;2.953316;3.498122;3.530689;2.988502;3.363004;1.841298;3.163996;4.116713;1.576840;5.331645;1.709056;3.278112;2.333484;3.619407;4.064013;2.590616;1.879856;2.944556;3.798505;5.350052;2.810396;3.814776;4.128398;1.672828;3.867081;3.464300;2.691107;3.506683;2.968092;4.814400;3.001929;4.509726;4.893811;4.793058;1.939417;2.976177;1.337079;3.570075;5.680470;4.929780;1.509358;5.128111;1.918881;5.023115;3.267748;4.033144;4.404902;5.606024;3.657644;2.760504;5.390383;2.709831;1.812630;3.119431;3.373468;3.874504;4.582388;1.866829;5.114470;1.349923;2.703697;1.694496;2.594441;4.134285;4.803269;3.457213;4.096914;3.191927;4.766568;5.127813;3.798409;4.288957;3.251311;2.112181;4.549435;2.152950;1.539167;1.578285;5.045134;1.859869;2.445294;4.165763;4.824521;1.500528;4.124606;2.763971;1.697607;4.326725;4.772064;4.889157;3.163818;4.752993;1.517004;3.611968;3.961307;1.624573;5.549779;6.040692;4.184982;3.867443;3.386124;3.018452;2.156312;2.546607;4.021437;3.442913;4.757053;3.884631;4.190168;2.646994;3.412658;2.619982;5.473425;3.620119;4.971212;6.188568;6.080583;9.308497;5.597431;4.557129;9.110788;5.197680;4.725628;4.882473;7.464464;6.503192;7.238817;7.049187;8.924375;8.866306;7.044935;5.358383;5.090024;8.939046;5.298677;4.459519;8.194991;7.099664;6.068529;6.082258;6.543261;7.259564;9.009130;7.273582;7.081800;5.209948;7.937616;7.395869;8.733689;3.678309;4.280964;7.056422;8.440910;5.883410;6.797162;7.151995;8.839805;8.163316;9.383602;7.080042;3.267442;7.487700;4.558547;8.043538;3.800689;7.424421;8.688235;7.498987;5.077423;6.002346;5.945014;9.263278;8.590396;7.023779;3.654060
0.740000;-5.525619;2.886839;3.496473;3.529297;2.987207;3.360606;1.836212;3.159694;4.115950;1.575384;5.330628;1.707845;3.276030;2.358641;3.614714;4.060952;2.621968;1.877741;2.943576;3.795858;5.348463;2.808466;3.814239;4.127028;1.670956;3.871667;3.462588;2.687502;3.504660;2.966634;4.814399;2.999040;4.508723;4.892982;4.792574;1.966788;2.974290;1.336278;3.567486;5.676708;4.928104;1.508845;5.127371;1.917945;5.020472;3.266982;4.032754;4.404072;5.603696;3.656981;2.758891;5.388032;2.709000;1.811620;3.117438;3.371616;3.827730;4.605154;1.865555;5.112623;1.350843;2.701261;1.692539;2.579347;4.132978;4.801363;3.456081;4.094382;3.191281;4.741402;5.126150;3.798409;4.285574;3.248852;2.110881;4.546693;2.151320;1.562935;1.577802;5.042902;1.858579;2.448583;4.165366;4.823470;1.499952;4.122118;2.762835;1.714489;4.311145;4.768334;4.887301;3.161495;4.752563;1.512002;3.611237;3.960175;1.623432;5.546257;6.037372;4.184538;3.864852;3.372203;3.016884;2.154640;2.545478;4.020027;3.441004;4.756191;3.884307;4.187900;2.646994;3.411095;2.618598;5.471719;3.616710;5.024123;6.187464;6.082975;9.307559;5.597286;4.556520;9.108843;5.195474;4.725063;4.883778;7.450202;6.487522;7.234612;7.059298;8.921540;8.863688;7.044029;5.363082;5.087324;8.935978;5.298676;4.238997;8.232270;7.129965;6.067668;6.077446;6.540608;7.254354;9.008053;7.273589;7.081610;5.209417;7.934622;7.394025;8.736904;3.679812;4.278461;7.055259;8.439525;5.882268;6.791919;7.151067;8.839162;8.158175;9.381621;7.077941;3.267441;7.489485;4.553782;8.043027;3.799146;7.421033;8.684492;7.495810;5.076784;5.997713;5.942442;9.259727;8.586912;7.023527;3.654061
0.740000;-4.794685;2.894261;3.493570;3.526875;2.984964;3.356130;1.823312;3.149280;4.114655;1.572853;5.328891;1.705762;3.272240;2.329925;3.623962;4.054845;2.579274;1.873914;2.941900;3.790801;5.345670;2.804996;3.813333;4.124649;1.667610;3.895213;3.459555;2.679783;3.500997;2.964089;4.814400;2.993387;4.507010;4.891569;4.791759;1.903599;2.970902;1.334915;3.562564;5.668476;4.925137;1.507981;5.126116;1.916348;5.015433;3.265679;4.032094;4.402662;5.599390;3.655859;2.756049;5.383657;2.707593;1.809892;3.113851;3.368302;3.957625;4.577982;1.863352;5.109317;1.352926;2.696694;1.689010;2.581878;4.130717;4.797946;3.454131;4.089614;3.190188;4.744330;5.123209;3.770856;4.278568;3.244231;2.108630;4.541399;2.148439;1.529931;1.576990;5.038799;1.856351;2.451834;4.164699;4.821672;1.498983;4.117449;2.760891;1.688952;4.354790;4.760188;4.883975;3.157184;4.751840;1.475836;3.609998;3.958228;1.621472;5.538822;6.030523;4.183791;3.859928;3.377734;3.014132;2.151679;2.543535;4.017571;3.437582;4.754724;3.883762;4.183729;2.646994;3.408355;2.616191;5.468699;3.609604;5.151202;6.185564;6.080996;9.305955;5.597044;4.555496;9.105330;5.191412;4.724109;4.885753;7.529228;6.515917;7.224589;7.045150;8.916000;8.858687;7.042484;5.362013;5.082130;8.929816;5.298678;4.314671;8.206132;7.099957;6.066201;6.063966;6.535532;7.236060;9.006202;7.273589;7.081294;5.208519;7.928668;7.390720;8.733811;3.694660;4.273732;7.053256;8.437099;5.880299;6.770597;7.149490;8.838073;8.141253;9.378035;7.074095;3.267441;7.484340;4.540649;8.042166;3.796437;7.413984;8.676261;7.489348;5.075704;5.985445;5.937558;9.252146;8.579549;7.023102;3.654061
0.740000;-5.239301;2.875055;3.501449;3.533514;2.991135;3.367857;1.819963;3.173722;4.118295;1.579777;5.333730;1.711517;3.282313;2.346123;3.626281;4.070328;2.201270;1.884101;2.946568;3.803892;5.353264;2.814296;3.815904;4.131178;1.676605;3.871472;3.467758;2.698756;3.510771;2.971046;4.814400;3.007848;4.511782;4.895527;4.794075;1.908487;2.979989;1.338741;3.575342;5.688530;4.933171;1.510435;5.129647;1.920807;5.028488;3.269340;4.033971;4.406618;5.610719;3.659025;2.763767;5.395145;2.711545;1.814702;3.123436;3.377208;3.826464;4.593629;1.869419;5.118202;1.349996;2.708638;1.698448;2.581833;4.136940;4.807110;3.459531;4.102041;3.193275;4.774716;5.131176;3.798409;4.296024;3.256300;2.114823;4.555037;2.156248;1.540185;1.579299;5.049637;1.862488;2.472064;4.166604;4.826678;1.501729;4.129638;2.766285;1.734425;4.313861;4.780058;4.892908;3.168519;4.753899;1.475836;3.613485;3.963622;1.626903;5.557204;6.047635;4.185920;3.872711;3.440800;3.021621;2.159696;2.548919;4.024297;3.446759;4.758831;3.885320;4.194740;2.646994;3.415816;2.622788;5.476870;3.627277;5.275418;6.190834;6.079958;9.310431;5.597742;4.558398;9.114719;5.202144;4.726812;4.881889;7.450738;6.488367;7.248247;7.053545;8.930196;8.871641;7.046800;5.358436;5.095538;8.945403;5.298676;4.393094;8.195124;7.105682;6.070306;6.094141;6.548665;7.274524;9.011340;7.273597;7.082205;5.211066;7.943791;7.399597;8.733550;3.698012;4.286054;7.058798;8.443746;5.885751;6.813904;7.153898;8.841146;8.177423;9.387606;7.084298;3.267442;7.504230;4.570202;8.044614;3.803811;7.431530;8.696291;7.505601;5.078758;6.013399;5.950247;9.270816;8.597759;7.024322;3.654061
0.740000;-5.701930;2.904395;3.493479;3.526726;2.984800;3.356359;1.819209;3.151777;4.114473;1.572717;5.328703;1.705587;3.272306;2.337129;3.620870;4.055570;2.621968;1.873992;2.941714;3.791192;5.345565;2.804998;3.813177;4.124496;1.667589;3.876005;3.459483;2.681109;3.501035;2.963954;4.814400;2.993960;4.506822;4.891385;4.791613;1.921147;2.970890;1.334729;3.562914;5.670007;4.925056;1.507829;5.125935;1.916159;5.015816;3.265496;4.031968;4.402474;5.599576;3.655685;2.755949;5.383862;2.707407;1.809705;3.113874;3.368276;3.830069;4.699887;1.863186;5.109292;1.349332;2.696947;1.689025;2.581279;4.130554;4.797935;3.453950;4.089921;3.190016;4.743166;5.123124;3.798409;4.279619;3.244499;2.108467;4.541861;2.148346;1.565002;1.576844;5.038935;1.856189;2.442185;4.164570;4.821486;1.498821;4.117729;2.760709;1.706378;4.341932;4.761686;4.883951;3.157373;4.751703;1.616504;3.609818;3.958046;1.621292;5.540034;6.031514;4.183652;3.860282;3.377663;3.014020;2.151599;2.543354;4.017426;3.437579;4.754537;3.883651;4.183880;2.646994;3.408241;2.616044;5.468625;3.610691;5.177988;6.185382;6.081130;9.305768;5.596988;4.555328;9.105344;5.191540;4.723948;4.881927;7.450156;6.506360;7.226907;7.056221;8.916536;8.859058;7.042297;5.362009;5.082560;8.930554;5.298678;4.336273;8.196273;7.099243;6.066016;6.067951;6.535927;7.242572;9.006018;7.273589;7.081223;5.208364;7.929342;7.390697;8.735175;3.686170;4.274030;7.053079;8.436947;5.880116;6.778749;7.149302;8.837902;8.147036;9.378057;7.074179;3.267442;7.484304;4.544461;8.042013;3.796318;7.415051;8.677792;7.490197;5.075533;5.988826;5.937896;9.253413;8.580733;7.023011;3.654060
0.740000;-4.163382;3.000162;3.486385;3.520786;2.979290;3.345605;1.821854;3.128206;4.111265;1.566509;5.324410;1.700459;3.263147;2.343180;3.614782;4.041145;2.621968;1.864718;2.937579;3.779118;5.338733;2.796563;3.810924;4.118656;1.659452;3.898561;3.452090;2.663176;3.492153;2.957719;4.814399;2.980547;4.502592;4.887892;4.789587;1.920715;2.962662;1.331355;3.551146;5.650968;4.917816;1.505679;5.122824;1.912211;5.003780;3.262269;4.030330;4.398983;5.589208;3.652901;2.749005;5.373345;2.703916;1.805439;3.105176;3.360217;3.851373;4.625259;1.857772;5.101254;1.349430;2.685987;1.680464;2.596142;4.124997;4.789635;3.449146;4.078497;3.187301;4.748085;5.115948;3.798409;4.263227;3.233421;2.102937;4.529256;2.141320;1.601282;1.574823;5.029043;1.850711;2.460109;4.162904;4.817042;1.496413;4.106532;2.755908;1.698219;4.311375;4.742844;4.875868;3.147001;4.749903;1.473984;3.606744;3.953250;1.616457;5.522696;6.015463;4.181791;3.848511;3.407444;3.007291;2.144378;2.538566;4.011402;3.429267;4.750906;3.882293;4.173818;2.646994;3.401537;2.610145;5.461257;3.594072;4.963274;6.180697;6.087224;9.301804;5.596382;4.552778;9.096829;5.181748;4.721574;4.882661;7.452421;6.483507;7.204151;7.078014;8.903379;8.847110;7.038478;5.358371;5.070179;8.916026;5.298678;4.221581;8.201492;7.146790;6.062394;6.038293;6.523815;7.203854;9.001446;7.273589;7.080431;5.206131;7.915278;7.382667;8.744662;3.683216;4.262704;7.048148;8.430999;5.875268;6.734633;7.145401;8.835203;8.110833;9.369373;7.064893;3.267442;7.484846;4.515468;8.039867;3.789695;7.398560;8.658789;7.475008;5.072848;5.961535;5.926217;9.235788;8.563577;7.021948;3.654060
0.740000;-5.042599;2.877808;3.493809;3.527071;2.985143;3.356514;1.834549;3.150224;4.114753;1.573059;5.329026;1.705928;3.272567;2.328454;3.645127;4.055388;2.426187;1.874242;2.942033;3.791244;5.345901;2.805287;3.813400;4.124841;1.667886;3.900676;3.459810;2.680478;3.501304;2.964297;4.814400;2.993888;4.507144;4.891679;4.791820;1.903334;2.971188;1.335018;3.562995;5.669218;4.925381;1.508044;5.126209;1.916471;5.015872;3.265777;4.032142;4.402770;5.599762;3.655942;2.756283;5.384037;2.707699;1.810026;3.114156;3.368579;3.899804;4.678817;1.863529;5.109596;1.356906;2.697090;1.689309;2.586043;4.130897;4.798234;3.454285;4.090030;3.190268;4.756248;5.123452;3.703936;4.279199;3.244634;2.108811;4.541865;2.148678;1.567470;1.577049;5.039153;1.856530;2.441798;4.164746;4.821812;1.499054;4.117857;2.761047;1.690130;4.327611;4.760924;4.884254;3.157557;4.751891;1.471454;3.610090;3.958382;1.621628;5.539492;6.031138;4.183844;3.860360;3.392672;3.014358;2.151928;2.543688;4.017770;3.437874;4.754836;3.883801;4.184086;2.646994;3.408579;2.616388;5.468950;3.610240;5.146585;6.185711;6.081221;9.306083;5.597062;4.555572;9.105629;5.191762;4.724176;4.882971;7.453143;6.517914;7.225496;7.045404;8.916486;8.859122;7.042603;5.358841;5.082586;8.930360;5.298677;4.213507;8.204947;7.203465;6.066312;6.065192;6.535978;7.237736;9.006342;7.273589;7.081316;5.208585;7.929200;7.391000;8.736742;3.679522;4.274145;7.053412;8.437297;5.880456;6.772546;7.149611;8.838154;8.142801;9.378338;7.074423;3.267442;7.489265;4.541838;8.042226;3.796658;7.414614;8.677003;7.489925;5.075783;5.986556;5.937985;9.252826;8.580211;7.023131;3.654062
0.740000;-5.078712;2.877359;3.499492;3.531727;2.989427;3.365663;1.819239;3.173346;4.117125;1.577951;5.332278;1.709881;3.280170;2.341888;3.656446;4.068280;2.621968;1.881949;2.945153;3.801711;5.351344;2.812200;3.815027;4.129410;1.674532;3.903179;3.465764;2.697158;3.508643;2.969213;4.814400;3.005725;4.510345;4.894278;4.793274;1.967501;2.977911;1.337524;3.573152;5.687122;4.931198;1.509591;5.128505;1.919440;5.026301;3.268163;4.033307;4.405368;5.608529;3.657980;2.761830;5.392950;2.710295;1.813256;3.121324;3.375147;3.902325;4.812611;1.867728;5.116142;1.349612;2.706440;1.696342;2.596274;4.135221;4.805022;3.457963;4.099845;3.192252;4.741490;5.129210;3.798409;4.294194;3.254105;2.113112;4.552872;2.154301;1.574134;1.578500;5.047461;1.860784;2.444809;4.165930;4.825189;1.500801;4.127440;2.764719;1.705258;4.721334;4.778614;4.890844;3.166329;4.753177;1.639837;3.612354;3.962056;1.625330;5.555511;6.045760;4.185175;3.870518;3.373347;3.019714;2.157722;2.547355;4.022500;3.444673;4.757546;3.884758;4.192554;2.646994;3.413913;2.621007;5.474880;3.625477;4.960815;6.189292;6.081801;9.309059;5.597479;4.557425;9.112619;5.199970;4.725895;4.893630;7.455360;6.483464;7.247668;7.068132;8.928057;8.869459;7.045466;5.364717;5.093368;8.943365;5.298676;4.231973;8.195701;7.129924;6.069024;6.095670;6.546484;7.279758;9.009828;7.273585;7.081866;5.210197;7.941720;7.397536;8.738414;3.678400;4.283857;7.057204;8.441958;5.884171;6.821758;7.152540;8.840127;8.181536;9.385496;7.082151;3.267442;7.485785;4.571505;8.043772;3.801919;7.429717;8.694875;7.503629;5.077743;6.014126;5.948056;9.269170;8.596037;7.023875;3.654061
0.740000;-5.005837;2.879284;3.492811;3.526248;2.984386;3.354953;1.838898;3.146706;4.114332;1.572197;5.328449;1.705225;3.271246;2.329805;3.653181;4.053249;2.595569;1.872906;2.941476;3.789472;5.344943;2.804083;3.813111;4.124032;1.666729;3.915752;3.458759;2.677798;3.500033;2.963430;4.814400;2.991901;4.506576;4.891216;4.791561;1.921380;2.970013;1.334572;3.561267;5.666371;4.924362;1.507769;5.125802;1.915944;5.014105;3.265353;4.031936;4.402308;5.598257;3.655581;2.755307;5.382506;2.707238;1.809452;3.112909;3.367433;3.826625;4.581780;1.862785;5.108451;1.349919;2.695490;1.688084;2.585008;4.130134;4.797046;3.453631;4.088356;3.189916;4.748304;5.122443;3.798409;4.276754;3.243017;2.108049;4.540009;2.147689;1.530572;1.576791;5.037717;1.855778;2.443591;4.164537;4.821212;1.498745;4.116218;2.760390;1.687512;4.312229;4.758104;4.883103;3.156050;4.751664;1.475836;3.609687;3.957730;1.620971;5.536898;6.028746;4.183608;3.858635;3.372433;3.013416;2.150910;2.543038;4.016936;3.436687;4.754354;3.883631;4.182625;2.646994;3.407641;2.615572;5.467909;3.607766;5.011856;6.185078;6.080558;9.305552;5.596987;4.555241;9.104411;5.190346;4.723872;4.883998;7.479536;6.485204;7.222096;7.067302;8.914548;8.857368;7.042096;5.360995;5.080766;8.928205;5.298676;4.383556;8.197657;7.113337;6.065834;6.060813;6.534197;7.232174;9.005729;7.273585;7.081219;5.208298;7.927118;7.389858;8.735222;3.679761;4.272489;7.052742;8.436469;5.879792;6.766342;7.149090;8.837805;8.137553;9.377094;7.073091;3.267442;7.489598;4.537551;8.041953;3.795732;7.412159;8.674160;7.487669;5.075434;5.982504;5.936273;9.250193;8.577648;7.022999;3.654060
0.740000;-4.954201;2.882051;3.488929;3.522961;2.981324;3.349240;1.822325;3.135185;4.112504;1.568770;5.326034;1.702366;3.266324;2.331101;3.615712;4.045790;2.411840;1.867928;2.939147;3.783126;5.341197;2.799525;3.811811;4.120799;1.662318;3.917594;3.454726;2.668735;3.495246;2.959989;4.814400;2.984920;4.504193;4.889232;4.790390;1.902305;2.965557;1.332653;3.555070;5.656815;4.920405;1.506528;5.124027;1.913713;5.007778;3.263514;4.030984;4.400324;5.592734;3.653986;2.751502;5.376914;2.705256;1.807051;3.108212;3.363061;3.827569;4.593010;1.859774;5.104092;1.360857;2.689682;1.683460;2.648127;4.127046;4.792549;3.450943;4.082324;3.188360;4.741994;5.118518;3.763905;4.268389;3.237151;2.104978;4.533409;2.143842;1.545489;1.575624;5.032434;1.852734;2.451429;4.163569;4.818714;1.497358;4.110300;2.757704;1.707790;4.448325;4.748633;4.878719;3.150530;4.750618;1.481604;3.607935;3.955045;1.618265;5.528109;6.020537;4.182531;3.852434;3.374485;3.009721;2.146962;2.540358;4.013605;3.432189;4.752295;3.882838;4.177258;2.646994;3.403955;2.612306;5.463888;3.599294;4.975037;6.182453;6.085734;9.303312;5.596628;4.553777;9.099809;5.185108;4.722508;4.882283;7.456570;6.488022;7.210923;7.054905;8.907684;8.851087;7.039935;5.361843;5.074273;8.920698;5.298677;4.209679;8.207988;7.099753;6.063779;6.046803;6.527834;7.214775;9.003166;7.273589;7.080752;5.207010;7.919827;7.385503;8.741347;3.678682;4.266505;7.049986;8.433180;5.877080;6.747100;7.146886;8.836255;8.121064;9.372403;7.068101;3.267442;7.485076;4.523804;8.040715;3.792091;7.403744;8.664616;7.479856;5.073895;5.969454;5.930116;9.241268;8.568935;7.022377;3.654061
0.740000;-5.163150;2.875437;3.511620;3.542041;2.999049;3.383229;1.825621;3.207044;4.122911;1.588685;5.339900;1.718883;3.295431;2.328366;3.632897;4.090876;2.398767;1.897371;2.952515;3.821128;5.363065;2.826369;3.819149;4.139563;1.688267;3.873590;3.478359;2.724227;3.523488;2.979997;4.814400;3.026977;4.517865;4.900552;4.796993;1.909626;2.991775;1.343598;3.592144;5.715539;4.943551;1.513532;5.134125;1.926486;5.045666;3.273984;4.036332;4.411643;5.625543;3.663034;2.773726;5.410179;2.716567;1.820834;3.135898;3.388753;3.831634;4.578009;1.877197;5.129715;1.353703;2.724298;1.710707;2.579481;4.144921;4.819006;3.466435;4.118361;3.197183;4.743437;5.141464;3.798409;4.319336;3.272130;2.122766;4.573022;2.166330;1.535104;1.582209;5.063786;1.870355;2.460440;4.169003;4.833066;1.505198;4.145642;2.773190;1.768517;4.339557;4.806799;4.904487;3.183346;4.756496;1.586571;3.617908;3.970515;1.633846;5.581835;6.070467;4.188601;3.889517;3.377501;3.031277;2.170045;2.555800;4.032945;3.458661;4.764054;3.887279;4.209136;2.646994;3.425433;2.631257;5.487432;3.650899;4.971183;6.197562;6.083494;9.316130;5.598616;4.562069;9.126916;5.216149;4.730226;4.905761;7.450483;6.483780;7.280445;7.113671;8.948962;8.888701;7.052290;5.367418;5.113204;8.966103;5.298676;4.316010;8.196001;7.098803;6.075520;6.135879;6.565956;7.328692;9.017905;7.273582;7.083350;5.214281;7.963836;7.411091;8.734699;3.681696;4.302229;7.065881;8.452282;5.892719;6.875442;7.159510;8.845031;8.228138;9.400042;7.097586;3.267442;7.504210;4.611022;8.047703;3.813315;7.454985;8.723259;7.527223;5.082623;6.051866;5.966928;9.295857;8.622139;7.025853;3.654060
0.740000;-7.235780;3.364251;3.489779;3.523562;2.981841;3.351098;1.838957;3.142264;4.112669;1.569426;5.326343;1.702814;3.267705;2.333305;3.617462;4.048924;2.621968;1.869339;2.939431;3.785416;5.341985;2.800709;3.811885;4.121378;1.663425;3.916543;3.455649;2.673274;3.496551;2.960650;4.814399;2.987684;4.504492;4.889432;4.790447;1.927874;2.966687;1.332839;3.557258;5.661825;4.921289;1.506593;5.124183;1.913973;5.010056;3.263682;4.031015;4.400523;5.594472;3.654107;2.752319;5.378698;2.705456;1.807357;3.109472;3.364147;3.834221;4.643639;1.860272;5.105171;1.350766;2.691605;1.684678;2.584484;4.127572;4.793699;3.451335;4.084396;3.188474;4.741505;5.119387;3.798409;4.272292;3.239113;2.105498;4.535882;2.144676;1.612934;1.575679;5.034029;1.853244;2.469691;4.163602;4.819048;1.497444;4.112294;2.758095;1.688200;4.316366;4.753565;4.879812;3.152267;4.750660;1.467385;3.608085;3.955435;1.618662;5.532395;6.024302;4.182574;3.854623;3.377478;3.010488;2.147843;2.540746;4.014222;3.433340;4.752513;3.882856;4.178906;2.646994;3.404719;2.612897;5.464803;3.603290;5.043444;6.182826;6.081827;9.303575;5.596627;4.553874;9.101018;5.186673;4.722589;4.900339;7.475119;6.540359;7.217624;7.054420;8.910356;8.853332;7.040177;5.358394;5.076668;8.923877;5.298677;4.283244;8.199172;7.104329;6.063995;6.056890;6.530139;7.229601;9.003518;7.273585;7.080753;5.207083;7.922829;7.386581;8.747059;3.683164;4.268547;7.050399;8.433778;5.877481;6.764829;7.147140;8.836369;8.134550;9.373657;7.069524;3.267442;7.485147;4.533563;8.040780;3.792834;7.407689;8.669619;7.483280;5.074007;5.978345;5.932274;9.245683;8.573153;7.022385;3.654061
0.740000;-5.702092;2.900857;3.511718;3.542108;2.999104;3.383466;1.826582;3.208203;4.122925;1.588758;5.339931;1.718932;3.295601;2.330233;3.668489;4.091312;2.621968;1.897543;2.952542;3.821433;5.363153;2.826509;3.819152;4.139627;1.688397;3.997128;3.478467;2.724903;3.523648;2.980070;4.814399;3.027352;4.517894;4.900568;4.796996;1.914721;2.991912;1.343612;3.592433;5.716301;4.943654;1.513534;5.134138;1.926510;5.045968;3.274000;4.036332;4.411660;5.625762;3.663043;2.773818;5.410408;2.716581;1.820864;3.136052;3.388884;3.827328;4.616687;1.877249;5.129846;1.382344;2.724547;1.710856;2.579406;4.144978;4.819140;3.466473;4.118631;3.197193;4.749207;5.141565;3.798409;4.319905;3.272385;2.122822;4.573355;2.166422;1.619843;1.582212;5.063987;1.870409;2.540192;4.169005;4.833099;1.505204;4.145899;2.773222;1.753920;4.312584;4.807547;4.904619;3.183568;4.756496;1.475836;3.617919;3.970555;1.633886;5.582471;6.071009;4.188603;3.889805;3.372691;3.031364;2.170148;2.555840;4.033013;3.458802;4.764074;3.887279;4.209334;2.646994;3.425514;2.631319;5.487537;3.651480;5.539324;6.197600;6.084018;9.316154;5.598616;4.562077;9.127066;5.216346;4.730234;4.891816;7.450526;6.494685;7.281531;7.056132;8.949326;8.888996;7.052312;5.360091;5.113529;8.966549;5.298678;4.265001;8.194671;7.098982;6.075543;6.137698;6.566263;7.331712;9.017937;7.273585;7.083348;5.214285;7.964259;7.411224;8.737964;3.679454;4.302497;7.065923;8.452353;5.892760;6.879313;7.159536;8.845040;8.230795;9.400197;7.097766;3.267441;7.493033;4.612772;8.047709;3.813400;7.455557;8.724025;7.527709;5.082628;6.053414;5.967213;9.296513;8.622761;7.025851;3.654060
0.740000;-5.047715;2.878125;3.500949;3.533054;2.990695;3.367325;1.820280;3.173857;4.117991;1.579309;5.333353;1.711096;3.281780;2.345068;3.614693;4.069874;2.202327;1.883563;2.946201;3.803376;5.352775;2.813768;3.815675;4.130724;1.676078;3.891487;3.467249;2.698475;3.510240;2.970576;4.814400;3.007361;4.511407;4.895200;4.793866;1.907391;2.979465;1.338423;3.574818;5.688315;4.932667;1.510216;5.129350;1.920452;5.027965;3.269033;4.033799;4.406292;5.610183;3.658753;2.763272;5.394608;2.711221;1.814326;3.122908;3.376688;3.826208;4.653934;1.868983;5.117681;1.349651;2.708106;1.697919;2.584982;4.136497;4.806586;3.459126;4.101513;3.193011;4.741611;5.130674;3.798409;4.295655;3.255769;2.114382;4.554530;2.155753;1.535857;1.579091;5.049099;1.862048;2.442284;4.166429;4.826292;1.501487;4.129110;2.765882;1.686083;4.327158;4.779830;4.892386;3.167982;4.753711;1.475836;3.613190;3.963217;1.626498;5.556888;6.047251;4.185726;3.872187;3.406026;3.021133;2.159192;2.548515;4.023837;3.446233;4.758498;3.885174;4.194204;2.646994;3.415329;2.622329;5.476366;3.626918;5.088111;6.190434;6.091669;9.310077;5.597674;4.558145;9.114197;5.201606;4.726573;4.896075;7.455735;6.483814;7.248316;7.054871;8.929703;8.871127;7.046454;5.361525;5.095027;8.944953;5.298676;4.211795;8.196424;7.101860;6.069971;6.094890;6.548148;7.276399;9.010951;7.273582;7.082118;5.210839;7.943326;7.399075;8.736463;3.678434;4.285524;7.058384;8.443284;5.885342;6.816537;7.153548;8.840880;8.178967;9.387075;7.083762;3.267441;7.485667;4.570871;8.044395;3.803327;7.431168;8.696075;7.505175;5.078493;6.013896;5.949721;9.270517;8.597429;7.024205;3.654061
0.740000;-5.573380;2.892154;3.489687;3.523603;2.981923;3.350333;1.819216;3.136865;4.112857;1.569440;5.326504;1.702925;3.267276;2.329378;3.700791;4.047145;2.621968;1.868889;2.939599;3.784319;5.341927;2.800407;3.812060;4.121429;1.663177;3.875817;3.455515;2.670274;3.496176;2.960662;4.814400;2.986210;4.504655;4.889617;4.790612;1.903648;2.966424;1.333025;3.556240;5.658398;4.921179;1.506765;5.124371;1.914146;5.008970;3.263870;4.031164;4.400708;5.593791;3.654293;2.752245;5.377984;2.705639;1.807519;3.109127;3.363912;3.837261;4.644750;1.860362;5.104941;1.350884;2.690787;1.684359;2.598623;4.127650;4.793428;3.451468;4.083467;3.188660;4.758480;5.119285;3.798409;4.269856;3.238267;2.105577;4.534643;2.144595;1.819034;1.575846;5.033451;1.853329;2.497040;4.163753;4.819200;1.497623;4.111422;2.758230;1.721842;4.312052;4.750210;4.879574;3.151588;4.750818;1.466835;3.608272;3.955570;1.618794;5.529622;6.021988;4.182735;3.853605;3.384958;3.010443;2.147732;2.540881;4.014256;3.433065;4.752695;3.882987;4.178291;2.646994;3.404676;2.612945;5.464673;3.600775;4.962389;6.182965;6.086975;9.303747;5.596695;4.554058;9.100702;5.186118;4.722767;4.881926;7.459939;6.497441;7.212593;7.068965;8.908957;8.852269;7.040355;5.362909;5.075488;8.922056;5.298677;4.209572;8.195379;7.102292;6.064177;6.048418;6.529032;7.215858;9.003665;7.273589;7.080840;5.207257;7.921158;7.386351;8.735049;3.679346;4.267639;7.050524;8.433823;5.877611;6.747634;7.147315;8.836555;8.122349;9.373315;7.069065;3.267441;7.484405;4.525436;8.040950;3.792802;7.405218;8.666203;7.481256;5.074193;5.971117;5.931281;9.242795;8.570441;7.022495;3.654062
0.740000;-4.185332;2.999091;3.500627;3.532799;2.990464;3.366754;1.820106;3.171954;4.117871;1.579038;5.333185;1.710884;3.281323;2.330616;3.614591;4.068982;2.621968;1.883104;2.946039;3.802693;5.352470;2.813361;3.815594;4.130474;1.675693;3.899130;3.466913;2.697228;3.509800;2.970305;4.814400;3.006561;4.511246;4.895069;4.793796;1.902989;2.979072;1.338297;3.574161;5.686950;4.932338;1.510140;5.129234;1.920300;5.027287;3.268914;4.033741;4.406160;5.609637;3.658651;2.762961;5.394050;2.711088;1.814159;3.122483;3.376305;3.831471;4.588049;1.868758;5.117301;1.353188;2.707513;1.697504;2.579357;4.136263;4.806187;3.458932;4.100881;3.192910;4.771425;5.130348;3.798409;4.294569;3.255168;2.114150;4.553801;2.155434;1.539472;1.579019;5.048591;1.861819;2.464927;4.166371;4.826118;1.501401;4.128500;2.765688;1.719248;4.315270;4.778484;4.892002;3.167436;4.753648;1.475836;3.613077;3.963023;1.626300;5.555705;6.046199;4.185661;3.871530;3.375713;3.020835;2.158863;2.548322;4.023578;3.445836;4.758359;3.885128;4.193676;2.646994;3.415031;2.622077;5.476027;3.625810;5.034047;6.190248;6.082178;9.309922;5.597654;4.558052;9.113781;5.201102;4.726488;4.882136;7.452916;6.487992;7.246515;7.058458;8.928928;8.870455;7.046307;5.359429;5.094316;8.944046;5.298676;4.231585;8.205462;7.138896;6.069833;6.092177;6.547462;7.272369;9.010767;7.273582;7.082092;5.210760;7.942461;7.398695;8.733434;3.680523;4.284903;7.058185;8.443027;5.885147;6.811687;7.153399;8.840783;8.175318;9.386653;7.083290;3.267442;7.484436;4.568259;8.044318;3.803032;7.430075;8.694707;7.504211;5.078396;6.011508;5.949074;9.269300;8.596264;7.024170;3.654060
0.740000;-5.210704;2.874954;3.490414;3.524130;2.982380;3.351877;1.828356;3.142931;4.113030;1.570009;5.326794;1.703328;3.268430;2.330577;3.639501;4.049749;2.586042;1.870071;2.939872;3.786218;5.342606;2.801405;3.812152;4.121938;1.664112;3.876095;3.456296;2.674079;3.497268;2.961237;4.814400;2.988500;4.504939;4.889818;4.790689;1.976540;2.967376;1.333213;3.558053;5.662612;4.921931;1.506849;5.124533;1.914397;5.010857;3.264044;4.031218;4.400910;5.595238;3.654427;2.752946;5.379466;2.705841;1.807807;3.110177;3.364830;4.043422;4.580851;1.860807;5.105852;1.351821;2.692387;1.685380;2.588002;4.128117;4.794396;3.451827;4.085189;3.188787;4.743230;5.120026;3.798409;4.273112;3.239895;2.106042;4.536691;2.145309;1.656114;1.575922;5.034779;1.853784;2.471338;4.163806;4.819511;1.497727;4.113080;2.758583;1.813861;4.331807;4.754356;4.880495;3.153032;4.750879;1.654706;3.608432;3.955925;1.619155;5.533203;6.025125;4.182801;3.855417;3.373461;3.011104;2.148484;2.541235;4.014797;3.434030;4.752910;3.883026;4.179658;2.646994;3.405335;2.613466;5.465453;3.604110;5.043830;6.183308;6.080312;9.303999;5.596707;4.554172;9.101716;5.187423;4.722869;4.883354;7.450922;6.483625;7.218320;7.078719;8.911165;8.854130;7.040590;5.359458;5.077474;8.924702;5.298676;4.255711;8.195203;7.157771;6.064391;6.057297;6.530941;7.229449;9.003995;7.273582;7.080856;5.207348;7.923646;7.387261;8.733801;3.679008;4.269333;7.050900;8.434351;5.877973;6.764278;7.147562;8.836680;8.134569;9.374366;7.070252;3.267442;7.542915;4.533990;8.041036;3.793446;7.408509;8.670409;7.484106;5.074317;5.978863;5.933071;9.246490;8.573968;7.022521;3.654063
0.740000;-5.655746;2.899462;3.493616;3.526864;2.984935;3.356443;1.824559;3.151077;4.114577;1.572855;5.328826;1.705720;3.272423;2.342498;3.675148;4.055516;2.351277;1.874103;2.941833;3.791233;5.345701;2.805122;3.813256;4.124634;1.667721;3.881563;3.459617;2.680854;3.501156;2.964092;4.814400;2.993952;4.506945;4.891493;4.791686;1.902841;2.971019;1.334837;3.562967;5.669680;4.925191;1.507905;5.126036;1.916276;5.015861;3.265599;4.032029;4.402584;5.599671;3.655778;2.756086;5.383949;2.707514;1.809826;3.114003;3.368407;3.839191;4.601418;1.863320;5.109420;1.350473;2.697024;1.689150;2.582599;4.130691;4.798071;3.454079;4.089983;3.190106;4.745514;5.123260;3.798409;4.279461;3.244572;2.108603;4.541885;2.148484;1.566109;1.576916;5.039038;1.856323;2.451023;4.164629;4.821610;1.498904;4.117803;2.760837;1.687811;4.323061;4.761374;4.884081;3.157464;4.751770;1.475836;3.609917;3.958176;1.621420;5.539824;6.031376;4.183720;3.860334;3.375550;3.014161;2.151735;2.543482;4.017563;3.437708;4.754648;3.883703;4.183981;2.646994;3.408377;2.616181;5.468761;3.610521;5.118741;6.185509;6.080094;9.305886;5.597012;4.555416;9.105466;5.191644;4.724027;4.882934;7.450641;6.486145;7.226277;7.046041;8.916540;8.859103;7.042412;5.360558;5.082588;8.930496;5.298677;4.360038;8.196042;7.107899;6.066126;6.066604;6.535969;7.240012;9.006142;7.273582;7.081254;5.208441;7.929303;7.390825;8.736415;3.690617;4.274095;7.053208;8.437085;5.880247;6.775348;7.149418;8.837994;8.144837;9.378182;7.074287;3.267442;7.522020;4.543190;8.042089;3.796455;7.414887;8.677462;7.490104;5.075623;5.987749;5.937951;9.253178;8.580527;7.023052;3.654060
0.740000;-4.766645;2.896940;3.492585;3.525982;2.984112;3.354967;1.841558;3.148185;4.114074;1.571938;5.328171;1.704949;3.271137;2.345622;3.624130;4.053620;2.414012;1.872805;2.941199;3.789604;5.344707;2.803928;3.812896;4.123766;1.666558;3.865436;3.458551;2.678572;3.499905;2.963173;4.814399;2.992171;4.506295;4.890951;4.791360;1.948406;2.969847;1.334310;3.561373;5.667284;4.924145;1.507560;5.125547;1.915668;5.014237;3.265094;4.031763;4.402041;5.598240;3.655339;2.755076;5.382502;2.706971;1.809174;3.112771;3.367255;3.826936;4.625499;1.862511;5.108274;1.350104;2.695525;1.687937;2.588070;4.129860;4.796886;3.453354;4.088431;3.189678;4.770696;5.122221;3.798409;4.277352;3.243059;2.107778;4.540193;2.147462;1.529672;1.576591;5.037667;1.855505;2.464895;4.164362;4.820932;1.498521;4.116276;2.760111;1.688158;4.312306;4.758988;4.882927;3.156033;4.751479;1.471618;3.609434;3.957450;1.620689;5.537604;6.029300;4.183420;3.858742;3.378322;3.013176;2.150690;2.542758;4.016675;3.436526;4.754084;3.883481;4.182587;2.646994;3.407402;2.615306;5.467697;3.608378;4.961549;6.184798;6.080084;9.305275;5.596910;4.555009;9.104254;5.190283;4.723652;4.882329;7.453883;6.503325;7.223471;7.046664;8.914781;8.857485;7.041822;5.370258;5.080926;8.928589;5.298676;4.209617;8.219405;7.121674;6.065564;6.063044;6.534332;7.235445;9.005445;7.273585;7.081124;5.208085;7.927446;7.389677;8.733852;3.679234;4.272552;7.052463;8.436203;5.879515;6.770154;7.148817;8.837566;8.140552;9.376951;7.072986;3.267442;7.540219;4.539698;8.041746;3.795489;7.412759;8.675060;7.488121;5.075198;5.984447;5.936366;9.250931;8.578330;7.022877;3.654062
0.740000;-5.266187;2.875195;3.504137;3.535739;2.993191;3.372088;1.826467;3.183926;4.119461;1.582112;5.335309;1.713422;3.285858;2.328437;3.614625;4.076177;2.376254;1.887692;2.948088;3.808693;5.355848;2.817531;3.816714;4.133364;1.679721;3.894300;3.470571;2.706231;3.514199;2.973390;4.814400;3.013241;4.513338;4.896800;4.794802;1.902558;2.983144;1.339971;3.580007;5.696527;4.935919;1.511208;5.130777;1.922255;5.033267;3.270515;4.034557;4.407893;5.614778;3.660033;2.766395;5.399265;2.712817;1.816272;3.126792;3.380293;3.829881;4.578246;1.871437;5.121278;1.362577;2.712950;1.701742;2.581156;4.139013;4.810304;3.461311;4.106555;3.194258;4.741787;5.133898;3.798409;4.302775;3.260665;2.116887;4.560071;2.158910;1.557319;1.580023;5.053493;1.864529;2.458718;4.167200;4.828315;1.502598;4.134050;2.768066;1.706919;4.330828;4.787963;4.896002;3.172579;4.754545;1.475836;3.614601;3.965397;1.628691;5.564398;6.054230;4.186586;3.877376;3.388293;3.024164;2.162433;2.550691;4.026557;3.449946;4.760159;3.885805;4.198670;2.646994;3.418347;2.624999;5.479670;3.634133;4.961302;6.192566;6.081762;9.311884;5.597957;4.559319;9.117997;5.205956;4.727667;4.902881;7.464308;6.485853;7.258057;7.091497;8.935481;8.876388;7.048198;5.359208;5.100470;8.951315;5.298675;4.250791;8.211810;7.098808;6.071632;6.107440;6.553483;7.292648;9.013027;7.273589;7.082488;5.211869;7.949480;7.402667;8.733380;3.679732;4.290524;7.060625;8.445974;5.887547;6.835019;7.155332;8.842123;8.194180;9.390955;7.087896;3.267442;7.490351;4.583157;8.045383;3.806312;7.438329;8.704279;7.511799;5.079729;6.025478;5.954876;9.278147;8.604865;7.024698;3.654061
0.740000;-4.566585;2.920824;3.484092;3.518807;2.977436;3.342412;1.830138;3.122692;4.110116;1.564458;5.322920;1.698716;3.260328;2.328241;3.638937;4.037174;2.309685;1.861876;2.936137;3.775629;5.336510;2.793931;3.810095;4.116707;1.656886;3.864621;3.449713;2.658557;3.489405;2.955658;4.814399;2.976779;4.501120;4.886653;4.788837;2.011834;2.960072;1.330152;3.547727;5.646166;4.915483;1.504884;5.121707;1.910826;5.000303;3.261112;4.029716;4.397744;5.586105;3.651892;2.746754;5.370204;2.702676;1.803956;3.102468;3.357673;3.868622;4.582595;1.855945;5.098716;1.351299;2.682746;1.677792;2.588623;4.123129;4.787032;3.447500;4.075154;3.186315;4.749125;5.113634;3.769748;4.258880;3.230154;2.101078;4.525655;2.139043;1.548678;1.574075;5.026052;1.848866;2.454817;4.162281;4.815504;1.495530;4.103238;2.754266;1.686032;4.311382;4.738069;4.873316;3.143894;4.749231;1.610135;3.605639;3.951606;1.614805;5.518186;6.011182;4.181098;3.845093;3.374579;3.005096;2.142051;2.536923;4.009403;3.426658;4.749622;3.881778;4.170787;2.646994;3.399353;2.608181;5.458892;3.589687;5.001266;6.179086;6.079892;9.300416;5.596146;4.551848;9.094165;5.178776;4.720704;4.881887;7.450839;6.505682;7.198747;7.061480;8.899662;8.843653;7.037137;5.368200;5.066625;8.912034;5.298677;4.212375;8.198765;7.098530;6.061108;6.031967;6.520319;7.196560;8.999873;7.273589;7.080124;5.205308;7.911369;7.380131;8.733789;3.680525;4.259382;7.046463;8.429023;5.873608;6.726863;7.144031;8.834221;8.103790;9.366666;7.062040;3.267440;7.486720;4.509212;8.039076;3.787528;7.394188;8.653975;7.470885;5.071871;5.955510;5.922812;9.231218;8.559091;7.021544;3.654061
0.740000;-5.628463;2.896281;3.496256;3.529113;2.987036;3.360265;1.819232;3.158619;4.115845;1.575195;5.330494;1.707686;3.275749;2.334939;3.615440;4.060452;2.446562;1.877466;2.943446;3.795462;5.348255;2.808208;3.814163;4.126847;1.670705;3.866086;3.462364;2.686810;3.504385;2.966443;4.814400;2.998586;4.508591;4.892868;4.792505;1.902336;2.974035;1.336169;3.567102;5.675956;4.927882;1.508772;5.127269;1.917819;5.020076;3.266874;4.032696;4.403960;5.603371;3.656888;2.758677;5.387696;2.708888;1.811485;3.117172;3.371368;3.855491;4.593566;1.865386;5.112376;1.349408;2.700910;1.692274;2.584031;4.132806;4.801109;3.455930;4.094016;3.191191;4.744761;5.125928;3.779687;4.284976;3.248496;2.110709;4.546275;2.151102;1.530237;1.577733;5.042590;1.858414;2.523144;4.165309;4.823333;1.499872;4.121764;2.762689;1.729203;4.322715;4.767587;4.887050;3.161166;4.752501;1.470779;3.611135;3.960024;1.623281;5.545604;6.036787;4.184474;3.864470;3.380993;3.016678;2.154420;2.545328;4.019842;3.440751;4.756073;3.884259;4.187584;2.646994;3.410892;2.618416;5.471493;3.616095;4.967861;6.187316;6.081405;9.307433;5.597263;4.556436;9.108577;5.195161;4.724983;4.882578;7.479006;6.511542;7.233592;7.056341;8.921092;8.863293;7.043906;5.358898;5.086912;8.935456;5.298676;4.221890;8.212338;7.138038;6.067551;6.075825;6.540208;7.251730;9.007908;7.273593;7.081582;5.209341;7.934133;7.393772;8.734206;3.678339;4.278093;7.055102;8.439336;5.882114;6.788580;7.150943;8.839072;8.155851;9.381345;7.077651;3.267442;7.511286;4.552232;8.042954;3.798940;7.420422;8.683722;7.495265;5.076696;5.996310;5.942061;9.259047;8.586259;7.023488;3.654061
0.740000;-5.713368;2.906434;3.492488;3.525953;2.984104;3.354582;1.819356;3.146581;4.114139;1.571894;5.328209;1.704957;3.270893;2.329430;3.614583;4.052899;2.589725;1.872553;2.941243;3.789104;5.344627;2.803743;3.812964;4.123741;1.666387;3.901449;3.458437;2.677507;3.499682;2.963127;4.814400;2.991544;4.506338;4.891010;4.791428;1.903239;2.969672;1.334372;3.560903;5.666107;4.924037;1.507628;5.125612;1.915716;5.013740;3.265158;4.031825;4.402100;5.597892;3.655407;2.754989;5.382143;2.707030;1.809213;3.112562;3.367093;3.835638;4.698605;1.862506;5.108112;1.352902;2.695125;1.687738;2.590927;4.129850;4.796708;3.453374;4.087991;3.189745;4.776746;5.122118;3.671206;4.276436;3.242651;2.107767;4.539645;2.147369;1.546131;1.576658;5.037360;1.855497;2.449722;4.164424;4.820964;1.498591;4.115853;2.760132;1.709552;4.324347;4.757836;4.882763;3.155687;4.751543;1.475836;3.609500;3.957471;1.620712;5.536593;6.028419;4.183485;3.858268;3.396802;3.013102;2.150582;2.542780;4.016638;3.436343;4.754141;3.883537;4.182268;2.646994;3.407328;2.615280;5.467582;3.607445;4.968970;6.184824;6.080067;9.305322;5.596942;4.555079;9.104068;5.189986;4.723720;4.886950;7.522901;6.489747;7.221947;7.045397;8.914186;8.857006;7.041874;5.370282;5.080400;8.927863;5.298678;4.237628;8.194927;7.112863;6.065620;6.060939;6.533833;7.232776;9.005476;7.273578;7.081162;5.208154;7.926761;7.389518;8.734149;3.679180;4.272122;7.052478;8.436178;5.879532;6.767266;7.148869;8.837635;8.138017;9.376745;7.072736;3.267442;7.496100;4.537648;8.041812;3.795421;7.411835;8.673892;7.487329;5.075265;5.982529;5.935908;9.249894;8.577343;7.022924;3.654061
0.740000;-5.730032;2.907050;3.502902;3.534745;2.992282;3.369991;1.828526;3.177793;4.118975;1.581064;5.334634;1.712589;3.284161;2.328519;3.618535;4.073076;2.595103;1.885963;2.947439;3.806250;5.354674;2.816002;3.816386;4.132390;1.678257;3.872233;3.469270;2.702050;3.512564;2.972335;4.814399;3.010432;4.512671;4.896266;4.794509;1.902777;2.981658;1.339456;3.577646;5.691987;4.934654;1.510894;5.130308;1.921640;5.030833;3.270025;4.034322;4.407356;5.612778;3.659618;2.765192;5.397230;2.712284;1.815600;3.125196;3.378847;3.838614;4.670834;1.870547;5.119834;1.361510;2.710803;1.700180;2.579875;4.138096;4.808798;3.460537;4.104287;3.193855;4.741398;5.132646;3.738555;4.299082;3.258487;2.115973;4.557484;2.157691;1.547032;1.579730;5.051613;1.863628;2.442121;4.166963;4.827612;1.502242;4.131851;2.767291;1.740242;4.388913;4.783482;4.894550;3.170578;4.754287;1.475836;3.614138;3.964626;1.627914;5.560410;6.050641;4.186319;3.875016;3.375758;3.023007;2.161173;2.549922;4.025548;3.448443;4.759600;3.885613;4.196745;2.646994;3.417194;2.624011;5.478376;3.630366;4.964978;6.191815;6.082381;9.311266;5.597874;4.558942;9.116445;5.204100;4.727319;4.885088;7.450213;6.483452;7.252210;7.046181;8.932734;8.873975;7.047606;5.360297;5.097947;8.948163;5.298676;4.221242;8.195227;7.101783;6.071071;6.098929;6.551028;7.280210;9.012298;7.273585;7.082377;5.211543;7.946476;7.401222;8.737309;3.681290;4.288280;7.059828;8.444975;5.886765;6.820032;7.154723;8.841721;8.182884;9.389358;7.086159;3.267442;7.502903;4.574906;8.045073;3.805176;7.434603;8.699736;7.508465;5.079330;6.017921;5.952536;9.274061;8.600933;7.024551;3.654060
0.740000;-5.391033;2.879518;3.487953;3.522061;2.980458;3.348169;1.819214;3.134806;4.111901;1.567853;5.325292;1.701536;3.265264;2.328340;3.615139;4.044796;2.606714;1.866868;2.938423;3.782065;5.340236;2.798486;3.811356;4.119906;1.661293;3.866013;3.453734;2.667923;3.494198;2.959068;4.814399;2.983887;4.503458;4.888591;4.789972;1.902462;2.964529;1.332026;3.554005;5.656065;4.919420;1.506090;5.123438;1.913012;5.006716;3.262908;4.030637;4.399682;5.591665;3.653445;2.750533;5.375840;2.704613;1.806313;3.107171;3.362038;3.827223;4.689528;1.858918;5.103070;1.352539;2.688610;1.682421;2.610761;4.126178;4.791517;3.450148;4.081254;3.187829;4.750867;5.117537;3.798409;4.267484;3.236079;2.104113;4.532358;2.142869;1.756819;1.575207;5.031371;1.851873;2.510432;4.163217;4.817955;1.496877;4.109229;2.756903;1.691472;4.314670;4.747882;4.877695;3.149458;4.750243;1.465383;3.607351;3.954249;1.617466;5.527258;6.019615;4.182143;3.851370;3.382034;3.008765;2.145980;2.539562;4.012700;3.431156;4.751635;3.882545;4.176186;2.646994;3.403005;2.611410;5.462897;3.598403;5.122650;6.181668;6.102232;9.302610;5.596490;4.553272;9.098772;5.184042;4.722030;4.883948;7.462017;6.503133;7.210478;7.057198;8.906648;8.850023;7.039252;5.361658;5.073216;8.919716;5.298678;4.365031;8.209682;7.098358;6.063117;6.046977;6.526772;7.215759;9.002395;7.273589;7.080575;5.206558;7.918817;7.384482;8.759949;3.688848;4.265433;7.049178;8.432277;5.876280;6.748486;7.146191;8.835729;8.121837;9.371363;7.067043;3.267441;7.532573;4.523916;8.040277;3.791141;7.402849;8.663877;7.478889;5.073371;5.969409;5.929051;9.240437;8.568076;7.022143;3.654061
0.740000;-4.108151;3.018140;3.499571;3.531956;2.989697;3.364942;1.832308;3.166877;4.117475;1.578148;5.332621;1.710182;3.279857;2.328540;3.617400;4.066321;2.350030;1.881611;2.945501;3.800586;5.351463;2.812042;3.815332;4.129649;1.674433;3.865089;3.465801;2.693683;3.508391;2.969410;4.814399;3.004144;4.510690;4.894630;4.793562;1.908510;2.977794;1.337875;3.572126;5.683116;4.931255;1.509890;5.128851;1.919790;5.025188;3.268514;4.033558;4.405722;5.607913;3.658315;2.761932;5.392292;2.710651;1.813600;3.121109;3.375060;3.894341;4.578375;1.868006;5.116059;1.349308;2.705659;1.696160;2.679487;4.135488;4.804890;3.458285;4.098923;3.192585;4.749844;5.129276;3.782300;4.291423;3.253286;2.113379;4.551573;2.154394;1.593429;1.578788;5.046965;1.861058;2.450981;4.166185;4.825528;1.501118;4.126593;2.765041;1.690012;4.326914;4.774698;4.890753;3.165710;4.753445;1.475836;3.612700;3.962378;1.625650;5.552316;6.043137;4.185450;3.869492;3.395962;3.019846;2.157786;2.547677;4.022720;3.444539;4.757900;3.884980;4.192019;2.646994;3.414046;2.621243;5.474916;3.622602;5.021801;6.189619;6.079888;9.309410;5.597591;4.557750;9.112448;5.199502;4.726210;4.882129;7.450034;6.503829;7.241666;7.050383;8.926568;8.868375;7.045818;5.359125;5.092140;8.941361;5.298676;4.345576;8.207055;7.098634;6.069373;6.085335;6.545347;7.262742;9.010156;7.273585;7.082009;5.210500;7.939892;7.397456;8.739051;3.685921;4.282968;7.057518;8.442182;5.884492;6.800322;7.152896;8.840459;8.166482;9.385279;7.081805;3.267441;7.544411;4.561602;8.044070;3.802065;7.426900;8.690877;7.501359;5.078075;6.005361;5.947053;9.265837;8.592921;7.024056;3.654060
0.740000;-5.819855;2.919592;3.496291;3.529139;2.987059;3.360331;1.820043;3.158923;4.115857;1.575221;5.330511;1.707706;3.275792;2.329165;3.614710;4.060572;2.590520;1.877513;2.943460;3.795548;5.348286;2.808254;3.814171;4.126873;1.670748;3.869842;3.462399;2.686991;3.504434;2.966470;4.814400;2.998691;4.508605;4.892881;4.792512;1.903208;2.974079;1.336181;3.567183;5.676155;4.927916;1.508779;5.127280;1.917834;5.020162;3.266888;4.032702;4.403973;5.603434;3.656899;2.758710;5.387764;2.708902;1.811499;3.117222;3.371410;3.865427;4.628435;1.865410;5.112417;1.349353;2.700982;1.692320;2.615692;4.132830;4.801160;3.455951;4.094092;3.191201;4.741965;5.125964;3.779022;4.285126;3.248571;2.110733;4.546367;2.151135;1.597070;1.577740;5.042653;1.858432;2.441758;4.165314;4.823348;1.499880;4.121838;2.762708;1.695930;4.312260;4.767787;4.887094;3.161231;4.752507;1.549665;3.611147;3.960045;1.623301;5.545774;6.036934;4.184481;3.864552;3.386794;3.016708;2.154453;2.545348;4.019870;3.440794;4.756087;3.884263;4.187642;2.646994;3.410915;2.618441;5.471532;3.616251;5.049381;6.187334;6.082621;9.307447;5.597266;4.556445;9.108624;5.195222;4.724990;4.883550;7.454863;6.483890;7.233880;7.045606;8.921189;8.863377;7.043920;5.358392;5.087003;8.935585;5.298678;4.210868;8.196428;7.103649;6.067560;6.076298;6.540296;7.252499;9.007926;7.273589;7.081584;5.209349;7.934246;7.393817;8.734366;3.699152;4.278171;7.055125;8.439364;5.882135;6.789542;7.150957;8.839082;8.156535;9.381396;7.077702;3.267442;7.487897;4.552688;8.042961;3.798972;7.420578;8.683928;7.495397;5.076705;5.996719;5.942141;9.259224;8.586427;7.023494;3.654061
0.740000;-5.522122;2.888816;3.479937;3.515368;2.974259;3.335903;1.820435;3.107414;4.108317;1.560853;5.320480;1.695772;3.254857;2.335858;3.614837;4.028231;2.621968;1.856331;2.933791;3.768260;5.332521;2.788929;3.808848;4.113330;1.652066;3.877204;3.445368;2.647218;3.484111;2.952037;4.814400;2.968508;4.498714;4.884685;4.787719;1.905408;2.955202;1.328254;3.540558;5.634057;4.911236;1.503697;5.119964;1.908591;4.992956;3.259303;4.028817;4.395776;5.579852;3.650340;2.742692;5.363856;2.700712;1.801531;3.097296;3.352909;3.828714;4.621927;1.852827;5.093965;1.350251;2.676109;1.672710;2.591030;4.119923;4.782111;3.444753;4.068208;3.184803;4.773522;5.109426;3.685747;4.248601;3.223439;2.097890;4.517931;2.134929;1.554282;1.572959;5.020106;1.845710;2.527921;4.161367;4.812973;1.494193;4.096444;2.751515;1.703603;4.488275;4.726101;4.868538;3.137643;4.748240;1.539878;3.603921;3.948864;1.612041;5.507258;6.001135;4.180073;3.837920;3.372205;3.001166;2.137818;2.534186;4.005913;3.421733;4.747575;3.881035;4.164735;2.646994;3.395437;2.604765;5.454564;3.579260;4.969854;6.176414;6.080676;9.298176;5.595818;4.550430;9.089116;5.172903;4.719391;4.890624;7.452679;6.484306;7.184056;7.096318;8.891564;8.836365;7.034980;5.360378;5.059053;8.903018;5.298678;4.373935;8.208556;7.108520;6.059063;6.012360;6.512924;7.170389;8.997272;7.273582;7.079695;5.204073;7.902676;7.375389;8.735881;3.686165;4.252506;7.043638;8.425578;5.870832;6.696748;7.141821;8.832718;8.079462;9.361505;7.056496;3.267442;7.500517;4.490084;8.037889;3.783667;7.383847;8.641912;7.461426;5.070379;5.937602;5.915702;9.220098;8.548289;7.020966;3.654060
0.740000;-4.240068;2.985679;3.498062;3.530627;2.988440;3.363010;1.820164;3.164625;4.116663;1.576774;5.331586;1.708993;3.278085;2.337620;3.615441;4.064139;2.621968;1.879825;2.944498;3.798548;5.349994;2.810357;3.814738;4.128336;1.672781;3.886134;3.464241;2.691395;3.506648;2.968032;4.814399;3.002017;4.509667;4.893758;4.793022;1.902591;2.976134;1.337028;3.570110;5.680814;4.929727;1.509321;5.128061;1.918825;5.023150;3.267699;4.033113;4.404849;5.606016;3.657598;2.760446;5.390384;2.709777;1.812571;3.119392;3.373424;3.834120;4.651513;1.866767;5.114425;1.350015;2.703709;1.694458;2.585907;4.134223;4.803226;3.457154;4.096932;3.191882;4.749336;5.127758;3.748055;4.289165;3.251326;2.112118;4.549498;2.152893;1.536141;1.578248;5.045116;1.859807;2.441606;4.165733;4.824466;1.500486;4.124625;2.763909;1.690938;4.407684;4.772403;4.889113;3.163815;4.752959;1.466090;3.611917;3.961247;1.624511;5.550037;6.040892;4.184949;3.867476;3.374783;3.018395;2.156260;2.546548;4.021377;3.442870;4.756998;3.884605;4.190153;2.646994;3.412600;2.619918;5.473372;3.620344;4.962677;6.188509;6.088315;9.308439;5.597419;4.557086;9.110751;5.197664;4.725585;4.887073;7.459939;6.485331;7.239396;7.047106;8.924457;8.866347;7.044877;5.361076;5.090079;8.939179;5.298677;4.232062;8.196993;7.212644;6.068474;6.083329;6.543306;7.261357;9.009074;7.273589;7.081786;5.209910;7.937733;7.395823;8.739507;3.689739;4.280987;7.056362;8.440852;5.883352;6.799409;7.151940;8.839760;8.164902;9.383565;7.080017;3.267442;7.496237;4.559572;8.043503;3.800629;7.424640;8.688586;7.499149;5.077378;6.003245;5.945047;9.263559;8.590650;7.023760;3.654061
0.740000;-5.264866;2.875426;3.493602;3.526894;2.984979;3.356227;1.835629;3.149863;4.114655;1.572876;5.328895;1.705773;3.272310;2.336131;3.617116;4.055047;2.593428;1.873982;2.941905;3.790936;5.345699;2.805048;3.813330;4.124667;1.667659;3.864784;3.459592;2.680112;3.501055;2.964113;4.814400;2.993556;4.507013;4.891570;4.791758;1.912779;2.970953;1.334914;3.562691;5.668841;4.925173;1.507977;5.126115;1.916351;5.015563;3.265678;4.032092;4.402661;5.599481;3.655857;2.756080;5.383754;2.707593;1.809896;3.113909;3.368350;3.827802;4.578998;1.863367;5.109365;1.353051;2.696801;1.689068;2.589216;4.130732;4.797997;3.454139;4.089729;3.190185;4.741405;5.123245;3.798409;4.278840;3.244342;2.108645;4.541550;2.148472;1.607706;1.576987;5.038878;1.856366;2.442838;4.164695;4.821677;1.498981;4.117558;2.760899;1.731694;4.311696;4.760554;4.884024;3.157279;4.751837;1.475836;3.609994;3.958237;1.621482;5.539123;6.030782;4.183787;3.860056;3.374731;3.014160;2.151718;2.543544;4.017591;3.437636;4.754725;3.883759;4.183806;2.646994;3.408381;2.616212;5.468737;3.609885;5.314225;6.185575;6.085097;9.305961;5.597043;4.555492;9.105392;5.191494;4.724105;4.881910;7.450601;6.494708;7.225141;7.045963;8.916167;8.858817;7.042488;5.361496;5.082274;8.930026;5.298677;4.209758;8.196877;7.101819;6.066203;6.064904;6.535670;7.237644;9.006210;7.273585;7.081292;5.208516;7.928868;7.390772;8.738902;3.686750;4.273849;7.053268;8.437114;5.880309;6.772640;7.149492;8.838072;8.142644;9.378097;7.074169;3.267442;7.496468;4.541547;8.042164;3.796465;7.414258;8.676638;7.489585;5.075700;5.986239;5.937685;9.252460;8.579848;7.023098;3.654061
0.740000;-6.154975;2.980366;3.502941;3.534750;2.992276;3.370200;1.819966;3.179244;4.118939;1.581073;5.334605;1.712575;3.284286;2.330679;3.660029;4.073555;2.621968;1.886098;2.947410;3.806551;5.354702;2.816096;3.816351;4.132391;1.678336;3.873521;3.469319;2.702856;3.512674;2.972347;4.814400;3.010830;4.512645;4.896232;4.794476;1.906685;2.981742;1.339419;3.577925;5.692915;4.934698;1.510861;5.130272;1.921609;5.031135;3.269989;4.034293;4.407322;5.612970;3.659582;2.765227;5.397431;2.712248;1.815572;3.125298;3.378922;3.834255;4.632883;1.870539;5.119909;1.353981;2.711030;1.700276;2.581555;4.138091;4.808880;3.460517;4.104543;3.193818;4.743545;5.132689;3.682036;4.299738;3.258720;2.115969;4.557821;2.157726;1.541423;1.579698;5.051777;1.863621;2.452809;4.166931;4.827586;1.502209;4.132086;2.767272;1.762008;4.364175;4.784383;4.894627;3.170771;4.754255;1.477272;3.614102;3.964606;1.627895;5.561153;6.051262;4.186285;3.875296;3.374573;3.023034;2.161216;2.549902;4.025553;3.448532;4.759566;3.885587;4.196918;2.646994;3.417222;2.624013;5.478426;3.631043;4.985727;6.191794;6.080311;9.311237;5.597860;4.558906;9.116542;5.204259;4.727283;4.895769;7.452079;6.490904;7.253568;7.070677;8.933113;8.874269;7.047574;5.360409;5.098269;8.948661;5.298678;4.244125;8.195155;7.124990;6.071038;6.101228;6.551332;7.283945;9.012276;7.273585;7.082360;5.211508;7.946929;7.401302;8.733301;3.679067;4.288531;7.059808;8.444977;5.886748;6.824707;7.154690;8.841684;8.186199;9.389463;7.086297;3.267442;7.484178;4.577119;8.045038;3.805199;7.435271;8.700656;7.509016;5.079293;6.019876;5.952808;9.274837;8.601660;7.024529;3.654061
0.740000;-5.067917;2.876914;3.488567;3.522557;2.980912;3.349190;1.819208;3.137263;4.112137;1.568375;5.325626;1.701952;3.266111;2.328282;3.627486;4.046234;2.621968;1.867724;2.938743;3.783233;5.340824;2.799248;3.811513;4.120393;1.662020;3.869431;3.454381;2.669760;3.495013;2.959594;4.814400;2.985206;4.503786;4.888853;4.790111;1.925301;2.965266;1.332279;3.555137;5.658038;4.920052;1.506238;5.123667;1.913315;5.007881;3.263148;4.030746;4.399943;5.592639;3.653646;2.751134;5.376834;2.704875;1.806646;3.107960;3.362759;3.952285;4.602718;1.859362;5.103787;1.350289;2.689653;1.683194;2.579380;4.126637;4.792267;3.450531;4.082346;3.188025;4.800801;5.118162;3.798409;4.269150;3.237135;2.104567;4.533587;2.143476;1.551787;1.575347;5.032293;1.852324;2.463903;4.163329;4.818306;1.497047;4.110296;2.757288;1.690532;4.373623;4.749820;4.878417;3.150433;4.750364;1.465389;3.607576;3.954633;1.617852;5.529030;6.021239;4.182269;3.852505;3.410177;3.009344;2.146610;2.539943;4.013206;3.431901;4.751909;3.882633;4.177130;2.646994;3.403581;2.611906;5.463543;3.600091;5.208611;6.182042;6.079885;9.302914;5.596527;4.553453;9.099542;5.184953;4.722198;4.886795;7.452050;6.491405;7.212846;7.063554;8.907940;8.851175;7.039542;5.358836;5.074418;8.921154;5.298677;4.319356;8.195496;7.112157;6.063391;6.050068;6.527946;7.219688;9.002756;7.273589;7.080623;5.206714;7.920214;7.385193;8.733313;3.684427;4.266516;7.049573;8.432776;5.876665;6.752875;7.146489;8.835922;8.125536;9.372149;7.067900;3.267442;7.484777;4.526938;8.040426;3.791710;7.404520;8.665831;7.480411;5.073565;5.972248;5.930169;9.242240;8.569825;7.022210;3.654061
0.740000;-5.834096;2.923937;3.490501;3.524292;2.982560;3.351546;1.846614;3.139406;4.113239;1.570158;5.327008;1.703522;3.268318;2.329494;3.645353;4.048754;2.621968;1.869943;2.940086;3.785674;5.342715;2.801368;3.812332;4.122107;1.664111;3.887382;3.456364;2.672251;3.497182;2.961381;4.814400;2.987709;4.505152;4.890032;4.790859;1.919122;2.967361;1.333427;3.557561;5.660485;4.922009;1.507025;5.124741;1.914612;5.010320;3.264254;4.031364;4.401124;5.594965;3.654627;2.753045;5.379170;2.706053;1.808021;3.110116;3.364833;3.891087;4.583473;1.860993;5.105857;1.372108;2.692024;1.685333;2.602108;4.128294;4.794373;3.452032;4.084753;3.188986;4.742337;5.120107;3.668434;4.271672;3.239515;2.106220;4.536055;2.145399;1.533036;1.576091;5.034572;1.853964;2.441670;4.163956;4.819722;1.497914;4.112681;2.758788;1.705522;4.316535;4.752280;4.880494;3.152757;4.751038;1.477168;3.608640;3.956130;1.619359;5.531533;6.023766;4.182962;3.854927;3.373565;3.011218;2.148559;2.541441;4.014954;3.434011;4.753125;3.883155;4.179426;2.646994;3.405449;2.613629;5.465518;3.602612;5.234414;6.183516;6.082530;9.304215;5.596772;4.554363;9.101673;5.187225;4.723054;4.886948;7.451145;6.513870;7.215059;7.080511;8.910425;8.853607;7.040806;5.364775;5.076878;8.923678;5.298678;4.216471;8.194827;7.104776;6.064607;6.051505;6.530389;7.219613;9.004204;7.273589;7.080937;5.207527;7.922732;7.387265;8.733334;3.679883;4.268913;7.051101;8.434512;5.878175;6.751679;7.147775;8.836879;8.125939;9.374304;7.070124;3.267442;7.516719;4.528471;8.041211;3.793566;7.407044;8.668285;7.482947;5.074513;5.974001;5.932592;9.244740;8.572338;7.022627;3.654061
0.740000;-5.111250;2.875948;3.493608;3.526888;2.984969;3.356272;1.826005;3.149923;4.114634;1.572873;5.328879;1.705762;3.272337;2.346616;3.648421;4.055121;2.434757;1.874013;2.941888;3.790990;5.345705;2.805068;3.813310;4.124660;1.667677;3.865131;3.459602;2.680194;3.501080;2.964110;4.814400;2.993624;4.506997;4.891551;4.791735;1.971091;2.970970;1.334895;3.562742;5.668934;4.925180;1.507957;5.126094;1.916332;5.015622;3.265658;4.032073;4.402640;5.599522;3.655836;2.756083;5.383796;2.707571;1.809879;3.113933;3.368366;3.916111;4.672460;1.863357;5.109381;1.353651;2.696846;1.689089;2.580277;4.130723;4.798017;3.454126;4.089781;3.190163;4.744962;5.123251;3.774142;4.278923;3.244389;2.108638;4.541608;2.148480;1.781213;1.576967;5.038919;1.856359;2.454053;4.164676;4.821660;1.498959;4.117612;2.760884;1.716149;4.321693;4.760636;4.884039;3.157318;4.751817;1.475836;3.609976;3.958223;1.621467;5.539207;6.030862;4.183768;3.860109;3.372196;3.014164;2.151722;2.543530;4.017589;3.437652;4.754704;3.883742;4.183849;2.646994;3.408389;2.616209;5.468746;3.609962;4.966540;6.185557;6.081072;9.305938;5.597034;4.555471;9.105408;5.191526;4.724084;4.885040;7.450826;6.484163;7.225199;7.107875;8.916225;8.858870;7.042468;5.359399;5.082328;8.930092;5.298678;4.210357;8.208657;7.141799;6.066184;6.064873;6.535724;7.237400;9.006190;7.273585;7.081280;5.208494;7.928932;7.390788;8.733463;3.679238;4.273895;7.053251;8.437112;5.880295;6.772236;7.149472;8.838050;8.142465;9.378115;7.074196;3.267441;7.516841;4.541520;8.042139;3.796463;7.414338;8.676715;7.489655;5.075681;5.986243;5.937733;9.252542;8.579928;7.023085;3.654062
0.740000;-5.240949;2.875179;3.492722;3.526131;2.984262;3.355019;1.835010;3.147765;4.114205;1.572086;5.328316;1.705097;3.271238;2.328353;3.637452;4.053554;2.402838;1.872902;2.941345;3.789620;5.344846;2.804042;3.813004;4.123915;1.666678;3.872241;3.458683;2.678373;3.500006;2.963319;4.814400;2.992142;4.506443;4.891086;4.791461;1.930097;2.969965;1.334445;3.561399;5.667039;4.924279;1.507664;5.125678;1.915811;5.014253;3.265226;4.031849;4.402177;5.598306;3.655461;2.755214;5.382565;2.707107;1.809319;3.112880;3.367378;3.847687;4.578060;1.862661;5.108394;1.358696;2.695575;1.688048;2.579381;4.130011;4.797007;3.453503;4.088465;3.189798;4.745724;5.122357;3.711916;4.277206;3.243105;2.107927;4.540192;2.147602;1.532105;1.576692;5.037748;1.855655;2.459372;4.164448;4.821080;1.498633;4.116319;2.760256;1.736922;4.326840;4.758755;4.883049;3.156100;4.751571;1.475836;3.609563;3.957599;1.620838;5.537430;6.029173;4.183515;3.858765;3.371935;3.013318;2.150824;2.542907;4.016819;3.436641;4.754223;3.883555;4.182664;2.646994;3.407542;2.615455;5.467828;3.608232;4.967374;6.184946;6.079910;9.305419;5.596949;4.555126;9.104377;5.190365;4.723763;4.889742;7.464394;6.484006;7.223090;7.051938;8.914762;8.857507;7.041963;5.358396;5.080932;8.928518;5.298677;4.230649;8.209435;7.124578;6.065704;6.062409;6.534350;7.234538;9.005598;7.273582;7.081169;5.208192;7.927396;7.389802;8.736515;3.682723;4.272591;7.052612;8.436349;5.879662;6.769098;7.148958;8.837686;8.139713;9.377062;7.073083;3.267442;7.489057;4.539088;8.041848;3.795631;7.412615;8.674812;7.488029;5.075317;5.983895;5.936395;9.250740;8.578161;7.022938;3.654061
0.740000;-5.625006;2.896531;3.489286;3.523137;2.981443;3.350401;1.819419;3.140892;4.112425;1.568987;5.326025;1.702437;3.267090;2.336358;3.615866;4.048030;2.621968;1.868723;2.939125;3.784645;5.341508;2.800136;3.811709;4.120962;1.662869;3.875360;3.455140;2.672201;3.495955;2.960208;4.814399;2.986841;4.504178;4.889169;4.790287;1.902303;2.966125;1.332582;3.556503;5.660697;4.920788;1.506424;5.123945;1.913678;5.009287;3.263436;4.030886;4.400259;5.593795;3.653890;2.751833;5.378009;2.705192;1.807041;3.108883;3.363597;3.826142;4.583197;1.859882;5.104622;1.351905;2.690896;1.684099;2.579720;4.127172;4.793138;3.450983;4.083663;3.188264;4.742466;5.118889;3.798409;4.271295;3.238394;2.105100;4.535083;2.144188;1.584379;1.575521;5.033375;1.852851;2.444727;4.163470;4.818720;1.497257;4.111577;2.757742;1.698015;4.312111;4.752442;4.879260;3.151589;4.750519;1.475836;3.607851;3.955083;1.618308;5.531353;6.023325;4.182429;3.853868;3.414137;3.010016;2.147339;2.540395;4.013794;3.432776;4.752239;3.882748;4.178240;2.646994;3.404248;2.612478;5.464293;3.602282;5.005926;6.182482;6.080946;9.303278;5.596578;4.553677;9.100441;5.186026;4.722404;4.881917;7.453042;6.486792;7.216289;7.059231;8.909523;8.852565;7.039890;5.361949;5.075880;8.922970;5.298677;4.247342;8.204868;7.133334;6.063720;6.055161;6.529365;7.227255;9.003181;7.273589;7.080688;5.206908;7.921951;7.386029;8.745078;3.687130;4.267814;7.050039;8.433354;5.877123;6.762059;7.146846;8.836160;8.132388;9.373071;7.068900;3.267441;7.536143;4.531861;8.040611;3.792370;7.406690;8.668483;7.482345;5.073799;5.976745;5.931523;9.244620;8.572117;7.022299;3.654062
0.740000;-3.318818;3.294230;3.489484;3.523341;2.981645;3.350506;1.825851;3.140168;4.112589;1.569186;5.326214;1.702639;3.267249;2.359932;3.615060;4.047966;2.621968;1.868878;2.939311;3.784699;5.341708;2.800309;3.811837;4.121163;1.663053;3.886470;3.455330;2.671912;3.496121;2.960412;4.814400;2.986830;4.504364;4.889339;4.790406;1.946014;2.966307;1.332750;3.556571;5.660318;4.920982;1.506549;5.124105;1.913860;5.009342;3.263601;4.030988;4.400430;5.593919;3.654042;2.752032;5.378129;2.705363;1.807229;3.109051;3.363781;3.842503;4.656786;1.860083;5.104806;1.370701;2.690994;1.684273;2.579731;4.127373;4.793315;3.451179;4.083742;3.188412;4.753742;5.119086;3.798409;4.271112;3.238492;2.105302;4.535115;2.144382;1.544416;1.575639;5.033513;1.853051;2.535017;4.163574;4.818911;1.497393;4.111659;2.757940;1.758251;4.324539;4.752092;4.879444;3.151711;4.750628;1.467195;3.608009;3.955281;1.618503;5.531103;6.023164;4.182540;3.853934;3.374323;3.010216;2.147535;2.540591;4.013997;3.432952;4.752414;3.882834;4.178368;2.646994;3.404448;2.612679;5.464486;3.602084;5.048130;6.182677;6.079987;9.303458;5.596620;4.553819;9.100617;5.186169;4.722540;4.883477;7.450755;6.521878;7.215636;7.046031;8.909531;8.852627;7.040071;5.360367;5.075922;8.922912;5.298678;4.211213;8.211843;7.106199;6.063897;6.053905;6.529418;7.225153;9.003377;7.273585;7.080743;5.207036;7.921911;7.386215;8.737939;3.683933;4.267902;7.050237;8.433565;5.877325;6.759438;7.147030;8.836308;8.130526;9.373244;7.069059;3.267441;7.500469;4.530675;8.040735;3.792571;7.406502;8.668135;7.482240;5.073945;5.975712;5.931597;9.244357;8.571883;7.022371;3.654061
0.740000;-5.841207;2.923854;3.491608;3.525193;2.983387;3.353368;1.820718;3.144416;4.113687;1.571102;5.327629;1.704282;3.269814;2.328701;3.615162;4.051389;2.586617;1.871462;2.940681;3.787781;5.343771;2.802729;3.812636;4.122989;1.665407;3.935204;3.457523;2.675736;3.498628;2.962335;4.814400;2.990111;4.505764;4.890524;4.791131;1.927179;2.968682;1.333901;3.559603;5.664248;4.923143;1.507314;5.125174;1.915177;5.012417;3.264704;4.031581;4.401614;5.596711;3.655010;2.754124;5.380947;2.706545;1.808637;3.111524;3.366120;3.826330;4.577979;1.861800;5.107141;1.349301;2.693895;1.686718;2.579662;4.129128;4.795702;3.452734;4.086718;3.189358;4.745210;5.121230;3.763768;4.274775;3.241408;2.107049;4.538278;2.146496;1.614190;1.576362;5.036217;1.854783;2.441631;4.164176;4.820368;1.498242;4.114596;2.759492;1.711166;4.391359;4.755999;4.881787;3.154504;4.751277;1.599987;3.609067;3.956834;1.620069;5.534866;6.026786;4.183209;3.856968;3.380710;3.012256;2.149689;2.542143;4.015869;3.435345;4.753639;3.883332;4.181108;2.646994;3.406480;2.614520;5.466675;3.605773;5.255688;6.184201;6.080733;9.304783;5.596848;4.554712;9.103051;5.188855;4.723376;4.883465;7.462348;6.496016;7.219842;7.061350;8.912779;8.855688;7.041350;5.358754;5.079050;8.926350;5.298678;4.210849;8.194709;7.136470;6.065120;6.058375;6.532506;7.229613;9.004869;7.273589;7.081040;5.207829;7.925284;7.388548;8.735541;3.678526;4.270860;7.051827;8.435413;5.878892;6.763762;7.148335;8.837250;8.135021;9.375715;7.071650;3.267441;7.491803;4.535126;8.041500;3.794588;7.410174;8.672057;7.485761;5.074883;5.980125;5.934616;9.248148;8.575629;7.022764;3.654062
0.740000;-5.806620;2.918602;3.493376;3.526667;2.984754;3.356060;1.819202;3.150197;4.114475;1.572647;5.328687;1.705551;3.272108;2.328301;3.754410;4.054992;2.335048;1.873782;2.941701;3.790803;5.345473;2.804835;3.813188;4.124439;1.667443;3.896447;3.459371;2.680196;3.500849;2.963884;4.814400;2.993470;4.506807;4.891383;4.791625;1.904564;2.970737;1.334729;3.562547;5.668981;4.924946;1.507839;5.125937;1.916149;5.015433;3.265498;4.031979;4.402472;5.599304;3.655692;2.755853;5.383579;2.707403;1.809689;3.113702;3.368131;3.913362;4.619343;1.863143;5.109147;1.356285;2.696637;1.688856;2.580334;4.130505;4.797783;3.453923;4.089581;3.190022;4.749300;5.123018;3.798409;4.278863;3.244181;2.108420;4.541433;2.148247;1.573263;1.576854;5.038694;1.856141;2.447828;4.164581;4.821466;1.498830;4.117407;2.760683;1.708360;4.384919;4.760674;4.883804;3.157099;4.751715;1.529080;3.609820;3.958021;1.621263;5.539182;6.030789;4.183661;3.859917;3.372138;3.013934;2.151490;2.543326;4.017364;3.437422;4.754530;3.883662;4.183631;2.646994;3.408157;2.615986;5.468511;3.609910;5.006067;6.185357;6.084789;9.305758;5.596995;4.555336;9.105177;5.191301;4.723956;4.883894;7.451026;6.484155;7.225426;7.058327;8.916062;8.858682;7.042290;5.358409;5.082148;8.929959;5.298676;4.212107;8.196931;7.098859;6.066010;6.065489;6.535536;7.238564;9.005990;7.273582;7.081230;5.208374;7.928796;7.390551;8.753541;3.679114;4.273693;7.053047;8.436887;5.880089;6.773696;7.149291;8.837909;8.143475;9.377885;7.073969;3.267442;7.484178;4.542099;8.042023;3.796235;7.414279;8.676750;7.489552;5.075538;5.986725;5.937535;9.252529;8.579898;7.023020;3.654061
0.740000;-4.324057;2.965152;3.490294;3.524058;2.982325;3.351548;1.819619;3.141386;4.113030;1.569930;5.326774;1.703284;3.268201;2.329333;3.615768;4.049140;2.621968;1.869836;2.939857;3.785796;5.342500;2.801221;3.812164;4.121874;1.663942;3.867241;3.456164;2.673148;3.497055;2.961156;4.814399;2.987974;4.504918;4.889813;4.790702;1.912267;2.967200;1.333212;3.557655;5.661566;4.921806;1.506862;5.124536;1.914384;5.010440;3.264045;4.031231;4.400906;5.594934;3.654434;2.752833;5.379156;2.705836;1.807788;3.109977;3.364663;3.829571;4.621281;1.860753;5.105688;1.350860;2.692045;1.685188;2.584079;4.128059;4.794214;3.451792;4.084809;3.188794;4.749832;5.119904;3.798409;4.272329;3.239546;2.105985;4.536232;2.145191;1.557760;1.575935;5.034508;1.853727;2.449889;4.163821;4.819489;1.497738;4.112720;2.758548;1.706633;4.385693;4.753332;4.880327;3.152730;4.750894;1.475836;3.608436;3.955892;1.619122;5.532331;6.024373;4.182815;3.855018;3.371860;3.011001;2.148358;2.541203;4.014721;3.433851;4.752904;3.883040;4.179375;2.646994;3.405236;2.613395;5.465321;3.603305;4.972797;6.183277;6.079970;9.303984;5.596714;4.554182;9.101528;5.187156;4.722880;4.884933;7.450037;6.488019;7.216863;7.045131;8.910666;8.853721;7.040580;5.359934;5.077030;8.924089;5.298676;4.518051;8.196759;7.098608;6.064385;6.054986;6.530516;7.225849;9.003963;7.273585;7.080866;5.207360;7.923071;7.387096;8.778202;3.679207;4.268966;7.050861;8.434281;5.877938;6.759834;7.147549;8.836689;8.131348;9.374166;7.070019;3.267442;7.484178;4.531780;8.041049;3.793346;7.407716;8.669371;7.483431;5.074326;5.976863;5.932677;9.245587;8.573111;7.022532;3.654061
0.740000;-5.698993;2.903841;3.495730;3.528702;2.986664;3.359331;1.819886;3.156098;4.115667;1.574755;5.330229;1.707349;3.274998;2.328871;3.628138;4.059088;2.601722;1.876701;2.943193;3.794383;5.347754;2.807538;3.814052;4.126445;1.670072;3.864365;3.461807;2.685009;3.503669;2.966003;4.814400;2.997344;4.508330;4.892667;4.792407;1.942841;2.973393;1.335977;3.566060;5.674001;4.927341;1.508667;5.127097;1.917583;5.019001;3.266696;4.032621;4.403760;5.602489;3.656741;2.758167;5.386799;2.708689;1.811223;3.116478;3.370743;3.828989;4.633289;1.865024;5.111753;1.360681;2.699961;1.691596;2.582700;4.132431;4.800455;3.455622;4.093011;3.191048;4.770378;5.125395;3.798409;4.283362;3.247534;2.110336;4.545133;2.150580;1.670971;1.577636;5.041760;1.858043;2.441957;4.165232;4.823054;1.499749;4.120782;2.762377;1.689386;4.397088;4.765671;4.886423;3.160286;4.752415;1.466158;3.610968;3.959718;1.622972;5.543877;6.035221;4.184387;3.863423;3.374816;3.016189;2.153880;2.545022;4.019423;3.440098;4.755864;3.884200;4.186739;2.646994;3.410399;2.618007;5.470940;3.614463;5.094627;6.187022;6.079879;9.307196;5.597240;4.556304;9.107908;5.194351;4.724861;4.883246;7.452512;6.496396;7.231184;7.136784;8.919897;8.862230;7.043681;5.359957;5.085802;8.934097;5.298678;4.280467;8.207899;7.111088;6.067341;6.072553;6.539126;7.247347;9.007620;7.273585;7.081551;5.209230;7.932819;7.393157;8.734802;3.678462;4.277103;7.054786;8.438931;5.881804;6.783569;7.150714;8.838930;8.151773;9.380660;7.076895;3.267442;7.486351;4.549039;8.042851;3.798464;7.418812;8.681798;7.493816;5.076556;5.993338;5.941031;9.257291;8.584558;7.023445;3.654061
0.740000;-4.558613;2.924223;3.496874;3.529653;2.987545;3.361074;1.819941;3.159671;4.116169;1.575752;5.330909;1.708167;3.276478;2.338331;3.640496;4.061391;2.338042;1.878199;2.943848;3.796327;5.348855;2.808901;3.814400;4.127381;1.671385;3.866341;3.462997;2.687827;3.505106;2.967003;4.814400;2.999498;4.509000;4.893218;4.792720;1.972434;2.974720;1.336507;3.567955;5.676985;4.928507;1.508999;5.127584;1.918206;5.020941;3.267202;4.032873;4.404308;5.604162;3.657175;2.759284;5.388498;2.709238;1.811899;3.117881;3.372043;3.835929;4.583658;1.865890;5.113049;1.349800;2.701730;1.692977;2.580164;4.133319;4.801795;3.456386;4.094856;3.191470;4.741664;5.126551;3.798409;4.285966;3.249321;2.111221;4.547159;2.151714;1.783630;1.577947;5.043362;1.858917;2.448300;4.165488;4.823763;1.500122;4.122590;2.763143;1.733627;4.311915;4.768615;4.887728;3.161960;4.752693;1.597932;3.611448;3.960480;1.623741;5.546609;6.037769;4.184673;3.865323;3.373244;3.017272;2.155041;2.545782;4.020389;3.441439;4.756434;3.884407;4.188363;2.646994;3.411484;2.618953;5.472127;3.617089;5.402383;6.187765;6.081224;9.307823;5.597333;4.556701;9.109278;5.195930;4.725231;4.881913;7.456873;6.489052;7.234647;7.046214;8.921992;8.864154;7.044283;5.359164;5.087792;8.936407;5.298676;4.214651;8.210073;7.100191;6.067911;6.076830;6.541077;7.252528;9.008347;7.273582;7.081672;5.209575;7.935060;7.394450;8.741649;3.687440;4.278930;7.055572;8.439883;5.882576;6.789203;7.151328;8.839351;8.156724;9.382060;7.078391;3.267441;7.487353;4.553245;8.043180;3.799526;7.421419;8.684761;7.496227;5.076972;5.997352;5.942912;9.260059;8.587266;7.023605;3.654061
0.740000;-5.212028;2.874947;3.496375;3.529201;2.987113;3.360507;1.821533;3.159632;4.115878;1.575289;5.330546;1.707755;3.275929;2.328242;3.617223;4.060870;2.349141;1.877647;2.943493;3.795767;5.348366;2.808363;3.814183;4.126932;1.670857;3.880523;3.462487;2.687433;3.504559;2.966537;4.814400;2.998956;4.508641;4.892906;4.792522;1.908289;2.974189;1.336203;3.567392;5.676642;4.928003;1.508790;5.127300;1.917865;5.020376;3.266909;4.032710;4.403997;5.603601;3.656915;2.758791;5.387934;2.708925;1.811536;3.117341;3.371515;3.826216;4.583634;1.865461;5.112522;1.393159;2.701165;1.692438;2.579468;4.132883;4.801261;3.455993;4.094291;3.191216;4.742752;5.126050;3.798409;4.285506;3.248756;2.110788;4.546602;2.151221;1.538743;1.577750;5.042804;1.858488;2.451703;4.165322;4.823386;1.499894;4.122028;2.762749;1.686704;4.323905;4.768266;4.887200;3.161397;4.752515;1.506333;3.611168;3.960087;1.623345;5.546186;6.037295;4.184489;3.864758;3.373696;3.016786;2.154539;2.545390;4.019932;3.440906;4.756114;3.884269;4.187802;2.646994;3.410997;2.618503;5.471621;3.616637;4.983335;6.187377;6.096529;9.307478;5.597269;4.556459;9.108738;5.195373;4.725004;4.882168;7.452975;6.489254;7.234550;7.079388;8.921451;8.863591;7.043950;5.359228;5.087232;8.935896;5.298677;4.230665;8.195771;7.098838;6.067591;6.077350;6.540516;7.254140;9.007967;7.273585;7.081588;5.209361;7.934538;7.393924;8.733829;3.682082;4.278365;7.055171;8.439425;5.882178;6.791568;7.150990;8.839098;8.158002;9.381516;7.077840;3.267442;7.485215;4.553697;8.042973;3.799047;7.420961;8.684415;7.495724;5.076722;5.997641;5.942347;9.259650;8.586836;7.023497;3.654060
0.740000;-6.236037;2.999997;3.499115;3.531524;2.989278;3.364522;1.819543;3.167533;4.117169;1.577711;5.332252;1.709776;3.279400;2.349821;3.682929;4.066081;2.621968;1.881161;2.945142;3.800220;5.351014;2.811587;3.815099;4.129220;1.673974;3.868844;3.465338;2.693720;3.507932;2.968970;4.814400;3.003841;4.510325;4.894306;4.793348;1.904255;2.977335;1.337559;3.571747;5.683253;4.930799;1.509666;5.128552;1.919440;5.024821;3.268208;4.033379;4.405397;5.607484;3.658040;2.761479;5.391870;2.710326;1.813232;3.120649;3.374602;3.828468;4.724065;1.867590;5.115600;1.362957;2.705250;1.695702;2.589299;4.135067;4.804437;3.457890;4.098526;3.192315;4.741398;5.128822;3.761527;4.291330;3.252880;2.112959;4.551229;2.153937;1.555281;1.578573;5.046527;1.860640;2.441519;4.166003;4.825151;1.500871;4.126190;2.764645;1.712493;4.371737;4.774824;4.890294;3.165283;4.753251;1.524381;3.612403;3.961985;1.625254;5.552301;6.043014;4.185248;3.869113;3.372844;3.019397;2.157327;2.547284;4.022286;3.444082;4.757567;3.884826;4.191582;2.646994;3.413597;2.620811;5.474462;3.622529;5.041774;6.189232;6.081875;9.309058;5.597519;4.557493;9.111989;5.199063;4.725965;4.900321;7.460525;6.485751;7.242226;7.057578;8.926256;8.868000;7.045475;5.358371;5.091787;8.941134;5.298676;4.339475;8.214315;7.098536;6.069042;6.086848;6.544983;7.265775;9.009776;7.273574;7.081915;5.210268;7.939634;7.396997;8.759401;3.679434;4.282570;7.057117;8.441753;5.884095;6.804358;7.152545;8.840189;8.169070;9.384826;7.081356;3.267442;7.486468;4.563023;8.043844;3.801621;7.426812;8.691022;7.501181;5.077807;6.006526;5.946673;9.265848;8.592893;7.023933;3.654061
0.740000;-3.512136;3.215780;3.497308;3.529975;2.987826;3.361964;1.819248;3.162852;4.116279;1.576099;5.331092;1.708415;3.277160;2.342800;3.614750;4.062844;2.586576;1.878894;2.944018;3.797409;5.349266;2.809492;3.814459;4.127693;1.671939;3.868495;3.463467;2.689894;3.505747;2.967353;4.814400;3.000788;4.509178;4.893343;4.792769;1.903981;2.975285;1.336627;3.568991;5.679257;4.928961;1.509053;5.127687;1.918364;5.022019;3.267313;4.032907;4.404435;5.605002;3.657259;2.759706;5.389357;2.709365;1.812078;3.118506;3.372588;3.826509;4.580432;1.866163;5.113592;1.353349;2.702650;1.693581;2.579516;4.133606;4.802372;3.456609;4.095840;3.191551;4.741791;5.126997;3.798409;4.287751;3.250258;2.111505;4.548321;2.152146;1.727964;1.577996;5.044137;1.859196;2.470391;4.165523;4.823954;1.500190;4.123545;2.763367;1.689306;4.320351;4.770853;4.888274;3.162797;4.752734;1.468829;3.611549;3.960702;1.623963;5.548570;6.039498;4.184715;3.866360;3.388161;3.017671;2.155493;2.546004;4.020717;3.442013;4.756569;3.884433;4.189162;2.646994;3.411876;2.619272;5.472594;3.618913;5.219456;6.187977;6.081875;9.307979;5.597339;4.556773;9.109876;5.196691;4.725295;4.891173;7.455047;6.483503;7.237657;7.046082;8.923240;8.865216;7.044432;5.358582;5.088919;8.937877;5.298676;4.212831;8.194783;7.099508;6.068047;6.081338;6.542164;7.259211;9.008550;7.273593;7.081682;5.209633;7.936456;7.394988;8.733304;3.699464;4.279900;7.055804;8.440199;5.882802;6.797259;7.151483;8.839430;8.162779;9.382678;7.079089;3.267442;7.484937;4.557599;8.043236;3.799916;7.423220;8.687018;7.497806;5.077052;6.001322;5.943935;9.262069;8.589190;7.023623;3.654061
0.740000;-4.792925;2.894734;3.495138;3.528161;2.986147;3.358649;1.819281;3.155438;4.115309;1.574204;5.329787;1.706854;3.274344;2.336776;3.617792;4.058366;2.532147;1.876043;2.942765;3.793675;5.347177;2.806907;3.813780;4.125911;1.669448;3.873606;3.461204;2.684296;3.503021;2.965449;4.814400;2.996630;4.507892;4.892287;4.792159;1.904626;2.972761;1.335605;3.565354;5.673309;4.926745;1.508405;5.126747;1.917166;5.018297;3.266337;4.032414;4.403378;5.601806;3.656419;2.757581;5.386114;2.708307;1.810783;3.115832;3.370116;3.828998;4.710617;1.864513;5.111126;1.352024;2.699267;1.690954;2.579489;4.131911;4.799825;3.455148;4.092313;3.190732;4.744765;5.124800;3.697327;4.282648;3.246838;2.109820;4.544419;2.149998;1.530968;1.577387;5.041091;1.857528;2.468680;4.165022;4.822603;1.499463;4.120090;2.761906;1.717025;4.312063;4.764962;4.885795;3.159602;4.752191;1.465380;3.610619;3.959243;1.622495;5.543169;6.034501;4.184155;3.862724;3.391898;3.015612;2.153285;2.544548;4.018878;3.439466;4.755471;3.884024;4.186061;2.646994;3.409831;2.617471;5.470339;3.613739;5.452938;6.186553;6.081946;9.306778;5.597157;4.556005;9.107263;5.193675;4.724580;4.882148;7.458084;6.518107;7.230503;7.060446;8.919166;8.861524;7.043274;5.358654;5.085087;8.933370;5.298678;4.216364;8.249605;7.099450;6.066948;6.071948;6.538419;7.246831;9.007156;7.273578;7.081444;5.208961;7.932091;7.392526;8.733341;3.679053;4.276404;7.054302;8.438386;5.881326;6.783067;7.150298;8.838616;8.151240;9.380008;7.076226;3.267441;7.484223;4.548421;8.042587;3.797890;7.418080;8.681082;7.493083;5.076241;5.992703;5.940325;9.256569;8.583840;7.023304;3.654061
0.740000;-4.554832;2.922369;3.486670;3.521020;2.979509;3.346038;1.823745;3.129154;4.111391;1.566754;5.324580;1.700662;3.263517;2.332346;3.728638;4.041733;2.482519;1.865094;2.937742;3.779609;5.339005;2.796910;3.811011;4.118888;1.659776;3.866444;3.452385;2.663904;3.492510;2.957966;4.814400;2.981091;4.502755;4.888028;4.789665;1.963529;2.962991;1.331486;3.551626;5.651744;4.918106;1.505762;5.122945;1.912365;5.004269;3.262394;4.030392;4.399120;5.589629;3.653009;2.749284;5.373770;2.704051;1.805606;3.105527;3.360542;3.846801;4.578262;1.857986;5.101577;1.354030;2.686432;1.680810;2.583941;4.125217;4.789971;3.449335;4.078960;3.187406;4.761904;5.116235;3.671829;4.263892;3.233870;2.103157;4.529768;2.141600;1.651811;1.574901;5.029445;1.850929;2.534900;4.162968;4.817216;1.496505;4.106987;2.756096;1.728155;4.339725;4.743610;4.876194;3.147421;4.749972;1.932414;3.606865;3.953440;1.616650;5.523403;6.016116;4.181863;3.848990;3.376080;3.007560;2.144666;2.538755;4.011642;3.429602;4.751047;3.882344;4.174227;2.646994;3.401801;2.610379;5.461554;3.594749;4.989478;6.180883;6.080485;9.301957;5.596403;4.552878;9.097173;5.182146;4.721667;4.887441;7.496956;6.554044;7.205070;7.046208;8.903916;8.847596;7.038630;5.358996;5.070683;8.916616;5.298676;4.439901;8.198627;7.103158;6.062532;6.039461;6.524307;7.205319;9.001628;7.273585;7.080461;5.206218;7.915850;7.382991;8.746984;3.678573;4.263166;7.048343;8.431238;5.875459;6.736259;7.145555;8.835308;8.112226;9.369724;7.065268;3.267442;7.510734;4.516611;8.039950;3.789961;7.399231;8.659560;7.475626;5.072953;5.962625;5.926692;9.236505;8.564275;7.021988;3.654060
0.740000;-5.688729;2.903923;3.487426;3.521637;2.980073;3.347282;1.820130;3.132417;4.111698;1.567405;5.325004;1.701182;3.264541;2.330275;3.615698;4.043510;2.337754;1.866133;2.938148;3.781039;5.339733;2.797833;3.811219;4.119491;1.660669;3.867170;3.453183;2.666230;3.493501;2.958619;4.814399;2.982718;4.503176;4.888366;4.789850;1.923586;2.963895;1.331811;3.553011;5.654247;4.918880;1.505959;5.123240;1.912752;5.005696;3.262704;4.030540;4.399457;5.590820;3.653271;2.750022;5.374980;2.704389;1.806028;3.106491;3.361423;3.945062;4.655197;1.858539;5.102454;1.355315;2.687706;1.681755;2.601005;4.125787;4.790879;3.449819;4.080299;3.187661;4.741485;5.117004;3.798409;4.265971;3.235160;2.103723;4.531275;2.142351;1.639007;1.575086;5.030571;1.851489;2.445930;4.163118;4.817656;1.496728;4.108297;2.756577;1.741208;4.316980;4.746079;4.877078;3.148612;4.750136;1.525779;3.607156;3.953922;1.617136;5.525634;6.018144;4.182033;3.850377;3.371912;3.008270;2.145440;2.539236;4.012269;3.430516;4.751399;3.882465;4.175371;2.646994;3.402512;2.610991;5.462346;3.596865;5.063733;6.181352;6.083774;9.302351;5.596457;4.553115;9.098109;5.183256;4.721886;4.894526;7.456817;6.487416;7.208188;7.069265;8.905508;8.849007;7.039001;5.361650;5.072157;8.918409;5.298677;4.260880;8.203768;7.100168;6.062883;6.043804;6.525743;7.211370;9.002086;7.273589;7.080529;5.206421;7.917572;7.383868;8.741530;3.701503;4.264489;7.048838;8.431856;5.875948;6.743365;7.145933;8.835562;8.117785;9.370687;7.066305;3.267440;7.504033;4.520823;8.040147;3.790659;7.401321;8.662052;7.477519;5.073203;5.966534;5.928065;9.238778;8.566473;7.022083;3.654061
0.740000;-4.542335;2.924451;3.488308;3.522430;2.980827;3.348345;1.827873;3.133219;4.112199;1.568217;5.325637;1.701899;3.265542;2.340376;3.624542;4.044621;2.621968;1.867138;2.938762;3.782131;5.340593;2.798802;3.811593;4.120275;1.661616;3.864799;3.454082;2.667283;3.494490;2.959434;4.814400;2.983825;4.503801;4.888904;4.790191;1.905355;2.964848;1.332333;3.554099;5.655272;4.919773;1.506318;5.123731;1.913345;5.006788;3.263207;4.030821;4.399993;5.591868;3.653719;2.750893;5.376036;2.704926;1.806656;3.107471;3.362366;3.826983;4.671159;1.859284;5.103397;1.352977;2.688772;1.682727;2.579494;4.126545;4.791842;3.450505;4.081378;3.188100;4.768487;5.117890;3.798409;4.267063;3.236232;2.104479;4.532377;2.143227;1.536487;1.575425;5.031605;1.852239;2.445204;4.163404;4.818305;1.497125;4.109368;2.757263;1.690696;4.312935;4.747106;4.878022;3.149662;4.750442;1.475836;3.607640;3.954606;1.617823;5.526699;6.019239;4.182348;3.851463;3.385191;3.009125;2.146331;2.539919;4.013068;3.431475;4.751955;3.882702;4.176414;2.646994;3.403368;2.611780;5.463246;3.597953;4.960935;6.182026;6.085211;9.302942;5.596567;4.553530;9.099079;5.184286;4.722277;4.882957;7.460410;6.493136;7.209042;7.045164;8.906610;8.850102;7.039578;5.358750;5.073256;8.919518;5.298677;4.327341;8.228816;7.109496;6.063437;6.044153;6.526838;7.210797;9.002743;7.273589;7.080672;5.206794;7.918684;7.384807;8.733562;3.683154;4.265566;7.049537;8.432645;5.876634;6.742151;7.146523;8.835997;8.117501;9.371666;7.067318;3.267442;7.520103;4.521236;8.040506;3.791505;7.402411;8.663069;7.478626;5.073637;5.967087;5.929153;9.239841;8.567549;7.022271;3.654061
0.740000;-4.361110;2.956308;3.486950;3.521253;2.979721;3.346484;1.819231;3.130205;4.111509;1.566998;5.324743;1.700859;3.263888;2.369381;3.683169;4.042347;2.493784;1.865473;2.937896;3.780114;5.339277;2.797246;3.811091;4.119115;1.660103;3.899392;3.452679;2.664685;3.492871;2.958212;4.814400;2.981657;4.502917;4.888157;4.789737;1.909217;2.963324;1.331610;3.552116;5.652574;4.918393;1.505839;5.123058;1.912513;5.004773;3.262514;4.030449;4.399249;5.590057;3.653111;2.749558;5.374205;2.704181;1.805767;3.105879;3.360867;3.925751;4.582500;1.858194;5.101901;1.355375;2.686885;1.681155;2.579435;4.125432;4.790307;3.449520;4.079434;3.187505;4.747530;5.116520;3.798409;4.264595;3.234332;2.103370;4.530298;2.141876;1.534769;1.574972;5.029854;1.851139;2.460109;4.163026;4.817383;1.496591;4.107451;2.756281;1.698874;4.332957;4.744432;4.876518;3.147850;4.750035;1.529287;3.606976;3.953623;1.616834;5.524152;6.016807;4.181926;3.849480;3.398586;3.007823;2.144954;2.538937;4.011877;3.429937;4.751182;3.882392;4.174636;2.646994;3.402072;2.610610;5.461846;3.595470;5.017881;6.181060;6.080655;9.302110;5.596424;4.552969;9.097516;5.182547;4.721751;4.885812;7.481963;6.492831;7.206078;7.082894;8.904472;8.848101;7.038772;5.358381;5.071206;8.917238;5.298676;4.248648;8.194584;7.212255;6.062664;6.040815;6.524816;7.207154;9.001805;7.273585;7.080487;5.206296;7.916450;7.383315;8.735223;3.684094;4.263638;7.048531;8.431468;5.875645;6.738399;7.145700;8.835405;8.113921;9.370076;7.065648;3.267441;7.504660;4.517932;8.040027;3.790219;7.399938;8.660391;7.476278;5.073050;5.963861;5.927178;9.237275;8.565017;7.022025;3.654061
0.740000;-4.838239;2.889441;3.487056;3.521371;2.979842;3.346505;1.820441;3.129625;4.111618;1.567111;5.324864;1.700981;3.263950;2.329220;3.639701;4.042230;2.621968;1.865535;2.938017;3.780087;5.339384;2.797331;3.811181;4.119236;1.660190;3.882134;3.452777;2.664405;3.492940;2.958327;4.814400;2.981582;4.503037;4.888272;4.789820;1.904832;2.963409;1.331722;3.552101;5.652242;4.918498;1.505926;5.123168;1.912632;5.004747;3.262622;4.030522;4.399362;5.590090;3.653213;2.749667;5.374231;2.704295;1.805888;3.105956;3.360956;3.950130;4.764986;1.858317;5.101990;1.359134;2.686899;1.681234;2.584115;4.125553;4.790388;3.449641;4.079434;3.187606;4.753936;5.116625;3.798409;4.264392;3.234339;2.103492;4.530253;2.141986;1.552802;1.575057;5.029897;1.851260;2.448174;4.163100;4.817505;1.496686;4.107455;2.756401;1.706527;4.329020;4.744106;4.876606;3.147879;4.750114;1.475836;3.607084;3.953746;1.616958;5.523907;6.016619;4.182007;3.849467;3.375552;3.007936;2.145058;2.539060;4.011996;3.430021;4.751298;3.882454;4.174679;2.646994;3.402182;2.610729;5.461947;3.595252;5.017797;6.181182;6.093899;9.302227;5.596456;4.553066;9.097597;5.182595;4.721846;4.882069;7.510199;6.505177;7.205549;7.059036;8.904407;8.848077;7.038890;5.365339;5.071164;8.917123;5.298676;4.356450;8.199266;7.129047;6.062782;6.039865;6.524789;7.205579;9.001925;7.273578;7.080527;5.206388;7.916344;7.383404;8.735023;3.678743;4.263638;7.048655;8.431589;5.875766;6.736405;7.145820;8.835505;8.112535;9.370152;7.065710;3.267442;7.484959;4.517020;8.040114;3.790331;7.399730;8.660048;7.476126;5.073151;5.963057;5.927167;9.237007;8.564775;7.022076;3.654060
0.740000;-6.105216;2.971108;3.492793;3.526121;2.984226;3.355495;1.837948;3.150959;4.114101;1.572096;5.328230;1.705044;3.271506;2.333404;3.783346;4.054624;2.621968;1.873188;2.941256;3.790289;5.344897;2.804235;3.812904;4.123897;1.666845;3.868734;3.458780;2.680159;3.500249;2.963328;4.814400;2.993028;4.506355;4.890985;4.791364;1.917498;2.970139;1.334342;3.562020;5.669066;4.924362;1.507567;5.125572;1.915717;5.014915;3.265122;4.031764;4.402076;5.598727;3.655356;2.755275;5.383008;2.707006;1.809234;3.113101;3.367535;3.868280;4.662076;1.862620;5.108551;1.377237;2.696077;1.688257;2.599253;4.129978;4.797182;3.453434;4.089039;3.189694;4.743092;5.122435;3.798409;4.278661;3.243627;2.107893;4.540946;2.147666;1.529748;1.576596;5.038105;1.855617;2.499908;4.164362;4.820998;1.498532;4.116855;2.760194;1.687976;4.314910;4.760747;4.883208;3.156524;4.751481;1.475685;3.609459;3.957531;1.620771;5.539079;6.030557;4.183422;3.859390;3.394390;3.013361;2.150904;2.542838;4.016816;3.436825;4.754124;3.883479;4.183041;2.646994;3.407584;2.615442;5.467925;3.609733;4.962200;6.184873;6.080248;9.305323;5.596909;4.555022;9.104578;5.190716;4.723663;4.886545;7.451892;6.522698;7.226056;7.052374;8.915616;8.858159;7.041866;5.359223;5.081653;8.929610;5.298676;4.255710;8.197341;7.109262;6.065603;6.067430;6.535025;7.242751;9.005517;7.273593;7.081120;5.208093;7.928403;7.389953;8.739465;3.693699;4.273149;7.052550;8.436345;5.879600;6.779485;7.148864;8.837583;8.146987;9.377285;7.073373;3.267442;7.492447;4.543901;8.041751;3.795668;7.414093;8.676859;7.489243;5.075214;5.988171;5.937006;9.252462;8.579776;7.022873;3.654062
0.740000;-3.922302;3.068600;3.492900;3.526274;2.984393;3.355320;1.819421;3.148686;4.114275;1.572235;5.328413;1.705219;3.271483;2.331852;3.635577;4.054004;2.621968;1.873149;2.941436;3.789972;5.345017;2.804262;3.813051;4.124055;1.666888;3.867175;3.458870;2.678989;3.500247;2.963471;4.814399;2.992548;4.506537;4.891163;4.791504;1.903967;2.970180;1.334519;3.561738;5.667706;4.924460;1.507710;5.125744;1.915899;5.014602;3.265297;4.031883;4.402253;5.598593;3.655521;2.755387;5.382858;2.707186;1.809416;3.113111;3.367586;3.971601;4.579639;1.862788;5.108603;1.356080;2.695882;1.688274;2.604163;4.130141;4.797220;3.453611;4.088793;3.189856;4.774636;5.122536;3.798409;4.277748;3.243422;2.108059;4.540566;2.147779;1.575602;1.576733;5.038014;1.855783;2.442847;4.164482;4.821181;1.498685;4.116633;2.760371;1.694484;4.311573;4.759416;4.883257;3.156389;4.751608;1.648556;3.609630;3.957711;1.620951;5.538014;6.029698;4.183553;3.859107;3.396794;3.013483;2.151005;2.543017;4.016966;3.436857;4.754303;3.883583;4.182936;2.646994;3.407709;2.615597;5.468015;3.608784;4.976245;6.185055;6.085534;9.305507;5.596960;4.555181;9.104596;5.190633;4.723813;4.885078;7.457937;6.490909;7.223964;7.048831;8.915161;8.857854;7.042048;5.359345;5.081301;8.928977;5.298676;4.247987;8.194822;7.136715;6.065784;6.063735;6.534702;7.236569;9.005701;7.273589;7.081186;5.208239;7.927835;7.390009;8.754725;3.680337;4.272916;7.052729;8.436499;5.879776;6.771630;7.149048;8.837744;8.141539;9.377293;7.073332;3.267442;7.490048;4.540370;8.041895;3.795795;7.413163;8.675500;7.488513;5.075374;5.985061;5.936733;9.251346;8.578740;7.022959;3.654060
0.740000;-5.452215;2.882194;3.498289;3.530871;2.988685;3.363055;1.821442;3.163191;4.116873;1.577016;5.331825;1.709238;3.278229;2.343300;3.652689;4.063878;2.621968;1.879967;2.944734;3.798499;5.350228;2.810537;3.814908;4.128582;1.672972;3.870854;3.464466;2.690736;3.506808;2.968272;4.814400;3.001849;4.509904;4.893978;4.793179;1.905344;2.976320;1.337244;3.570084;5.680014;4.929947;1.509484;5.128269;1.919057;5.023107;3.267910;4.033247;4.405068;5.606094;3.657793;2.760675;5.390450;2.709997;1.812808;3.119557;3.373617;3.861271;4.626085;1.867013;5.114620;1.350602;2.703745;1.694632;2.587455;4.134470;4.803414;3.457398;4.096936;3.192074;4.754729;5.127980;3.798409;4.288689;3.251353;2.112366;4.549403;2.153120;1.570412;1.578405;5.045224;1.860053;2.441709;4.165869;4.824705;1.500662;4.124637;2.764155;1.708462;4.311194;4.771628;4.889306;3.163890;4.753102;1.468428;3.612124;3.961492;1.624758;5.549449;6.040455;4.185097;3.867454;3.378267;3.018625;2.156478;2.546793;4.021619;3.443054;4.757223;3.884720;4.190250;2.646994;3.412832;2.620163;5.473590;3.619844;5.105227;6.188754;6.079871;9.308671;5.597474;4.557270;9.110928;5.197773;4.725762;4.882161;7.508537;6.484090;7.238086;7.048223;8.924313;8.866306;7.045108;5.358741;5.090003;8.938906;5.298677;4.243958;8.204309;7.124846;6.068696;6.080942;6.543252;7.257442;9.009312;7.273585;7.081856;5.210077;7.937505;7.396018;8.754403;3.684728;4.280996;7.056604;8.441097;5.883598;6.794561;7.152169;8.839950;8.161416;9.383733;7.080158;3.267441;7.487092;4.557287;8.043665;3.800863;7.424158;8.687790;7.498806;5.077568;6.001235;5.945029;9.262935;8.590084;7.023854;3.654061
0.740000;-3.593180;3.178615;3.487012;3.521240;2.979687;3.346905;1.820078;3.132844;4.111411;1.567001;5.324662;1.700809;3.264132;2.331217;3.621677;4.043275;2.334112;1.865724;2.937812;3.780700;5.339318;2.797420;3.810998;4.119097;1.660253;3.864558;3.452766;2.666208;3.493087;2.958214;4.814400;2.982434;4.502834;4.888063;4.789648;1.902797;2.963476;1.331515;3.552662;5.654309;4.918466;1.505747;5.122962;1.912426;5.005356;3.262416;4.030370;4.399154;5.590432;3.653013;2.749609;5.374596;2.704086;1.805687;3.106077;3.361004;3.828985;4.597133;1.858156;5.102037;1.349307;2.687332;1.681339;2.583849;4.125400;4.790469;3.449454;4.079938;3.187408;4.742062;5.116588;3.777760;4.265853;3.234789;2.103337;4.530956;2.141936;1.713023;1.574885;5.030171;1.851104;2.447115;4.162947;4.817308;1.496495;4.107926;2.756219;1.698631;4.352006;4.746123;4.876658;3.148223;4.749951;1.566108;3.606878;3.953559;1.616771;5.525570;6.018001;4.181842;3.850029;3.371886;3.007862;2.145025;2.538873;4.011869;3.430099;4.751090;3.882321;4.174980;2.646994;3.402103;2.610595;5.461929;3.596756;4.962489;6.180995;6.079971;9.302022;5.596386;4.552873;9.097692;5.182855;4.721658;4.891585;7.450815;6.489990;7.208547;7.045776;8.905207;8.848664;7.038681;5.364187;5.071828;8.918180;5.298679;4.222806;8.204373;7.100423;6.062572;6.044801;6.525406;7.213302;9.001730;7.273593;7.080439;5.206205;7.917319;7.383448;8.735118;3.681481;4.264124;7.048471;8.431457;5.875583;6.745862;7.145612;8.835310;8.119448;9.370269;7.065899;3.267442;7.497651;4.521766;8.039935;3.790249;7.401207;8.662107;7.477327;5.072952;5.967304;5.927713;9.238738;8.566400;7.021966;3.654061
0.740000;-5.405050;2.879581;3.499311;3.531689;2.989430;3.364799;1.838212;3.167890;4.117257;1.577881;5.332369;1.709918;3.279646;2.360386;3.616711;4.066409;2.358101;1.881406;2.945254;3.800517;5.351202;2.811812;3.815159;4.129382;1.674196;3.950668;3.465543;2.694075;3.508171;2.969141;4.814400;3.004158;4.510444;4.894403;4.793402;1.909897;2.977556;1.337651;3.572038;5.683624;4.930994;1.509723;5.128638;1.919549;5.025117;3.268295;4.033423;4.405494;5.607757;3.658116;2.761669;5.392140;2.710421;1.813350;3.120887;3.374820;3.829266;4.582632;1.867741;5.115819;1.351477;2.705526;1.695931;2.595128;4.135220;4.804659;3.458024;4.098817;3.192388;4.743745;5.129017;3.798409;4.291673;3.253160;2.113112;4.551535;2.154129;1.542954;1.578628;5.046789;1.860791;2.443648;4.166048;4.825274;1.500936;4.126475;2.764780;1.686303;4.340835;4.775182;4.890513;3.165550;4.753298;1.466243;3.612488;3.962118;1.625389;5.552652;6.043360;4.185297;3.869406;3.374469;3.019583;2.157525;2.547417;4.022453;3.444305;4.757667;3.884863;4.191844;2.646994;3.413783;2.620974;5.474662;3.622875;5.063893;6.189361;6.079899;9.309167;5.597534;4.557560;9.112217;5.199317;4.726031;4.885417;7.452651;6.491400;7.242581;7.045516;8.926568;8.868296;7.045580;5.359252;5.092089;8.941463;5.298677;4.272724;8.203109;7.103294;6.069142;6.087156;6.545280;7.265964;9.009901;7.273589;7.081936;5.210329;7.939956;7.397214;8.734120;3.678286;4.282856;7.057252;8.441916;5.884230;6.804463;7.152655;8.840262;8.169291;9.385056;7.081598;3.267441;7.513549;4.563339;8.043903;3.801800;7.427160;8.691373;7.501507;5.077880;6.006854;5.946964;9.266202;8.593241;7.023962;3.654062
0.900000;-6.349262;3.027714;3.499655;3.531920;2.989624;3.365604;1.819265;3.171030;4.117300;1.578137;5.332475;1.710082;3.280232;2.331961;3.623397;4.067794;2.621968;1.882001;2.945348;3.801518;5.351516;2.812304;3.815168;4.129601;1.674655;3.912665;3.465916;2.696094;3.508723;2.969400;4.814399;3.005375;4.510539;4.894459;4.793405;1.913390;2.978028;1.337703;3.572993;5.685847;4.931356;1.509728;5.128677;1.919632;5.026116;3.268339;4.033417;4.405551;5.608501;3.658142;2.761998;5.392909;2.710478;1.813452;3.121412;3.375272;3.888591;4.784649;1.867927;5.116268;1.355204;2.706362;1.696441;2.611128;4.135419;4.805148;3.458165;4.099718;3.192411;4.746428;5.129371;3.798409;4.293406;3.254011;2.113309;4.552621;2.154467;1.549256;1.578630;5.047469;1.860982;2.441766;4.166042;4.825389;1.500946;4.127343;2.764918;1.688343;4.328495;4.777378;4.890966;3.166301;4.753297;1.467023;3.612525;3.962256;1.625528;5.554559;6.045030;4.185297;3.870361;3.384168;3.019890;2.157882;2.547554;4.022691;3.444784;4.757731;3.884853;4.192554;2.646994;3.414085;2.621203;5.475033;3.624649;5.101686;6.189490;6.100665;9.309249;5.597526;4.557579;9.112721;5.199988;4.726041;4.883915;7.459538;6.514079;7.245553;7.075071;8.927744;8.869282;7.045655;5.383207;5.093139;8.942873;5.298678;4.221269;8.243605;7.100455;6.069206;6.091597;6.546288;7.272390;9.010022;7.273589;7.081926;5.210336;7.941288;7.397663;8.750079;3.681457;4.283744;7.057405;8.442150;5.884373;6.812090;7.152733;8.840285;8.175163;9.385586;7.082203;3.267442;7.484176;4.567637;8.043908;3.802099;7.428912;8.693608;7.503030;5.077901;6.010787;5.947905;9.268165;8.595116;7.023951;3.654061
0.900000;-4.937225;2.882813;3.491884;3.525454;2.983640;3.353631;1.820283;3.143965;4.113869;1.571370;5.327850;1.704527;3.270097;2.332197;3.616639;4.051542;2.621968;1.871748;2.940897;3.788013;5.344045;2.803014;3.812774;4.123250;1.665694;3.913189;3.457804;2.675708;3.498910;2.962602;4.814399;2.990304;4.505980;4.890716;4.791255;1.902496;2.968965;1.334089;3.559844;5.664155;4.923421;1.507447;5.125351;1.915386;5.012651;3.264887;4.031686;4.401808;5.596974;3.655173;2.754400;5.381214;2.706738;1.808856;3.111813;3.366403;3.834923;4.588599;1.862052;5.107425;1.358732;2.694153;1.687000;2.633280;4.129383;4.795994;3.452972;4.086967;3.189518;4.741451;5.121509;3.760426;4.274835;3.241665;2.107303;4.538495;2.146773;1.556780;1.576487;5.036491;1.855036;2.505618;4.164282;4.820595;1.498387;4.114852;2.759728;1.703800;4.425767;4.755915;4.882071;3.154773;4.751390;1.685741;3.609241;3.957071;1.620305;5.534876;6.026863;4.183327;3.857207;3.387140;3.012532;2.149969;2.542379;4.016130;3.435629;4.753837;3.883422;4.181384;2.646994;3.406760;2.614782;5.466956;3.605819;4.961039;6.184431;6.081376;9.304995;5.596889;4.554865;9.103333;5.189130;4.723521;4.889640;7.464771;6.489682;7.219456;7.055341;8.912972;8.855925;7.041555;5.362521;5.079275;8.926489;5.298677;4.210001;8.250380;7.104657;6.065318;6.057297;6.532736;7.227365;9.005095;7.273589;7.081093;5.207965;7.925449;7.388831;8.750598;3.678731;4.271111;7.052067;8.435670;5.879128;6.760686;7.148539;8.837408;8.133129;9.375998;7.071929;3.267442;7.484833;4.534129;8.041631;3.794860;7.410226;8.671956;7.485878;5.075041;5.979305;5.934854;9.248140;8.575645;7.022835;3.654061
0.900000;-3.645604;3.160060;3.490639;3.524359;2.982608;3.351995;1.822193;3.142008;4.113212;1.570241;5.327006;1.703551;3.268612;2.329487;3.832884;4.049670;2.621968;1.870249;2.940079;3.786280;5.342831;2.801608;3.812296;4.122170;1.664318;3.874301;3.456521;2.673727;3.497458;2.961466;4.814399;2.988486;4.505150;4.890009;4.790823;1.964966;2.967582;1.333401;3.558132;5.662162;4.922155;1.506988;5.124712;1.914601;5.010922;3.264227;4.031331;4.401101;5.595381;3.654594;2.753171;5.379602;2.706032;1.808018;3.110376;3.365039;3.835495;4.583685;1.861033;5.106062;1.349330;2.692505;1.685580;2.579383;4.128344;4.794598;3.452045;4.085282;3.188951;4.755616;5.120250;3.798409;4.272889;3.240007;2.106267;4.536726;2.145536;1.596374;1.576055;5.034934;1.854010;2.506916;4.163921;4.819727;1.497878;4.113189;2.758803;1.750872;4.314986;4.753922;4.880702;3.153174;4.751001;1.660945;3.608609;3.956146;1.619375;5.532908;6.024928;4.182925;3.855499;3.384023;3.011329;2.148706;2.541456;4.015026;3.434235;4.753105;3.883122;4.179813;2.646994;3.405563;2.613694;5.465673;3.603870;5.107299;6.183524;6.100222;9.304206;5.596753;4.554330;9.101915;5.187585;4.723016;4.897005;7.461792;6.493967;7.217483;7.045198;8.911169;8.854201;7.040791;5.358718;5.077520;8.924613;5.298678;4.210408;8.195909;7.098355;6.064587;6.055612;6.531001;7.226429;9.004206;7.273589;7.080915;5.207490;7.923596;7.387470;8.756861;3.678295;4.269433;7.051121;8.434580;5.878196;6.760357;7.147765;8.836844;8.131941;9.374563;7.070432;3.267441;7.488636;4.532400;8.041176;3.793671;7.408280;8.669963;7.483978;5.074481;5.977485;5.933152;9.246164;8.573681;7.022598;3.654061
0.900000;-5.590264;2.892706;3.493788;3.526984;2.985039;3.356818;1.820581;3.152550;4.114610;1.572985;5.328889;1.705810;3.272707;2.328283;3.618615;4.056158;2.577050;1.874390;2.941892;3.791698;5.345862;2.805365;3.813273;4.124749;1.667943;3.865175;3.459802;2.681793;3.501418;2.964225;4.814399;2.994514;4.507005;4.891535;4.791700;1.906420;2.971246;1.334875;3.563410;5.670718;4.925369;1.507921;5.126069;1.916330;5.016321;3.265635;4.032036;4.402625;5.600019;3.655805;2.756251;5.384310;2.707555;1.809889;3.114253;3.368626;3.873613;4.621219;1.863421;5.109638;1.352416;2.697414;1.689395;2.579347;4.130796;4.798300;3.454159;4.090405;3.190132;4.743505;5.123435;3.706577;4.280266;3.244971;2.108706;4.542387;2.148653;1.529887;1.576929;5.039364;1.856426;2.441804;4.164640;4.821676;1.498923;4.118207;2.760918;1.687560;4.311088;4.762391;4.884301;3.157815;4.751780;1.488528;3.609947;3.958254;1.621500;5.540705;6.032148;4.183730;3.860775;3.372056;3.014314;2.151912;2.543561;4.017689;3.437938;4.754693;3.883708;4.184311;2.646994;3.408532;2.616299;5.468944;3.611339;4.961095;6.185584;6.079860;9.305939;5.597013;4.555436;9.105711;5.191959;4.724047;4.882597;7.467449;6.495220;7.227669;7.045222;8.917085;8.859560;7.042462;5.366997;5.083079;8.931137;5.298677;4.225813;8.194568;7.107325;6.066171;6.068715;6.536436;7.243126;9.006216;7.273589;7.081254;5.208459;7.929915;7.391039;8.734387;3.688946;4.274509;7.053291;8.437205;5.880328;6.779053;7.149472;8.838017;8.147665;9.378437;7.074575;3.267441;7.503915;4.545227;8.042103;3.796608;7.415692;8.678499;7.490803;5.075648;5.989599;5.938388;9.254086;8.581396;7.023055;3.654061
0.900000;-5.353593;2.877551;3.494775;3.527828;2.985827;3.358243;1.838037;3.155370;4.115086;1.573862;5.329514;1.706548;3.273943;2.331484;3.615111;4.057998;2.580918;1.875644;2.942496;3.793279;5.346817;2.806516;3.813612;4.125580;1.669059;4.064967;3.460830;2.684011;3.502624;2.965107;4.814400;2.996243;4.507622;4.892050;4.792006;1.908411;2.972375;1.335374;3.564955;5.673048;4.926377;1.508244;5.126530;1.916908;5.017896;3.266113;4.032287;4.403141;5.601405;3.656220;2.757222;5.385711;2.708071;1.810511;3.115439;3.369734;3.852626;4.581165;1.864196;5.110746;1.381832;2.698865;1.690564;2.600716;4.131589;4.799436;3.454852;4.091910;3.190536;4.741837;5.124435;3.798409;4.282318;3.246435;2.109498;4.544026;2.149632;1.542900;1.577235;5.040689;1.857209;2.465093;4.164894;4.822321;1.499286;4.119685;2.761609;1.694162;4.347616;4.764708;4.885413;3.159199;4.752053;1.475836;3.610404;3.958948;1.622198;5.542860;6.034165;4.184013;3.862321;3.375984;3.015258;2.152913;2.544253;4.018542;3.439077;4.755227;3.883917;4.185661;2.646994;3.409473;2.617138;5.469968;3.613420;5.014370;6.186265;6.098650;9.306519;5.597107;4.555820;9.106877;5.193277;4.724405;4.881906;7.482776;6.494378;7.230403;7.045132;8.918784;8.861123;7.043023;5.358783;5.084693;8.933003;5.298677;4.234108;8.199958;7.098382;6.066705;6.072208;6.538020;7.247688;9.006877;7.273589;7.081378;5.208795;7.931719;7.392149;8.733768;3.681804;4.276003;7.054002;8.438057;5.881030;6.784328;7.150043;8.838422;8.151916;9.379624;7.075837;3.267442;7.499421;4.548650;8.042429;3.797537;7.417761;8.680833;7.492734;5.076046;5.992830;5.939929;9.256277;8.583534;7.023217;3.654061
0.900000;-3.609802;3.178462;3.499349;3.531644;2.989361;3.365247;1.829162;3.170791;4.117123;1.577853;5.332255;1.709831;3.279888;2.328393;3.622559;4.067428;2.621968;1.881661;2.945134;3.801149;5.351215;2.811976;3.815037;4.129331;1.674329;3.949387;3.465606;2.695758;3.508384;2.969115;4.814400;3.005008;4.510322;4.894271;4.793283;1.970612;2.977699;1.337519;3.572625;5.685527;4.931046;1.509603;5.128505;1.919424;5.025746;3.268162;4.033318;4.405364;5.608146;3.657986;2.761695;5.392551;2.710289;1.813232;3.121078;3.374945;3.834752;4.585637;1.867667;5.115941;1.351967;2.705999;1.696106;2.579378;4.135155;4.804804;3.457924;4.099355;3.192258;4.741399;5.129063;3.685208;4.293051;3.253649;2.113045;4.552251;2.154164;1.595583;1.578511;5.047115;1.860719;2.443113;4.165943;4.825162;1.500810;4.126979;2.764680;1.688802;4.311432;4.777050;4.890640;3.165941;4.753188;1.723739;3.612355;3.962017;1.625290;5.554217;6.044676;4.185186;3.869996;3.372769;3.019593;2.157573;2.547316;4.022413;3.444456;4.757537;3.884771;4.192206;2.646994;3.413792;2.620926;5.474723;3.624298;5.678946;6.189256;6.084718;9.309044;5.597487;4.557433;9.112388;5.199634;4.725905;4.904327;7.467279;6.483941;7.245293;7.085991;8.927365;8.868909;7.045453;5.359163;5.092767;8.942498;5.298676;4.721116;8.224195;7.160101;6.069010;6.091486;6.545917;7.272491;9.009794;7.273582;7.081875;5.210206;7.940911;7.397333;8.739618;3.678287;4.283376;7.057159;8.441875;5.884132;6.812290;7.152529;8.840132;8.175208;9.385246;7.081852;3.267442;7.497477;4.567496;8.043782;3.801802;7.428556;8.693272;7.502667;5.077749;6.010616;5.947536;9.267819;8.594769;7.023885;3.654063
0.900000;-5.173572;2.875133;3.501400;3.533419;2.991029;3.368099;1.821505;3.176148;4.118167;1.579691;5.333601;1.711400;3.282406;2.357719;3.751742;4.071023;2.174190;1.884201;2.946436;3.804278;5.353208;2.814329;3.815796;4.131080;1.676618;3.864530;3.467729;2.700025;3.510841;2.970963;4.814399;3.008398;4.511651;4.895397;4.793972;1.998494;2.980012;1.338612;3.575689;5.690001;4.933133;1.510329;5.129522;1.920677;5.028865;3.269211;4.033883;4.406486;5.610920;3.658905;2.763713;5.395360;2.711415;1.814573;3.123495;3.377219;3.871653;4.596685;1.869310;5.118211;1.386330;2.708899;1.698495;2.680832;4.136833;4.807138;3.459408;4.102352;3.193156;4.767047;5.131134;3.798409;4.297022;3.256573;2.114716;4.555485;2.156199;1.536927;1.579196;5.049790;1.862380;2.475573;4.166515;4.826549;1.501615;4.129924;2.766165;1.779315;4.488521;4.781495;4.892920;3.168720;4.753805;1.496702;3.613359;3.963499;1.626781;5.558367;6.048580;4.185822;3.873060;3.375733;3.021559;2.159653;2.548796;4.024207;3.446785;4.758701;3.885244;4.194901;2.646994;3.415749;2.622692;5.476838;3.628315;5.045343;6.190709;6.097478;9.310302;5.597704;4.558283;9.114762;5.202291;4.726698;4.899205;7.453829;6.489575;7.250499;7.051803;8.930724;8.872015;7.046669;5.360400;5.095959;8.946119;5.298676;4.295978;8.194638;7.098572;6.070178;6.098093;6.549055;7.281136;9.011213;7.273582;7.082157;5.210957;7.944435;7.399605;8.733320;3.678672;4.286352;7.058677;8.443647;5.885630;6.822279;7.153767;8.841026;8.183254;9.387664;7.084405;3.267442;7.487487;4.573978;8.044507;3.803745;7.432549;8.697770;7.506412;5.078638;6.016727;5.950588;9.272034;8.598888;7.024259;3.654061
0.900000;-5.141170;2.875417;3.496331;3.529148;2.987059;3.360491;1.832396;3.159574;4.115823;1.575238;5.330488;1.707698;3.275901;2.330967;3.654395;4.060879;2.594055;1.877620;2.943437;3.795762;5.348321;2.808334;3.814137;4.126881;1.670820;3.878637;3.462446;2.687439;3.504529;2.966486;4.814399;2.998958;4.508583;4.892851;4.792479;1.921412;2.974153;1.336148;3.567387;5.676642;4.927960;1.508746;5.127246;1.917807;5.020376;3.266855;4.032670;4.403942;5.603583;3.656863;2.758746;5.387919;2.708870;1.811478;3.117312;3.371478;3.850067;4.604357;1.865407;5.112485;1.361393;2.701154;1.692406;2.614674;4.132831;4.801230;3.455935;4.094281;3.191165;4.748020;5.126004;3.798409;4.285516;3.248746;2.110732;4.546603;2.151172;1.590886;1.577706;5.042783;1.858433;2.487576;4.165283;4.823330;1.499845;4.122017;2.762697;1.686036;4.327470;4.768269;4.887163;3.161381;4.752474;1.469895;3.611113;3.960030;1.623287;5.546202;6.037307;4.184450;3.864754;3.402436;3.016739;2.154496;2.545333;4.019880;3.440872;4.756057;3.884236;4.187787;2.646994;3.410949;2.618451;5.471578;3.616650;5.378111;6.187319;6.083142;9.307419;5.597251;4.556410;9.108710;5.195351;4.724954;4.890169;7.470489;6.485796;7.234499;7.061351;8.921454;8.863585;7.043892;5.360131;5.087230;8.935892;5.298677;4.210113;8.194590;7.100071;6.067534;6.077114;6.540512;7.253451;9.007908;7.273585;7.081565;5.209314;7.934536;7.393885;8.800043;3.684711;4.278355;7.055111;8.439372;5.882120;6.790520;7.150929;8.839046;8.157464;9.381490;7.077813;3.267442;7.485525;4.553486;8.042928;3.798998;7.420971;8.684411;7.495736;5.076669;5.997481;5.942345;9.259658;8.586844;7.023469;3.654060
0.900000;-5.132570;2.875476;3.493261;3.526626;2.984738;3.355625;1.826273;3.148226;4.114539;1.572593;5.328723;1.705554;3.271825;2.340207;3.633023;4.054158;2.621968;1.873495;2.941742;3.790232;5.345374;2.804615;3.813257;4.124404;1.667247;3.890663;3.459233;2.678936;3.500589;2.963827;4.814400;2.992748;4.506845;4.891441;4.791691;1.963880;2.970535;1.334790;3.562011;5.667575;4.924821;1.507908;5.126003;1.916197;5.014862;3.265559;4.032042;4.402531;5.598910;3.655761;2.755749;5.383170;2.707462;1.809725;3.113459;3.367944;3.890154;4.619380;1.863130;5.108960;1.359355;2.696182;1.688626;2.601823;4.130487;4.797574;3.453941;4.089074;3.190092;4.758352;5.122899;3.798409;4.277793;3.243715;2.108402;4.540803;2.148134;1.673351;1.576922;5.038346;1.856128;2.441550;4.164643;4.821496;1.498901;4.116929;2.760697;1.698911;4.311549;4.759303;4.883615;3.156704;4.751781;1.725024;3.609886;3.958037;1.621277;5.537999;6.029760;4.183729;3.859377;3.383274;3.013844;2.151366;2.543344;4.017319;3.437212;4.754587;3.883718;4.183262;2.646994;3.408068;2.615948;5.468377;3.608812;5.168106;6.185380;6.082438;9.305803;5.597027;4.555405;9.104951;5.190963;4.724025;4.885664;7.451840;6.484571;7.223562;7.062758;8.915375;8.858124;7.042340;5.358414;5.081547;8.929129;5.298677;4.497556;8.207183;7.124677;6.066065;6.062776;6.534962;7.234861;9.006021;7.273585;7.081270;5.208443;7.928001;7.390367;8.733678;3.679324;4.273201;7.053058;8.436852;5.880105;6.769498;7.149343;8.837978;8.140030;9.377645;7.073676;3.267442;7.496616;4.539465;8.042091;3.796152;7.413198;8.675371;7.488626;5.075608;5.984297;5.937008;9.251311;8.578735;7.023070;3.654061
0.900000;-6.666489;3.127840;3.494024;3.527210;2.985259;3.357039;1.819820;3.152325;4.114769;1.573215;5.329081;1.706021;3.272944;2.328344;3.696382;4.056296;2.428316;1.874627;2.942080;3.791898;5.346097;2.805604;3.813393;4.124973;1.668186;3.967474;3.460045;2.681813;3.501657;2.964454;4.814400;2.994685;4.507194;4.891702;4.791810;1.902460;2.971486;1.335040;3.563617;5.670695;4.925608;1.508036;5.126223;1.916512;5.016523;3.265793;4.032129;4.402792;5.600248;3.655947;2.756488;5.384535;2.707725;1.810080;3.114492;3.368866;3.872351;4.783289;1.863639;5.109879;1.356021;2.697634;1.689635;2.596004;4.131015;4.798541;3.454363;4.090615;3.190271;4.785005;5.123674;3.798409;4.280342;3.245187;2.108927;4.542574;2.148888;1.536634;1.577040;5.039596;1.856645;2.546097;4.164733;4.821877;1.499051;4.118421;2.761121;1.720228;4.359471;4.762374;4.884542;3.158042;4.751880;1.475836;3.610102;3.958460;1.621707;5.540748;6.032238;4.183832;3.860983;3.381138;3.014549;2.152149;2.543765;4.017915;3.438178;4.754865;3.883786;4.184545;2.646994;3.408767;2.616526;5.469183;3.611409;5.295739;6.185787;6.086912;9.306119;5.597051;4.555571;9.105953;5.192193;4.724174;4.882176;7.488632;6.492355;7.227482;7.056328;8.917255;8.859762;7.042639;5.359011;5.083272;8.931277;5.298677;4.224388;8.194719;7.138663;6.066345;6.068200;6.536634;7.242221;9.006413;7.273582;7.081304;5.208579;7.930065;7.391282;8.758080;3.680805;4.274722;7.053498;8.437432;5.880532;6.777995;7.149654;8.838158;8.146860;9.378672;7.074812;3.267442;7.510340;4.544749;8.042219;3.796842;7.415766;8.678472;7.490924;5.075786;5.989202;5.938600;9.254121;8.581445;7.023117;3.654061
0.900000;-5.096716;2.876198;3.493441;3.526735;2.984822;3.356091;1.832764;3.149873;4.114531;1.572713;5.328753;1.705620;3.272159;2.334224;3.618084;4.054961;2.430771;1.873838;2.941764;3.790817;5.345538;2.804893;3.813233;4.124508;1.667500;3.884930;3.459431;2.680072;3.500903;2.963952;4.814400;2.993457;4.506873;4.891442;4.791665;1.902352;2.970797;1.334788;3.562567;5.668818;4.925012;1.507883;5.125994;1.916212;5.015447;3.265554;4.032015;4.402534;5.599343;3.655745;2.755918;5.383616;2.707463;1.809753;3.113758;3.368193;3.943793;4.589346;1.863209;5.109209;1.349992;2.696666;1.688912;2.582023;4.130575;4.797838;3.453989;4.089604;3.190074;4.752712;5.123083;3.764063;4.278781;3.244210;2.108489;4.541435;2.148311;1.529932;1.576897;5.038733;1.856210;2.483966;4.164618;4.821530;1.498878;4.117434;2.760749;1.724475;4.320444;4.760527;4.883866;3.157138;4.751753;1.475836;3.609874;3.958087;1.621328;5.539077;6.030719;4.183702;3.859932;3.378533;3.014000;2.151555;2.543393;4.017432;3.437479;4.754591;3.883693;4.183670;2.646994;3.408220;2.616051;5.468576;3.609827;5.374214;6.185424;6.080841;9.305821;5.597009;4.555385;9.105231;5.191349;4.724004;4.893466;7.463603;6.547047;7.225143;7.049971;8.916066;8.858691;7.042351;5.361136;5.082158;8.929944;5.298676;4.209822;8.194774;7.148093;6.066069;6.064883;6.535550;7.237393;9.006059;7.273597;7.081251;5.208419;7.928774;7.390611;8.750020;3.679359;4.273719;7.053115;8.436958;5.880156;6.772142;7.149354;8.837960;8.142483;9.377939;7.074018;3.267442;7.485348;4.541527;8.042067;3.796302;7.414200;8.676615;7.489507;5.075591;5.986239;5.937558;9.252420;8.579802;7.023045;3.654062
0.900000;-4.670661;2.909549;3.497935;3.530512;2.988330;3.362850;1.819680;3.164498;4.116589;1.576657;5.331494;1.708887;3.277932;2.333341;3.616729;4.063965;2.621968;1.879678;2.944409;3.798382;5.349871;2.810215;3.814682;4.128222;1.672645;3.866306;3.464116;2.691224;3.506508;2.967913;4.814400;3.001843;4.509573;4.893681;4.792971;1.908809;2.975992;1.336952;3.569944;5.680654;4.929597;1.509267;5.127989;1.918738;5.022988;3.267625;4.033072;4.404771;5.605860;3.657532;2.760319;5.390226;2.709699;1.812479;3.119245;3.373284;3.847499;4.698415;1.866659;5.114287;1.369222;2.703547;1.694316;2.580581;4.134112;4.803082;3.457054;4.096768;3.191818;4.741510;5.127628;3.798409;4.288991;3.251165;2.112008;4.549327;2.152766;1.530786;1.578198;5.044966;1.859696;2.452085;4.165691;4.824370;1.500427;4.124461;2.763808;1.688257;4.344954;4.772236;4.888973;3.163656;4.752914;1.468735;3.611848;3.961147;1.624413;5.549863;6.040717;4.184901;3.867314;3.371901;3.018269;2.156129;2.546449;4.021261;3.442728;4.756917;3.884570;4.190001;2.646994;3.412475;2.619806;5.473239;3.620169;5.104739;6.188413;6.082459;9.308356;5.597402;4.557025;9.110605;5.197510;4.725530;4.887842;7.460370;6.484822;7.239262;7.082225;8.924285;8.866179;7.044794;5.363168;5.089910;8.939003;5.298678;4.264775;8.195562;7.165112;6.068393;6.083313;6.543138;7.261642;9.008976;7.273582;7.081763;5.209854;7.937555;7.395684;8.734031;3.693702;4.280823;7.056259;8.440739;5.883250;6.799951;7.151854;8.839696;8.165087;9.383423;7.079869;3.267442;7.496855;4.559537;8.043448;3.800506;7.424470;8.688422;7.498971;5.077316;6.003173;5.944881;9.263382;8.590476;7.023732;3.654061
0.900000;-4.779258;2.896035;3.495210;3.528239;2.986227;3.358673;1.819431;3.155209;4.115380;1.574282;5.329866;1.706935;3.274391;2.338536;3.621701;4.058320;2.621968;1.876090;2.942840;3.793674;5.347250;2.806962;3.813837;4.125990;1.669508;3.866367;3.461276;2.684177;3.503071;2.965526;4.814400;2.996604;4.507970;4.892360;4.792212;1.902387;2.972821;1.335676;3.565361;5.673157;4.926815;1.508462;5.126817;1.917243;5.018297;3.266406;4.032461;4.403452;5.601835;3.656485;2.757653;5.386141;2.708380;1.810861;3.115887;3.370178;3.826095;4.666337;1.864593;5.111190;1.349321;2.699288;1.691010;2.586834;4.131991;4.799883;3.455225;4.092320;3.190797;4.741692;5.124870;3.798409;4.282559;3.246857;2.109899;4.544409;2.150060;1.529745;1.577441;5.041126;1.857607;2.445793;4.165069;4.822682;1.499523;4.120105;2.761984;1.755311;4.328941;4.764824;4.885857;3.159630;4.752241;1.465381;3.610689;3.959322;1.622574;5.543056;6.034421;4.184206;3.862728;3.419297;3.015685;2.153349;2.544627;4.018957;3.439521;4.755545;3.884064;4.186097;2.646994;3.409901;2.617552;5.470407;3.613647;5.139645;6.186631;6.081597;9.306855;5.597178;4.556067;9.107321;5.193716;4.724640;4.897804;7.455772;6.493324;7.230290;7.046133;8.919149;8.861524;7.043350;5.367418;5.085082;8.933319;5.298678;4.210987;8.288369;7.111680;6.067022;6.071624;6.538418;7.246449;9.007242;7.273582;7.081470;5.209019;7.932054;7.392591;8.745067;3.689728;4.276417;7.054380;8.438463;5.881405;6.782682;7.150374;8.838680;8.150865;9.380068;7.076281;3.267440;7.521571;4.548117;8.042644;3.797964;7.417994;8.680942;7.493022;5.076303;5.992425;5.940332;9.256456;8.583738;7.023336;3.654060
0.900000;-5.599138;2.891083;3.513406;3.543591;3.000504;3.385691;1.821856;3.211292;4.123824;1.590290;5.341078;1.720254;3.297612;2.328349;3.707128;4.093918;2.621968;1.899574;2.953654;3.823811;5.364798;2.828414;3.819811;4.141089;1.690256;3.914861;3.480208;2.727762;3.525618;2.981607;4.814400;3.029867;4.519028;4.901535;4.797593;2.020249;2.993787;1.344550;3.594777;5.719223;4.945369;1.514166;5.135011;1.927580;5.048342;3.274902;4.036824;4.412625;5.627940;3.663836;2.775482;5.412603;2.717547;1.822006;3.137996;3.390733;3.844904;4.592312;1.878631;5.131691;1.350079;2.726798;1.712780;2.590096;4.146386;4.821034;3.467732;4.120937;3.197968;4.741573;5.143268;3.798409;4.322664;3.274648;2.124224;4.575790;2.168102;1.672883;1.582807;5.066099;1.871802;2.494936;4.169503;4.834280;1.505901;4.148175;2.774482;1.689743;4.425898;4.810455;4.906470;3.185744;4.757032;1.475836;3.618783;3.971811;1.635150;5.585293;6.073745;4.189154;3.892149;3.394889;3.032991;2.171859;2.557093;4.034513;3.460688;4.765070;3.887690;4.211476;2.646994;3.427139;2.632793;5.489275;3.654259;5.188184;6.198833;6.090985;9.317228;5.598806;4.562812;9.128983;5.218446;4.730921;4.881938;7.450854;6.489689;7.284590;7.060234;8.951819;8.891365;7.053354;5.358405;5.115939;8.969169;5.298677;4.342087;8.194886;7.106562;6.076538;6.140836;6.568645;7.334652;9.019146;7.273585;7.083596;5.214937;7.966832;7.413067;8.755487;3.683582;4.304790;7.067207;8.453833;5.894029;6.882013;7.160595;8.845814;8.233816;9.402143;7.099793;3.267442;7.489017;4.615911;8.048336;3.815009;7.458326;8.726941;7.530385;5.083399;6.056554;5.969551;9.299353;8.625572;7.026178;3.654060
0.900000;-5.171352;2.875232;3.507638;3.538700;2.995948;3.377233;1.872551;3.194268;4.121100;1.585201;5.337481;1.715996;3.290306;2.328279;3.749938;4.082894;2.368394;1.892189;2.950183;3.814416;5.359229;2.821648;3.817875;4.136278;1.683704;3.881437;3.474211;2.714379;3.518515;2.976490;4.814400;3.019536;4.515479;4.898580;4.795847;1.909782;2.987165;1.341691;3.585598;5.705116;4.939488;1.512317;5.132367;1.924258;5.038972;3.272162;4.035406;4.409671;5.619758;3.661461;2.769827;5.404311;2.714597;1.818430;3.131025;3.384238;3.867118;4.635324;1.874149;5.125212;1.364685;2.718191;1.705915;2.616968;4.141793;4.814355;3.463728;4.111998;3.195650;4.741452;5.137435;3.798409;4.310305;3.265958;2.119653;4.566021;2.162382;1.787088;1.581068;5.058267;1.867272;2.449643;4.168063;4.830562;1.503837;4.139401;2.770478;1.718951;4.320504;4.796474;4.899958;3.177560;4.755477;1.465475;3.616172;3.967813;1.631123;5.572311;6.061616;4.187550;3.882969;3.377255;3.027497;2.165991;2.553102;4.029557;3.454008;4.762005;3.886511;4.203511;2.646994;3.421667;2.627937;5.483298;3.641752;4.966457;6.194927;6.100331;9.313894;5.598275;4.560630;9.122149;5.210680;4.728888;4.882160;7.450038;6.487919;7.268082;7.048150;8.941666;8.882057;7.050137;5.358736;5.106328;8.958069;5.298678;4.285296;8.210109;7.158965;6.073478;6.120028;6.559223;7.308409;9.015331;7.273582;7.082903;5.213021;7.956049;7.406598;8.733972;3.702847;4.295923;7.063105;8.448936;5.889989;6.852610;7.157309;8.843509;8.209076;9.395183;7.092397;3.267442;7.550083;4.595503;8.046491;3.809593;7.445899;8.712855;7.518836;5.081106;6.037199;5.960430;9.286174;8.612706;7.025254;3.654062
0.900000;-5.137049;2.875439;3.495188;3.528203;2.986185;3.358721;1.835851;3.155651;4.115331;1.574249;5.329819;1.706890;3.274406;2.332321;3.621434;4.058475;2.610209;1.876111;2.942792;3.793764;5.347223;2.806963;3.813796;4.125951;1.669502;3.870119;3.461258;2.684443;3.503081;2.965491;4.814399;2.996727;4.507924;4.892311;4.792174;1.927880;2.972818;1.335628;3.565441;5.673464;4.926795;1.508421;5.126769;1.917194;5.018384;3.266360;4.032426;4.403402;5.601880;3.656439;2.757629;5.386189;2.708331;1.810812;3.115893;3.370172;3.893431;4.605408;1.864550;5.111183;1.364083;2.699346;1.691013;2.579921;4.131950;4.799883;3.455179;4.092394;3.190751;4.742818;5.124850;3.704810;4.282773;3.246918;2.109857;4.544510;2.150043;1.579838;1.577403;5.041161;1.857566;2.616224;4.165035;4.822633;1.499479;4.120171;2.761937;1.690041;4.365101;4.765119;4.885852;3.159674;4.752204;1.465478;3.610642;3.959276;1.622527;5.543301;6.034627;4.184169;3.862808;3.400049;3.015660;2.153332;2.544580;4.018919;3.439521;4.755497;3.884033;4.186131;2.646994;3.409876;2.617512;5.470389;3.613871;4.961452;6.186584;6.092984;9.306806;5.597162;4.556022;9.107325;5.193746;4.724596;4.905884;7.459402;6.484299;7.230707;7.047328;8.919263;8.861609;7.043302;5.362993;5.085179;8.933471;5.298676;4.213198;8.198616;7.098577;6.066974;6.072249;6.538506;7.247283;9.007192;7.273593;7.081449;5.208976;7.932198;7.392581;8.743789;3.715853;4.276485;7.054336;8.438428;5.881361;6.783620;7.150327;8.838635;8.151649;9.380073;7.076294;3.267442;7.508560;4.548717;8.042603;3.797934;7.418218;8.681241;7.493201;5.076261;5.992976;5.940408;9.256713;8.583976;7.023312;3.654061
0.900000;-4.469933;2.941011;3.501216;3.533283;2.990908;3.367718;1.819227;3.174747;4.118119;1.579546;5.333522;1.711295;3.282121;2.329508;3.637293;4.070393;2.594175;1.883908;2.946365;3.803813;5.353035;2.814083;3.815767;4.130948;1.676386;3.865430;3.467531;2.699124;3.510565;2.970815;4.814400;3.007846;4.511574;4.895341;4.793948;1.968267;2.979772;1.338559;3.575246;5.689012;4.932942;1.510303;5.129474;1.920609;5.028403;3.269164;4.033865;4.406431;5.610564;3.658865;2.763535;5.394993;2.711360;1.814495;3.123230;3.376990;4.071193;4.583628;1.869193;5.117982;1.369316;2.708502;1.698237;2.613220;4.136712;4.806903;3.459313;4.101927;3.193119;4.757942;5.130946;3.720372;4.296247;3.256172;2.114597;4.554986;2.156017;1.794705;1.579173;5.049461;1.862261;2.441570;4.166498;4.826467;1.501585;4.129521;2.766070;1.725920;4.341154;4.780513;4.892689;3.168362;4.753786;1.475836;3.613315;3.963403;1.626683;5.557514;6.047829;4.185803;3.872616;3.380815;3.021390;2.159466;2.548702;4.024067;3.446543;4.758642;3.885231;4.194572;2.646994;3.415583;2.622557;5.476643;3.627517;5.026046;6.190618;6.086547;9.310230;5.597700;4.558248;9.114511;5.201964;4.726669;4.897755;7.456666;6.486233;7.249168;7.051095;8.930181;8.871555;7.046604;5.361536;5.095475;8.945477;5.298676;4.219834;8.235161;7.101450;6.070118;6.096101;6.548585;7.278249;9.011127;7.273589;7.082152;5.210931;7.943828;7.399374;8.737016;3.679194;4.285936;7.058576;8.443513;5.885532;6.818865;7.153702;8.840990;8.180621;9.387398;7.084106;3.267442;7.505289;4.572052;8.044481;3.803579;7.431763;8.696764;7.505723;5.078601;6.014971;5.950148;9.271151;8.598048;7.024251;3.654060
0.900000;-4.635874;2.911415;3.485799;3.520278;2.978813;3.344799;1.821939;3.126774;4.110965;1.565982;5.324025;1.700011;3.262429;2.333603;3.614876;4.040143;2.505375;1.864002;2.937204;3.778240;5.338168;2.795897;3.810705;4.118155;1.658798;3.935922;3.451482;2.662004;3.491458;2.957191;4.814400;2.979598;4.502209;4.887568;4.789389;1.903647;2.962005;1.331040;3.550284;5.649748;4.917222;1.505470;5.122531;1.911851;5.002908;3.261967;4.030167;4.398660;5.588428;3.652637;2.748431;5.372553;2.703592;1.805054;3.104493;3.359572;3.911365;4.780973;1.857302;5.100610;1.349797;2.685169;1.679786;2.610298;4.124516;4.788975;3.448721;4.077652;3.187043;4.741926;5.115357;3.798409;4.262128;3.232598;2.102459;4.528349;2.140738;1.556907;1.574625;5.028287;1.850236;2.445270;4.162740;4.816644;1.496179;4.105702;2.755480;1.686164;4.314841;4.741627;4.875221;3.146218;4.749724;1.475836;3.606455;3.952825;1.616032;5.521556;6.014381;4.181608;3.847649;3.424794;3.006730;2.143784;2.538142;4.010890;3.428604;4.750572;3.882155;4.173054;2.646994;3.400979;2.609641;5.460656;3.592967;5.042572;6.180282;6.080158;9.301444;5.596319;4.552534;9.096151;5.180997;4.721347;4.891224;7.469050;6.507397;7.202754;7.048308;8.902442;8.846239;7.038131;5.359710;5.069287;8.915027;5.298676;4.231805;8.195909;7.098362;6.062054;6.036595;6.522935;7.201792;9.001042;7.273578;7.080349;5.205913;7.914296;7.382022;8.738518;3.698999;4.261868;7.047713;8.430495;5.874840;6.732360;7.145047;8.834947;8.108876;9.368689;7.064172;3.267441;7.488581;4.513801;8.039659;3.789140;7.397456;8.657569;7.473969;5.072591;5.959948;5.925358;9.234631;8.562442;7.021840;3.654060
0.900000;-5.992204;2.943185;3.505951;3.537149;2.994460;3.375401;1.819342;3.194397;4.120070;1.583610;5.336208;1.714569;3.288485;2.337502;3.639903;4.081271;2.621968;1.890360;2.948941;3.812617;5.357572;2.819859;3.817100;4.134740;1.681932;3.865603;3.472497;2.713246;3.516708;2.974901;4.814400;3.017823;4.514221;4.897481;4.795141;1.931088;2.985390;1.340621;3.583785;5.704187;4.937788;1.511570;5.131361;1.923057;5.037173;3.271127;4.034816;4.408572;5.617919;3.660538;2.768155;5.402472;2.713498;1.817163;3.129224;3.382472;4.218233;4.591226;1.872676;5.123448;1.349398;2.716357;1.704120;2.579539;4.140298;4.812573;3.462358;4.110175;3.194746;4.790551;5.135743;3.798409;4.308928;3.264126;2.118163;4.564250;2.160699;1.644774;1.580360;5.056422;1.865788;2.464772;4.167465;4.829260;1.503018;4.137573;2.769112;1.686073;4.313539;4.795506;4.898190;3.175720;4.754836;1.475836;3.615175;3.966444;1.629747;5.571076;6.060189;4.186891;3.881160;3.453344;3.025847;2.164294;2.551735;4.027995;3.452225;4.760874;3.886012;4.201674;2.629440;3.420021;2.626393;5.481586;3.640403;4.961293;6.193577;6.081499;9.312689;5.598040;4.559770;9.120353;5.208844;4.728076;4.902137;7.504056;6.507565;7.268000;7.058142;8.939927;8.880250;7.048965;5.359608;5.104542;8.956460;5.298677;4.211738;8.227306;7.102839;6.072342;6.122065;6.557423;7.314085;9.014003;7.273589;7.082598;5.212249;7.954389;7.404832;8.784677;3.701020;4.294096;7.061712;8.447384;5.888608;6.860816;7.156120;8.842607;8.213651;9.393378;7.090568;3.267442;7.592324;4.597298;8.045746;3.807956;7.444533;8.711911;7.517296;5.080209;6.038433;5.958615;9.284984;8.611440;7.024854;3.654061
0.900000;-5.287867;2.876108;3.488417;3.522542;2.980938;3.348426;1.838820;3.133151;4.112292;1.568331;5.325742;1.702011;3.265639;2.328295;3.614734;4.044653;2.621968;1.867235;2.938867;3.782198;5.340705;2.798902;3.811667;4.120387;1.661720;3.972820;3.454192;2.667272;3.494589;2.959548;4.814399;2.983871;4.503903;4.888999;4.790262;2.023729;2.964953;1.332429;3.554169;5.655233;4.919883;1.506390;5.123824;1.913447;5.006854;3.263300;4.030881;4.400092;5.591953;3.653804;2.751003;5.376120;2.705023;1.806762;3.107573;3.362472;3.848494;4.585977;1.859396;5.103504;1.350140;2.688851;1.682829;2.579396;4.126657;4.791942;3.450614;4.081447;3.188183;4.742237;5.118001;3.798409;4.267066;3.236310;2.104592;4.532435;2.143335;1.540942;1.575496;5.031692;1.852351;2.453249;4.163464;4.818412;1.497203;4.109441;2.757371;1.749899;4.325568;4.747085;4.878128;3.149748;4.750506;1.475836;3.607732;3.954714;1.617933;5.526695;6.019250;4.182412;3.851533;3.378532;3.009238;2.146438;2.540029;4.013180;3.431577;4.752055;3.882754;4.176499;2.646994;3.403479;2.611891;5.463354;3.597960;4.974534;6.182132;6.083299;9.303047;5.596593;4.553612;9.099186;5.184377;4.722356;4.886246;7.472806;6.489842;7.208984;7.045116;8.906663;8.850170;7.039680;5.376903;5.073318;8.919560;5.298676;4.221324;8.194610;7.098439;6.063535;6.044080;6.526904;7.210821;9.002849;7.273582;7.080705;5.206868;7.918726;7.384919;8.750548;3.682098;4.265642;7.049648;8.432762;5.876748;6.742282;7.146626;8.836082;8.117488;9.371769;7.067419;3.267441;7.484649;4.521170;8.040577;3.791619;7.402423;8.663057;7.478651;5.073722;5.967010;5.929226;9.239841;8.567548;7.022313;3.654061
0.900000;-4.731596;2.902291;3.499690;3.531990;2.989705;3.365462;1.822153;3.169974;4.117401;1.578199;5.332575;1.710171;3.280178;2.328247;3.666949;4.067418;2.436383;1.881945;2.945448;3.801298;5.351563;2.812284;3.815257;4.129677;1.674647;3.930751;3.465944;2.695464;3.508682;2.969463;4.814400;3.005070;4.510640;4.894562;4.793489;1.908065;2.978018;1.337806;3.572791;5.685136;4.931386;1.509816;5.128778;1.919733;5.025895;3.268441;4.033492;4.405653;5.608384;3.658239;2.762040;5.392783;2.710579;1.813552;3.121381;3.375268;3.829117;4.586308;1.868009;5.116265;1.352526;2.706210;1.696418;2.612572;4.135500;4.805124;3.458256;4.099542;3.192507;4.776802;5.129402;3.691511;4.292888;3.253854;2.113389;4.552368;2.154502;1.543586;1.578715;5.047377;1.861064;2.530631;4.166117;4.825486;1.501040;4.127171;2.765014;1.686062;4.324954;4.776677;4.890964;3.166183;4.753376;1.465386;3.612625;3.962350;1.625623;5.553973;6.044536;4.185379;3.870158;3.377541;3.019936;2.157913;2.547649;4.022759;3.444772;4.757833;3.884919;4.192453;2.646994;3.414138;2.621273;5.475061;3.624118;4.973430;6.189588;6.086844;9.309354;5.597558;4.557673;9.112700;5.199900;4.726133;4.900443;7.450294;6.498659;7.244558;7.045154;8.927451;8.869071;7.045757;5.358418;5.092899;8.942482;5.298677;4.358318;8.201509;7.098684;6.069309;6.090086;6.546063;7.270301;9.010122;7.273593;7.081969;5.210424;7.940927;7.397659;8.794633;3.680160;4.283568;7.057495;8.442219;5.884465;6.809710;7.152837;8.840382;8.173223;9.385552;7.082139;3.267442;7.487939;4.566164;8.043995;3.802146;7.428390;8.692893;7.502601;5.077998;6.009450;5.947710;9.267553;8.594543;7.024006;3.654060
0.900000;-5.606404;2.894012;3.492208;3.525642;2.983786;3.354542;1.819520;3.148591;4.113861;1.571587;5.327898;1.704637;3.270718;2.329684;3.616236;4.053286;2.621968;1.872386;2.940935;3.789201;5.344334;2.803518;3.812740;4.123427;1.666154;3.867757;3.458161;2.678433;3.499492;2.962820;4.814399;2.991796;4.506028;4.890721;4.791219;1.902382;2.969443;1.334087;3.560963;5.667217;4.923760;1.507412;5.125340;1.915414;5.013829;3.264880;4.031647;4.401812;5.597816;3.655150;2.754702;5.382082;2.706742;1.808903;3.112358;3.366855;3.985459;4.579532;1.862189;5.107872;1.418568;2.695105;1.687526;2.585608;4.129533;4.796479;3.453056;4.088014;3.189493;4.741486;5.121839;3.798409;4.277107;3.242642;2.107451;4.539801;2.147084;1.531812;1.576450;5.037246;1.855180;2.444453;4.164244;4.820651;1.498354;4.115853;2.759812;1.762678;4.314503;4.758921;4.882525;3.155613;4.751352;1.466578;3.609228;3.957155;1.620392;5.537424;6.029039;4.183288;3.858330;3.410059;3.012807;2.150306;2.542462;4.016326;3.436116;4.753848;3.883383;4.182168;2.646994;3.407031;2.614966;5.467309;3.608157;5.006905;6.184508;6.080235;9.305020;5.596867;4.554836;9.103852;5.189863;4.723489;4.882654;7.455712;6.508792;7.223789;7.049152;8.914408;8.857089;7.041575;5.359453;5.080531;8.928263;5.298677;4.213642;8.209657;7.101831;6.065327;6.064364;6.533932;7.238627;9.005165;7.273597;7.081066;5.207930;7.927101;7.389279;8.734223;3.678645;4.272140;7.052163;8.435863;5.879220;6.774730;7.148565;8.837383;8.143160;9.376543;7.072575;3.267442;7.489183;4.540910;8.041597;3.795123;7.412529;8.675014;7.487823;5.075016;5.985385;5.935962;9.250775;8.578141;7.022800;3.654061
0.900000;-5.266057;2.875385;3.495557;3.528526;2.986491;3.359206;1.897933;3.156312;4.115528;1.574578;5.330069;1.707180;3.274842;2.328253;3.654265;4.059038;2.341660;1.876551;2.943035;3.794277;5.347581;2.807376;3.813941;4.126267;1.669903;3.888667;3.461630;2.685055;3.503509;2.965827;4.814399;2.997268;4.508170;4.892523;4.792305;1.959038;2.973224;1.335835;3.565947;5.674087;4.927167;1.508559;5.126961;1.917428;5.018897;3.266556;4.032533;4.403614;5.602353;3.656613;2.757992;5.386663;2.708543;1.811062;3.116315;3.370574;3.937190;4.628676;1.864852;5.111584;1.350181;2.699832;1.691430;2.579744;4.132257;4.800292;3.455453;4.092893;3.190922;4.745194;5.125221;3.798409;4.283368;3.247407;2.110163;4.545038;2.150409;1.589525;1.577533;5.041618;1.857869;2.449750;4.165144;4.822893;1.499633;4.120662;2.762210;1.711806;4.459202;4.765744;4.886254;3.160147;4.752322;1.475836;3.610831;3.959550;1.622804;5.543909;6.035217;4.184290;3.863314;3.374662;3.016013;2.153705;2.544855;4.019248;3.439930;4.755714;3.884125;4.186595;2.646994;3.410230;2.617832;5.470767;3.614470;4.992930;6.186851;6.079937;9.307036;5.597205;4.556184;9.107739;5.194202;4.724747;4.902426;7.450096;6.521482;7.231367;7.048144;8.919804;8.862123;7.043530;5.358396;5.085701;8.934043;5.298677;4.250583;8.198972;7.139946;6.067192;6.072915;6.539022;7.247898;9.007455;7.273589;7.081505;5.209120;7.932755;7.392983;8.746067;3.679370;4.276981;7.054617;8.438751;5.881635;6.784184;7.150557;8.838806;8.152283;9.380492;7.076740;3.267442;7.490366;4.549378;8.042741;3.798287;7.418810;8.681864;7.493781;5.076429;5.993641;5.940914;9.257324;8.584580;7.023384;3.654061
0.900000;-5.476923;2.884181;3.491510;3.525104;2.983305;3.353226;1.819250;3.143788;4.113629;1.571017;5.327557;1.704204;3.269698;2.330480;3.706933;4.051168;2.347187;1.871346;2.940612;3.787615;5.343676;2.802614;3.812592;4.122903;1.665299;3.906985;3.457426;2.675398;3.498514;2.962245;4.814399;2.989918;4.505693;4.890464;4.791090;1.904168;2.968571;1.333840;3.559441;5.663865;4.923042;1.507272;5.125117;1.915110;5.012252;3.264647;4.031547;4.401552;5.596573;3.654958;2.754026;5.380806;2.706485;1.808566;3.111409;3.366012;3.826766;4.706528;1.861717;5.107032;1.356241;2.693745;1.686602;2.599151;4.129044;4.795598;3.452659;4.086563;3.189308;4.744203;5.121130;3.679756;4.274496;3.241258;2.106966;4.538099;2.146399;1.547489;1.576321;5.036089;1.854701;2.527417;4.164141;4.820298;1.498195;4.114452;2.759416;1.766707;4.358600;4.755624;4.881678;3.154366;4.751239;1.593361;3.609011;3.956758;1.619992;5.534556;6.026519;4.183173;3.856805;3.387814;3.012163;2.149590;2.542067;4.015779;3.435235;4.753575;3.883302;4.180980;2.646994;3.406391;2.614433;5.466574;3.605483;5.002547;6.184124;6.080094;9.304715;5.596834;4.554665;9.102935;5.188724;4.723331;4.903848;7.450553;6.539070;7.219260;7.045232;8.912584;8.855521;7.041285;5.367808;5.078876;8.926109;5.298677;4.349015;8.226250;7.106361;6.065057;6.057268;6.532337;7.227499;9.004793;7.273593;7.081022;5.207785;7.925066;7.388437;8.751464;3.678720;4.270706;7.051749;8.435327;5.878812;6.760872;7.148265;8.837198;8.133218;9.375597;7.071526;3.267442;7.489449;4.534067;8.041458;3.794491;7.409885;8.671661;7.485515;5.074832;5.979216;5.934454;9.247822;8.575321;7.022740;3.654061
0.900000;-3.397560;3.260232;3.493282;3.526544;2.984623;3.356142;1.842840;3.151382;4.114344;1.572531;5.328548;1.705418;3.272100;2.336645;3.623523;4.055334;2.589179;1.873778;2.941561;3.790967;5.345370;2.804792;3.813076;4.124314;1.667387;3.886419;3.459283;2.680838;3.500828;2.963768;4.814400;2.993731;4.506668;4.891248;4.791521;1.966246;2.970684;1.334595;3.562693;5.669723;4.924858;1.507732;5.125807;1.916011;5.015594;3.265365;4.031889;4.402339;5.599362;3.655567;2.755753;5.383645;2.707269;1.809549;3.113670;3.368074;3.838728;4.730055;1.863011;5.109088;1.352527;2.696730;1.688817;2.581354;4.130377;4.797733;3.453784;4.089705;3.189900;4.745868;5.122927;3.798409;4.279366;3.244281;2.108291;4.541635;2.148151;1.544970;1.576752;5.038725;1.856011;2.444220;4.164490;4.821328;1.498715;4.117512;2.760542;1.711705;4.349099;4.761402;4.883748;3.157157;4.751619;1.465917;3.609690;3.957882;1.621125;5.539768;6.031265;4.183566;3.860058;3.495194;3.013828;2.151401;2.543189;4.017243;3.437372;4.754395;3.883584;4.183666;2.646994;3.408052;2.615861;5.468427;3.610434;5.059210;6.185220;6.081571;9.305618;5.596955;4.555218;9.105138;5.191327;4.723843;4.882122;7.472074;6.488424;7.226532;7.055565;8.916311;8.858835;7.042152;5.374279;5.082337;8.930321;5.298677;4.291948;8.196185;7.103453;6.065875;6.067302;6.535706;7.241288;9.005855;7.273589;7.081182;5.208264;7.929109;7.390491;8.733561;3.678290;4.273808;7.052910;8.436765;5.879951;6.776942;7.149155;8.837789;8.145958;9.377851;7.073963;3.267441;7.500000;4.543847;8.041917;3.796127;7.414794;8.677505;7.489954;5.075417;5.988289;5.937675;9.253149;8.580471;7.022956;3.654062
0.900000;-6.274096;3.013292;3.485866;3.520308;2.978830;3.345038;1.831304;3.128258;4.110948;1.566017;5.324018;1.700019;3.262587;2.330140;3.631973;4.040647;2.580167;1.864156;2.937196;3.778564;5.338220;2.796015;3.810683;4.118182;1.658906;3.876571;3.451559;2.662830;3.491597;2.957229;4.814400;2.980016;4.502203;4.887553;4.789368;1.902788;2.962115;1.331024;3.550590;5.650686;4.917291;1.505448;5.122513;1.911841;5.003226;3.261948;4.030148;4.398644;5.588642;3.652616;2.748490;5.372779;2.703577;1.805047;3.104620;3.359675;3.844642;4.605282;1.857317;5.100710;1.360819;2.685423;1.679912;2.595138;4.124535;4.789083;3.448724;4.077934;3.187022;4.748630;5.115426;3.793082;4.262800;3.232857;2.102479;4.528711;2.140799;1.711031;1.574604;5.028476;1.850253;2.441514;4.162719;4.816639;1.496158;4.105968;2.755484;1.762750;4.315369;4.742549;4.875323;3.146435;4.749704;1.475836;3.606436;3.952828;1.616036;5.522316;6.015025;4.181586;3.847952;3.382396;3.006783;2.143853;2.538145;4.010922;3.428717;4.750557;3.882138;4.173251;2.646994;3.401033;2.609666;5.460730;3.593666;4.962295;6.180282;6.086504;9.301435;5.596310;4.552514;9.096277;5.181185;4.721326;4.884176;7.500996;6.532334;7.204137;7.045331;8.902847;8.846556;7.038118;5.361607;5.069629;8.915532;5.298676;4.210780;8.218462;7.103289;6.062041;6.038963;6.523263;7.205735;9.001042;7.273589;7.080337;5.205893;7.914771;7.382128;8.733306;3.680540;4.262145;7.047717;8.430526;5.874844;6.737391;7.145035;8.834925;8.112349;9.368819;7.064334;3.267442;7.498437;4.516059;8.039638;3.789191;7.398141;8.658510;7.474537;5.072571;5.961951;5.925657;9.235430;8.563190;7.021825;3.654061
0.900000;-5.289342;2.876218;3.485187;3.519787;2.978366;3.343759;1.819200;3.124090;4.110735;1.565465;5.323698;1.699602;3.261580;2.357749;3.685478;4.038651;2.325967;1.863138;2.936891;3.777042;5.337577;2.795133;3.810555;4.117676;1.658067;3.872597;3.450836;2.660056;3.490638;2.956669;4.814399;2.978230;4.501890;4.887314;4.789257;1.902850;2.961263;1.330796;3.549125;5.647654;4.916592;1.505326;5.122310;1.911555;5.001710;3.261734;4.030063;4.398406;5.587437;3.652442;2.747834;5.371544;2.703338;1.804729;3.103696;3.358850;3.957495;4.747946;1.856864;5.099891;1.351532;2.684108;1.679009;2.593575;4.124066;4.788219;3.448343;4.076536;3.186855;4.763979;5.114736;3.798409;4.260381;3.231521;2.102011;4.527084;2.140134;1.538810;1.574492;5.027353;1.849792;2.488534;4.162632;4.816301;1.496017;4.104610;2.755106;1.722892;4.328698;4.739564;4.874496;3.145228;4.749608;1.523568;3.606237;3.952450;1.615653;5.519683;6.012681;4.181485;3.846488;3.371817;3.006155;2.143157;2.537766;4.010391;3.427855;4.750304;3.882071;4.172101;2.646994;3.400407;2.609154;5.460012;3.591195;5.102783;6.179917;6.085131;9.301149;5.596282;4.552360;9.095383;5.180077;4.721185;4.882121;7.450083;6.483540;7.200177;7.076639;8.901114;8.845057;7.037847;5.358674;5.068049;8.913518;5.298677;4.428658;8.204248;7.098544;6.061789;6.033113;6.521734;7.197138;9.000690;7.273585;7.080302;5.205765;7.912846;7.381307;8.733745;3.686357;4.260762;7.047323;8.430001;5.874456;6.727021;7.144754;8.834759;8.104545;9.367895;7.063310;3.267442;7.528565;4.510403;8.039516;3.788576;7.395695;8.655482;7.472375;5.072407;5.956775;5.924207;9.232725;8.560597;7.021775;3.654060
0.900000;-4.301791;2.971753;3.496494;3.529298;2.987201;3.360707;1.819447;3.160137;4.115926;1.575390;5.330612;1.707836;3.276092;2.328903;3.624686;4.061156;2.621968;1.877815;2.943557;3.795995;5.348481;2.808515;3.814215;4.127028;1.670999;3.894188;3.462614;2.687803;3.504718;2.966641;4.814400;2.999215;4.508706;4.892959;4.792551;1.913052;2.974333;1.336255;3.567615;5.677043;4.928126;1.508821;5.127346;1.917925;5.020608;3.266958;4.032732;4.404050;5.603790;3.656956;2.758908;5.388129;2.708979;1.811602;3.117495;3.371656;3.946410;4.628829;1.865549;5.112662;1.363589;2.701368;1.692590;2.594255;4.132974;4.801410;3.456067;4.094505;3.191257;4.770791;5.126172;3.798409;4.285838;3.248963;2.110876;4.546844;2.151338;1.534100;1.577778;5.042985;1.858576;2.473299;4.165347;4.823455;1.499928;4.122235;2.762823;1.692916;4.347370;4.768659;4.887339;3.161588;4.752540;1.468560;3.611212;3.960162;1.623421;5.546549;6.037622;4.184515;3.864986;3.421336;3.016899;2.154661;2.545465;4.020029;3.441050;4.756168;3.884288;4.187985;2.646994;3.411110;2.618599;5.471745;3.616976;5.145932;6.187451;6.080076;9.307537;5.597277;4.556497;9.108891;5.195552;4.725038;4.881938;7.451491;6.485598;7.235033;7.058759;8.921700;8.863821;7.044008;5.360510;5.087468;8.936181;5.298676;4.226228;8.275029;7.118553;6.067645;6.077973;6.540746;7.254874;9.008037;7.273585;7.081600;5.209394;7.934817;7.394060;8.744967;3.678494;4.278576;7.055247;8.439523;5.882256;6.792320;7.151049;8.839138;8.158719;9.381673;7.078003;3.267442;7.492078;4.554305;8.043003;3.799155;7.421297;8.684808;7.496030;5.076760;5.998215;5.942569;9.260015;8.587187;7.023511;3.654061
0.900000;-6.354550;3.030123;3.499351;3.531730;2.989470;3.364835;1.852303;3.168031;4.117293;1.577922;5.332411;1.709962;3.279681;2.331524;3.617252;4.066454;2.621968;1.881441;2.945294;3.800553;5.351243;2.811851;3.815190;4.129422;1.674231;3.912969;3.465580;2.694141;3.508208;2.969182;4.814400;3.004197;4.510481;4.894442;4.793430;1.908144;2.977595;1.337689;3.572074;5.683699;4.931037;1.509753;5.128675;1.919588;5.025155;3.268332;4.033446;4.405531;5.607789;3.658151;2.761710;5.392176;2.710459;1.813390;3.120922;3.374859;3.829213;4.582844;1.867782;5.115858;1.365321;2.705563;1.695968;2.586583;4.135262;4.804698;3.458064;4.098853;3.192422;4.742950;5.129058;3.798409;4.291730;3.253196;2.113154;4.551574;2.154170;1.553908;1.578656;5.046822;1.860833;2.442276;4.166073;4.825315;1.500967;4.126511;2.764822;1.694875;4.348469;4.775259;4.890552;3.165587;4.753325;1.475836;3.612524;3.962158;1.625430;5.552715;6.043410;4.185327;3.869443;3.408077;3.019624;2.157564;2.547458;4.022494;3.444344;4.757706;3.884884;4.191882;2.646994;3.413824;2.621016;5.474701;3.622932;5.015031;6.189404;6.081041;9.309208;5.597546;4.557594;9.112254;5.199354;4.726062;4.887315;7.457121;6.485298;7.242707;7.048438;8.926607;8.868334;7.045619;5.360906;5.092125;8.941505;5.298678;5.029323;8.206388;7.117764;6.069179;6.087434;6.545318;7.266522;9.009942;7.273585;7.081950;5.210359;7.939995;7.397251;8.750386;3.699182;4.282893;7.057294;8.441955;5.884271;6.805241;7.152695;8.840296;8.169764;9.385096;7.081631;3.267441;7.485107;4.563597;8.043934;3.801843;7.427212;8.691460;7.501560;5.077913;6.007071;5.947001;9.266264;8.593302;7.023981;3.654061
0.900000;-6.275222;3.011485;3.497037;3.529791;2.987672;3.361305;1.855976;3.159823;4.116241;1.575899;5.331008;1.708287;3.276685;2.341764;3.625192;4.061654;2.621968;1.878411;2.943942;3.796572;5.349013;2.809094;3.814448;4.127517;1.671574;3.872404;3.463169;2.688078;3.505309;2.967148;4.814400;2.999757;4.509098;4.893296;4.792764;1.903521;2.974910;1.336583;3.568197;5.677226;4.928676;1.509045;5.127655;1.918297;5.021185;3.267275;4.032906;4.404388;5.604390;3.657235;2.759447;5.388726;2.709316;1.811996;3.118079;3.372229;3.856633;4.606753;1.866016;5.113234;1.358509;2.701963;1.693171;2.594811;4.133449;4.801990;3.456498;4.095093;3.191530;4.741482;5.126717;3.766646;4.286227;3.249555;2.111349;4.547409;2.151877;1.571155;1.577991;5.043584;1.859046;2.464038;4.165522;4.823864;1.500177;4.122831;2.763254;1.705386;4.339076;4.768857;4.887912;3.162185;4.752732;1.534340;3.611516;3.960592;1.623853;5.546873;6.038031;4.184712;3.865567;3.380215;3.017428;2.155211;2.545895;4.020528;3.441631;4.756517;3.884435;4.188589;2.646994;3.411640;2.619092;5.472299;3.617347;5.082917;6.187873;6.079929;9.307910;5.597345;4.556757;9.109472;5.196146;4.725281;4.888844;7.459814;6.526281;7.234813;7.050007;8.922250;8.864398;7.044370;5.362867;5.088037;8.936667;5.298676;4.290164;8.194828;7.100132;6.067993;6.076754;6.541321;7.251923;9.008450;7.273574;7.081686;5.209624;7.935323;7.394631;8.737782;3.689092;4.279165;7.055686;8.440016;5.882687;6.788175;7.151416;8.839410;8.156290;9.382255;7.078596;3.267442;7.496284;4.553186;8.043228;3.799683;7.421676;8.684991;7.496488;5.077031;5.997375;5.943150;9.260309;8.587520;7.023628;3.654061
0.900000;-4.697372;2.903316;3.486471;3.520858;2.979357;3.345710;1.820049;3.128050;4.111301;1.566584;5.324464;1.700521;3.263247;2.337878;3.637223;4.041238;2.621968;1.864824;2.937627;3.779226;5.338816;2.796665;3.810948;4.118727;1.659545;3.900391;3.452177;2.663210;3.492253;2.957794;4.814399;2.980647;4.502643;4.887931;4.789608;1.903611;2.962758;1.331393;3.551255;5.650983;4.917903;1.505701;5.122859;1.912258;5.003888;3.262305;4.030345;4.399023;5.589316;3.652932;2.749089;5.373453;2.703956;1.805490;3.105276;3.360313;4.003089;4.585785;1.857838;5.101349;1.366675;2.686098;1.680564;2.590531;4.125064;4.789728;3.449205;4.078606;3.187331;4.791230;5.116035;3.798409;4.263292;3.233531;2.103004;4.529362;2.141403;1.692783;1.574845;5.029153;1.850779;2.489120;4.162921;4.817094;1.496439;4.106644;2.755968;1.687174;4.318248;4.742855;4.875963;3.147110;4.749921;1.475836;3.606779;3.953308;1.616519;5.522745;6.015537;4.181809;3.848619;3.379258;3.007374;2.144463;2.538624;4.011477;3.429367;4.750948;3.882305;4.173926;2.646994;3.401620;2.610216;5.461347;3.594137;5.328588;6.180755;6.093409;9.301850;5.596386;4.552807;9.096928;5.181857;4.721601;4.881887;7.456025;6.484918;7.204029;7.132284;8.903476;8.847219;7.038525;5.358382;5.070290;8.916119;5.298677;4.266360;8.205434;7.098428;6.062429;6.037787;6.523924;7.202578;9.001506;7.273585;7.080437;5.206154;7.915377;7.382763;8.737701;3.679970;4.262815;7.048206;8.431074;5.875328;6.732761;7.145445;8.835233;8.109810;9.369472;7.064996;3.267442;7.503682;4.515009;8.039889;3.789778;7.398620;8.658792;7.475093;5.072877;5.961188;5.926325;9.235827;8.563627;7.021959;3.654061
0.900000;-4.844158;2.890611;3.499781;3.532095;2.989811;3.365464;1.851414;3.169210;4.117496;1.578303;5.332681;1.710278;3.280228;2.334979;3.638705;4.067264;2.585005;1.881992;2.945554;3.801252;5.351657;2.812355;3.815334;4.129781;1.674726;3.868739;3.466030;2.695112;3.508739;2.969565;4.814400;3.004963;4.510745;4.894661;4.793561;1.902359;2.978090;1.337903;3.572756;5.684710;4.931476;1.509891;5.128871;1.919837;5.025850;3.268537;4.033554;4.405752;5.608398;3.658328;2.762133;5.392794;2.710680;1.813658;3.121442;3.375344;3.875109;4.587689;1.868118;5.116341;1.352921;2.706205;1.696482;2.601868;4.135606;4.805202;3.458365;4.099517;3.192595;4.757884;5.129493;3.798409;4.292626;3.253844;2.113495;4.552298;2.154596;1.552416;1.578786;5.047404;1.861170;2.445502;4.166180;4.825593;1.501122;4.127159;2.765119;1.686305;4.315208;4.776265;4.891038;3.166196;4.753441;1.475836;3.612719;3.962457;1.625731;5.553656;6.044296;4.185446;3.870125;3.377072;3.020033;2.158003;2.547756;4.022864;3.444843;4.757934;3.884972;4.192476;2.646994;3.414230;2.621376;5.475147;3.623846;5.064454;6.189695;6.079929;9.309459;5.597585;4.557757;9.112766;5.199934;4.726213;4.885767;7.456209;6.502881;7.243867;7.056891;8.927361;8.869030;7.045860;5.358405;5.092838;8.942329;5.298677;4.219618;8.221761;7.098441;6.069410;6.088787;6.546016;7.268013;9.010227;7.273582;7.082002;5.210502;7.940794;7.397738;8.733322;3.692385;4.283550;7.057602;8.442324;5.884576;6.806752;7.152940;8.840468;8.171231;9.385613;7.082188;3.267442;7.488616;4.564940;8.044071;3.802249;7.428123;8.692471;7.502411;5.078084;6.008368;5.947682;9.267223;8.594237;7.024048;3.654060
0.900000;-5.155252;2.875200;3.495546;3.528524;2.986490;3.359159;1.820309;3.155972;4.115534;1.574580;5.330073;1.707180;3.274815;2.330431;3.622944;4.058933;2.422777;1.876520;2.943040;3.794213;5.347569;2.807357;3.813946;4.126267;1.669888;3.868309;3.461620;2.684876;3.503484;2.965822;4.814399;2.997186;4.508174;4.892529;4.792310;2.104536;2.973205;1.335838;3.565886;5.673881;4.927156;1.508564;5.126966;1.917433;5.018832;3.266562;4.032539;4.403618;5.602310;3.656619;2.757983;5.386621;2.708549;1.811067;3.116292;3.370557;3.848914;4.658463;1.864851;5.111566;1.355824;2.699783;1.691410;2.622656;4.132257;4.800272;3.455457;4.092838;3.190928;4.755010;5.125210;3.798409;4.283226;3.247357;2.110162;4.544964;2.150399;1.651589;1.577539;5.041582;1.857869;2.460123;4.165149;4.822895;1.499639;4.120607;2.762212;1.687509;4.350846;4.765540;4.886236;3.160105;4.752328;1.475836;3.610837;3.959553;1.622807;5.543741;6.035079;4.184295;3.863253;3.418833;3.016006;2.153693;2.544856;4.019244;3.439913;4.755719;3.884129;4.186560;2.646994;3.410224;2.617832;5.470755;3.614318;5.117457;6.186857;6.081729;9.307045;5.597206;4.556189;9.107719;5.194166;4.724754;4.882343;7.451186;6.501963;7.231051;7.069876;8.919722;8.862057;7.043533;5.360838;5.085631;8.933934;5.298678;4.224795;8.197547;7.105790;6.067197;6.072348;6.538956;7.246896;9.007461;7.273582;7.081508;5.209125;7.932657;7.392968;8.733820;3.678286;4.276927;7.054618;8.438751;5.881639;6.782857;7.150563;8.838811;8.151419;9.380471;7.076706;3.267442;7.488424;4.548849;8.042747;3.798280;7.418662;8.681662;7.493660;5.076436;5.993172;5.940856;9.257153;8.584421;7.023389;3.654062
0.900000;-6.349432;3.031240;3.492748;3.526131;2.984253;3.355159;1.819253;3.148523;4.114171;1.572090;5.328289;1.705082;3.271324;2.328359;3.642757;4.053848;2.621968;1.872995;2.941316;3.789814;5.344868;2.804108;3.812969;4.123911;1.666731;3.939912;3.458718;2.678834;3.500090;2.963326;4.814400;2.992389;4.506413;4.891054;4.791425;1.910741;2.970023;1.334411;3.561579;5.667548;4.924308;1.507631;5.125642;1.915779;5.014443;3.265191;4.031819;4.402143;5.598434;3.655425;2.755238;5.382698;2.707074;1.809292;3.112954;3.367429;3.843472;4.580614;1.862650;5.108447;1.353635;2.695722;1.688116;2.621464;4.130003;4.797065;3.453480;4.088635;3.189763;4.741480;5.122386;3.798409;4.277593;3.243260;2.107918;4.540407;2.147623;1.555023;1.576657;5.037857;1.855645;2.468927;4.164419;4.821054;1.498598;4.116475;2.760242;1.692630;4.333275;4.759263;4.883103;3.156228;4.751539;1.489960;3.609527;3.957579;1.620818;5.537859;6.029541;4.183481;3.858946;3.382692;3.013335;2.150851;2.542886;4.016821;3.436701;4.754190;3.883528;4.182781;2.646994;3.407555;2.615453;5.467863;3.608628;5.185408;6.184925;6.079996;9.305385;5.596934;4.555091;9.104441;5.190473;4.723727;4.902268;7.509348;6.512842;7.223793;7.045143;8.915002;8.857697;7.041932;5.379257;5.081139;8.928814;5.298676;4.321964;8.195062;7.195422;6.065670;6.063535;6.534546;7.236275;9.005571;7.273585;7.081151;5.208158;7.927671;7.389852;8.752468;3.691567;4.272755;7.052593;8.436351;5.879642;6.771280;7.148930;8.837650;8.141273;9.377137;7.073174;3.267442;7.484412;4.540164;8.041814;3.795644;7.413005;8.675337;7.488358;5.075282;5.984874;5.936574;9.251191;8.578586;7.022914;3.654061
0.900000;-5.895593;2.932110;3.494510;3.527661;2.985693;3.357558;1.823340;3.152478;4.115078;1.573673;5.329457;1.706437;3.273461;2.380662;3.624792;4.056776;2.338897;1.875148;2.942446;3.792413;5.346575;2.806113;3.813629;4.125421;1.668691;3.864823;3.460537;2.682192;3.502172;2.964916;4.814400;2.995179;4.507567;4.892030;4.792026;1.926009;2.971996;1.335358;3.564135;5.671041;4.926097;1.508263;5.126525;1.916868;5.017039;3.266103;4.032309;4.403121;5.600771;3.656224;2.756970;5.385059;2.708051;1.810454;3.115008;3.369372;3.846395;4.578104;1.864068;5.110385;1.368323;2.698155;1.690149;2.581760;4.131451;4.799047;3.454763;4.091138;3.190544;4.746247;5.124161;3.798409;4.280769;3.245711;2.109362;4.543084;2.149372;1.604142;1.577255;5.040119;1.857077;2.471060;4.164916;4.822258;1.499299;4.118942;2.761523;1.751786;4.324029;4.762724;4.885048;3.158567;4.752076;1.553493;3.610401;3.958862;1.622110;5.541152;6.032676;4.184036;3.861502;3.374120;3.015025;2.152635;2.544168;4.018369;3.438688;4.755201;3.883940;4.185062;2.646994;3.409242;2.616974;5.469676;3.611835;5.116964;6.186184;6.080284;9.306479;5.597121;4.555830;9.106465;5.192718;4.724419;4.888169;7.450621;6.484591;7.227677;7.151063;8.917761;8.860279;7.042988;5.364443;5.083784;8.931751;5.298678;4.244460;8.218549;7.115717;6.066680;6.068050;6.537150;7.241530;9.006803;7.273585;7.081397;5.208811;7.930556;7.391787;8.774344;3.680386;4.275244;7.053909;8.437887;5.880939;6.776957;7.150006;8.838428;8.146328;9.379188;7.075333;3.267441;7.489969;4.544632;8.042446;3.797314;7.416199;8.678822;7.491386;5.076056;5.989177;5.939117;9.254515;8.581856;7.023241;3.654060
0.900000;-4.753925;2.898792;3.496705;3.529534;2.987443;3.360709;1.819198;3.158497;4.116142;1.575622;5.330853;1.708079;3.276205;2.332824;3.615470;4.060806;2.621968;1.877926;2.943794;3.795886;5.348697;2.808665;3.814391;4.127264;1.671165;3.889958;3.462814;2.687015;3.504845;2.966871;4.814399;2.998974;4.508942;4.893180;4.792715;1.962005;2.974494;1.336473;3.567532;5.676096;4.928329;1.508991;5.127559;1.918159;5.020503;3.267174;4.032871;4.404273;5.603823;3.657156;2.759120;5.388148;2.709201;1.811840;3.117629;3.371826;3.850758;4.759580;1.865791;5.112833;1.350716;2.701354;1.692735;2.580402;4.133215;4.801573;3.456310;4.094450;3.191453;4.747573;5.126376;3.798409;4.285247;3.248939;2.111117;4.546686;2.151550;1.544966;1.577942;5.043050;1.858817;2.449989;4.165486;4.823697;1.500111;4.122200;2.763067;1.702683;4.313510;4.767746;4.887508;3.161618;4.752690;1.495382;3.611423;3.960406;1.623662;5.545836;6.037080;4.184670;3.864901;3.404799;3.017118;2.154866;2.545708;4.020265;3.441209;4.756395;3.884409;4.188040;2.646994;3.411329;2.618837;5.471944;3.616364;5.555305;6.187693;6.080215;9.307773;5.597334;4.556686;9.109040;5.195623;4.725219;4.885343;7.453119;6.500196;7.233524;7.059147;8.921490;8.863720;7.044238;5.359339;5.087330;8.935819;5.298677;4.384794;8.313419;7.099979;6.067872;6.075278;6.540632;7.250464;9.008276;7.273589;7.081675;5.209566;7.934499;7.394234;8.735463;3.705695;4.278533;7.055489;8.439760;5.882500;6.786870;7.151281;8.839334;8.154798;9.381809;7.078111;3.267442;7.493047;4.551730;8.043174;3.799379;7.420696;8.683881;7.495594;5.076955;5.995942;5.942493;9.259267;8.586505;7.023608;3.654061
0.900000;-6.300526;3.020553;3.487593;3.521750;2.980166;3.347668;1.880637;3.133892;4.111716;1.567529;5.325055;1.701261;3.264827;2.340835;3.643264;4.044164;2.621968;1.866423;2.938193;3.781515;5.339886;2.798075;3.811221;4.119598;1.660889;3.869711;3.453361;2.667178;3.493765;2.958743;4.814400;2.983294;4.503222;4.888391;4.789851;1.947524;2.964120;1.331834;3.553466;5.655299;4.919055;1.505961;5.123258;1.912792;5.006169;3.262723;4.030536;4.399482;5.591176;3.653282;2.750180;5.375347;2.704414;1.806077;3.106748;3.361639;3.856299;4.738231;1.858629;5.102671;1.349754;2.688102;1.682001;2.588056;4.125883;4.791115;3.449884;4.080728;3.187671;4.777658;5.117173;3.798409;4.266792;3.235565;2.103818;4.531790;2.142514;1.630858;1.575086;5.030899;1.851581;2.442125;4.163114;4.817711;1.496734;4.108710;2.756650;1.711314;4.315925;4.747111;4.877296;3.148970;4.750133;1.521177;3.607174;3.953989;1.617205;5.526536;6.018932;4.182030;3.850831;3.373200;3.008420;2.145614;2.539301;4.012384;3.430748;4.751430;3.882459;4.175714;2.646994;3.402665;2.611100;5.462525;3.597701;5.001132;6.181413;6.087240;9.302390;5.596452;4.553123;9.098352;5.183576;4.721891;4.886351;7.462132;6.491163;7.209585;7.045237;8.906056;8.849478;7.039037;5.358600;5.072655;8.919074;5.298676;4.260146;8.206404;7.099422;6.062910;6.045896;6.526223;7.214450;9.002141;7.273589;7.080521;5.206425;7.918197;7.384082;8.734461;3.678296;4.264911;7.048910;8.431966;5.876013;6.747058;7.145972;8.835570;8.120586;9.370935;7.066595;3.267442;7.571233;4.522844;8.040148;3.790801;7.402145;8.663100;7.478230;5.073212;5.968380;5.928512;9.239700;8.567356;7.022076;3.654061
0.900000;-4.753574;2.899064;3.494052;3.527206;2.985245;3.357222;1.821239;3.153486;4.114727;1.573215;5.329049;1.706000;3.273053;2.338212;3.615044;4.056706;2.621968;1.874738;2.942046;3.792156;5.346117;2.805680;3.813355;4.124967;1.668248;3.959311;3.460082;2.682483;3.501753;2.964458;4.814400;2.995025;4.507162;4.891664;4.791772;1.922350;2.971555;1.334999;3.563855;5.671457;4.925641;1.507998;5.126182;1.916475;5.016778;3.265752;4.032095;4.402754;5.600411;3.655907;2.756511;5.384708;2.707684;1.810047;3.114584;3.368929;3.827506;4.657993;1.863623;5.109941;1.351094;2.697828;1.689718;2.582202;4.131002;4.798611;3.454336;4.090838;3.190231;4.748994;5.123705;3.798409;4.280892;3.245389;2.108914;4.542865;2.148915;1.536835;1.577002;5.039736;1.856630;2.454534;4.164700;4.821841;1.499011;4.118631;2.761097;1.715233;4.375464;4.763121;4.884605;3.158208;4.751845;1.494923;3.610061;3.958433;1.621682;5.541372;6.032763;4.183799;3.861223;3.375975;3.014566;2.152182;2.543739;4.017913;3.438251;4.754826;3.883757;4.184692;2.646994;3.408777;2.616520;5.469220;3.611977;4.963243;6.185758;6.081148;9.306086;5.597034;4.555530;9.106030;5.192330;4.724134;4.883812;7.456079;6.483480;7.228571;7.057363;8.917583;8.860010;7.042603;5.361558;5.083548;8.931697;5.298678;4.260196;8.195394;7.160761;6.066303;6.069960;6.536895;7.244915;9.006381;7.273589;7.081284;5.208540;7.930455;7.391344;8.737232;3.707122;4.274936;7.053474;8.437428;5.880509;6.781235;7.149613;8.838118;8.149291;9.378759;7.074927;3.267441;7.489877;4.546441;8.042181;3.796857;7.416328;8.679230;7.491386;5.075744;5.990725;5.938833;9.254767;8.582054;7.023093;3.654060
0.900000;-5.788198;2.916930;3.491760;3.525337;2.983529;3.353498;1.823433;3.144073;4.113794;1.571254;5.327756;1.704422;3.269961;2.329235;3.633636;4.051439;2.603714;1.871608;2.940806;3.787888;5.343923;2.802882;3.812720;4.123135;1.665560;3.876194;3.457676;2.675670;3.498778;2.962482;4.814399;2.990190;4.505890;4.890636;4.791206;1.921241;2.968834;1.334011;3.559715;5.664140;4.923293;1.507394;5.125280;1.915298;5.012526;3.264811;4.031645;4.401727;5.596845;3.655106;2.754275;5.381079;2.706659;1.808764;3.111675;3.366271;3.826232;4.579584;1.861941;5.107293;1.408779;2.694018;1.686866;2.588169;4.129272;4.795866;3.452870;4.086839;3.189453;4.797199;5.121382;3.760121;4.274767;3.241532;2.107192;4.538374;2.146647;1.688694;1.576438;5.036359;1.854928;2.449156;4.164240;4.820497;1.498329;4.114720;2.759629;1.697445;4.311050;4.755894;4.881938;3.154638;4.751347;1.475836;3.609169;3.956968;1.620203;5.534824;6.026786;4.183281;3.857085;3.376714;3.012408;2.149844;2.542278;4.016014;3.435497;4.753755;3.883387;4.181248;2.646994;3.406636;2.614669;5.466827;3.605753;4.972418;6.184334;6.082491;9.304904;5.596873;4.554804;9.103199;5.188995;4.723462;4.883259;7.484107;6.498691;7.219540;7.054260;8.912856;8.855797;7.041469;5.360902;5.079152;8.926384;5.298678;4.210174;8.201849;7.108244;6.065232;6.057617;6.532611;7.228055;9.004998;7.273582;7.081072;5.207911;7.925341;7.388699;8.733778;3.679358;4.270979;7.051962;8.435555;5.879025;6.761617;7.148454;8.837344;8.133709;9.375862;7.071791;3.267442;7.488139;4.534420;8.041579;3.794738;7.410159;8.671937;7.485786;5.074977;5.979534;5.934726;9.248092;8.575591;7.022807;3.654061
0.900000;-5.664852;2.901312;3.493185;3.526574;2.984692;3.355431;1.819252;3.146898;4.114520;1.572535;5.328695;1.705515;3.271693;2.330690;3.619356;4.053753;2.549313;1.873353;2.941715;3.789972;5.345306;2.804508;3.813243;4.124354;1.667144;3.864361;3.459149;2.678247;3.500468;2.963769;4.814400;2.992410;4.506817;4.891419;4.791679;2.010643;2.970431;1.334769;3.561765;5.666779;4.924743;1.507896;5.125983;1.916171;5.014606;3.265541;4.032032;4.402510;5.598731;3.655743;2.755676;5.382985;2.707441;1.809697;3.113342;3.367844;3.841555;4.594202;1.863087;5.108862;1.369699;2.695976;1.688512;2.587006;4.130443;4.797472;3.453905;4.088851;3.190075;4.741438;5.122820;3.762505;4.277239;3.243504;2.108356;4.540513;2.148064;1.635899;1.576910;5.038185;1.856084;2.451140;4.164635;4.821465;1.498886;4.116711;2.760662;1.688944;4.311915;4.758525;4.883515;3.156523;4.751770;1.475836;3.609868;3.958002;1.621243;5.537364;6.029237;4.183718;3.859130;3.388487;3.013775;2.151289;2.543309;4.017265;3.437105;4.754565;3.883711;4.183095;2.646994;3.407998;2.615897;5.468295;3.608243;5.041316;6.185343;6.082566;9.305779;5.597022;4.555390;9.104836;5.190807;4.724012;4.884583;7.452200;6.517256;7.222341;7.048369;8.915052;8.857865;7.042315;5.383390;5.081268;8.928709;5.298678;4.218123;8.245376;7.099205;6.066043;6.060509;6.534699;7.230763;9.005990;7.273589;7.081266;5.208428;7.927627;7.390267;8.738151;3.685412;4.272978;7.053020;8.436801;5.880072;6.764080;7.149316;8.837962;8.136492;9.377525;7.073536;3.267441;7.498949;4.537311;8.042079;3.796086;7.412636;8.674571;7.488167;5.075591;5.982417;5.936768;9.250649;8.578116;7.023063;3.654063
0.900000;-5.813929;2.918999;3.497952;3.530581;2.988414;3.362575;1.822228;3.162238;4.116705;1.576714;5.331607;1.708984;3.277808;2.369458;3.617860;4.063261;2.577830;1.879538;2.944523;3.797969;5.349898;2.810145;3.814786;4.128294;1.672592;3.868150;3.464113;2.689994;3.506400;2.967969;4.814400;3.001271;4.509689;4.893796;4.793069;1.920336;2.975936;1.337069;3.569567;5.679238;4.929602;1.509369;5.128106;1.918854;5.022581;3.267741;4.033158;4.404889;5.605626;3.657645;2.760343;5.389977;2.709817;1.812592;3.119159;3.373239;3.846744;4.609974;1.866746;5.114243;1.349326;2.703254;1.694234;2.592264;4.134194;4.803023;3.457155;4.096427;3.191929;4.792175;5.127638;3.684512;4.288007;3.250861;2.112093;4.548853;2.152780;1.565611;1.578295;5.044771;1.859782;2.441531;4.165778;4.824480;1.500535;4.124141;2.763913;1.755831;4.366108;4.770856;4.888926;3.163424;4.753006;1.470522;3.611963;3.961251;1.624514;5.548730;6.039782;4.184997;3.866933;3.374027;3.018302;2.156135;2.546552;4.021327;3.442667;4.757035;3.884645;4.189794;2.646994;3.412508;2.619875;5.473239;3.619150;4.960471;6.188519;6.089541;9.308470;5.597440;4.557134;9.110531;5.197330;4.725636;4.885106;7.451003;6.647539;7.237159;7.111418;8.923751;8.865786;7.044911;5.358776;5.089463;8.938286;5.298676;4.235396;8.208344;7.102443;6.068508;6.079725;6.542722;7.255771;9.009084;7.273593;7.081813;5.209959;7.936898;7.395641;8.748241;3.684329;4.280493;7.056360;8.440807;5.883354;6.792562;7.151968;8.839808;8.159886;9.383333;7.079731;3.267441;7.514181;4.556113;8.043549;3.800542;7.423468;8.687011;7.498168;5.077427;6.000133;5.944512;9.262201;8.589371;7.023795;3.654061
0.900000;-4.509207;2.932387;3.491687;3.525188;2.983360;3.353835;1.819256;3.147445;4.113590;1.571116;5.327552;1.704236;3.270089;2.352427;3.653930;4.052420;2.339367;1.871750;2.940601;3.788432;5.343829;2.802925;3.812545;4.122980;1.665574;3.972088;3.457628;2.677447;3.498869;2.962349;4.814400;2.990974;4.505686;4.890431;4.791041;1.911831;2.968857;1.333805;3.560208;5.666204;4.923231;1.507223;5.125077;1.915092;5.013067;3.264609;4.031501;4.401521;5.597126;3.654913;2.754188;5.381383;2.706452;1.808559;3.111753;3.366279;3.833141;4.630813;1.861768;5.107299;1.356307;2.694387;1.686924;2.613127;4.129102;4.795897;3.452675;4.087277;3.189261;4.747936;5.121313;3.779462;4.276174;3.241918;2.107022;4.539008;2.146564;1.562423;1.576273;5.036574;1.854755;2.473629;4.164094;4.820296;1.498147;4.115128;2.759432;1.699252;4.337294;4.757905;4.881949;3.154921;4.751192;1.475836;3.608969;3.956773;1.620010;5.536455;6.028117;4.183125;3.857575;3.377159;3.012306;2.149778;2.542082;4.015871;3.435529;4.753548;3.883261;4.181489;2.646994;3.406529;2.614515;5.466774;3.607213;5.166173;6.184134;6.081574;9.304696;5.596810;4.554616;9.103252;5.189197;4.723282;4.882031;7.475589;6.500361;7.222661;7.045777;8.913589;8.856320;7.041262;5.362382;5.079747;8.927385;5.298676;4.209530;8.210113;7.099363;6.065024;6.063081;6.533161;7.237194;9.004797;7.273582;7.080992;5.207736;7.926252;7.388705;8.733568;3.738252;4.271402;7.051773;8.435411;5.878832;6.773238;7.148245;8.837151;8.141762;9.375933;7.071933;3.267443;7.484920;4.539636;8.041410;3.794628;7.411588;8.673997;7.486929;5.074786;5.984142;5.935205;9.249795;8.577177;7.022703;3.654061
0.900000;-6.064191;2.961793;3.497357;3.530021;2.987872;3.362007;1.819943;3.162815;4.116316;1.576144;5.331134;1.708460;3.277207;2.328456;3.615423;4.062881;2.616258;1.878943;2.944060;3.797452;5.349313;2.809540;3.814489;4.127739;1.671987;3.864996;3.463516;2.689911;3.505796;2.967400;4.814399;3.000823;4.509220;4.893382;4.792796;1.958854;2.975332;1.336665;3.569034;5.679273;4.929008;1.509081;5.127725;1.918404;5.022058;3.267348;4.032931;4.404473;5.605049;3.657294;2.759752;5.389402;2.709403;1.812120;3.118553;3.372635;3.837855;4.756760;1.866208;5.113640;1.353157;2.702693;1.693630;2.581442;4.133651;4.802415;3.456650;4.095881;3.191585;4.750231;5.127045;3.798409;4.287778;3.250303;2.111551;4.548362;2.152191;1.682399;1.578024;5.044182;1.859242;2.495713;4.165547;4.823996;1.500221;4.123588;2.763408;1.691570;4.312386;4.770865;4.888322;3.162843;4.752759;1.475836;3.611584;3.960746;1.624009;5.548592;6.039525;4.184741;3.866401;3.375617;3.017717;2.155540;2.546048;4.020764;3.442060;4.756609;3.884452;4.189205;2.646994;3.411921;2.619317;5.472643;3.618943;5.108864;6.188020;6.080320;9.308019;5.597349;4.556806;9.109926;5.196737;4.725324;4.884476;7.450296;6.509634;7.237629;7.062841;8.923286;8.865261;7.044472;5.360060;5.088961;8.937915;5.298677;4.256780;8.198470;7.136201;6.068085;6.081199;6.542206;7.258774;9.008595;7.273593;7.081695;5.209664;7.936497;7.395037;8.733679;3.682824;4.279944;7.055845;8.440248;5.882845;6.796554;7.151521;8.839464;8.162442;9.382729;7.079128;3.267442;7.489878;4.557477;8.043263;3.799963;7.423249;8.687037;7.497840;5.077086;6.001235;5.943978;9.262091;8.589214;7.023640;3.654061
0.900000;-4.550529;2.928384;3.504739;3.536294;2.993723;3.372757;1.820120;3.184294;4.119832;1.582675;5.335766;1.713933;3.286518;2.367469;3.673755;4.076827;2.621968;1.888353;2.948531;3.809368;5.356441;2.818178;3.816994;4.133913;1.680359;3.864856;3.471183;2.706800;3.514850;2.973958;4.814400;3.013904;4.513789;4.897194;4.795057;1.913591;2.983782;1.340355;3.580683;5.697056;4.936528;1.511477;5.131139;1.922686;5.033942;3.270886;4.034770;4.408286;5.615449;3.660365;2.766992;5.399940;2.713211;1.816725;3.127439;3.380927;3.826679;4.654918;1.871964;5.121911;1.351098;2.713626;1.702388;2.615444;4.139548;4.810935;3.461800;4.107231;3.194584;4.744415;5.134503;3.779370;4.303387;3.261343;2.117420;4.560744;2.159511;1.551237;1.580279;5.054160;1.865059;2.475338;4.167416;4.828782;1.502892;4.134733;2.768552;1.687296;4.314876;4.788501;4.896638;3.173251;4.754776;1.465589;3.614958;3.965888;1.629185;5.564981;6.054847;4.186825;3.878051;3.411969;3.024753;2.163041;2.551180;4.027115;3.450590;4.760564;3.885985;4.199337;2.646994;3.418935;2.625548;5.480284;3.634734;4.968923;6.193049;6.121655;9.312316;5.598042;4.559628;9.118643;5.206624;4.727959;4.937569;7.460136;6.520122;7.258457;7.047310;8.936152;8.877065;7.048618;5.359633;5.101149;8.951959;5.298678;4.279973;8.197429;7.104445;6.072039;6.107558;6.554159;7.292418;9.013500;7.273585;7.082599;5.212147;7.950143;7.403300;8.744306;3.720131;4.291203;7.061122;8.446524;5.888040;6.834646;7.155757;8.842446;8.194043;9.391604;7.088559;3.267442;7.506678;4.583302;8.045653;3.806898;7.438941;8.704812;7.512435;5.080051;6.025692;5.955551;9.278725;8.605458;7.024844;3.654060
0.900000;-7.163374;3.317572;3.511934;3.542337;2.999335;3.383561;1.825267;3.207210;4.123119;1.588987;5.340152;1.719161;3.295763;2.364505;3.727094;4.091181;2.614256;1.897709;2.952760;3.821455;5.363377;2.826701;3.819310;4.139853;1.688590;3.864471;3.478678;2.724486;3.523818;2.980298;4.814399;3.027292;4.518115;4.900771;4.797139;1.912385;2.992104;1.343814;3.592472;5.715784;4.943868;1.513686;5.134328;1.926724;5.045996;3.274193;4.036455;4.411863;5.625881;3.663221;2.774036;5.410512;2.716786;1.821084;3.136230;3.389081;4.052484;4.606610;1.877479;5.130043;1.365711;2.724631;1.711038;2.589569;4.145208;4.819338;3.466700;4.118692;3.197369;4.743538;5.141780;3.798409;4.319619;3.272461;2.123052;4.573345;2.166636;1.549757;1.582356;5.064121;1.870639;2.461098;4.169128;4.833321;1.505367;4.145974;2.773453;1.784252;4.337532;4.807042;4.904814;3.183681;4.756629;1.475836;3.618109;3.970783;1.634112;5.582106;6.070753;4.188740;3.889845;3.375997;3.031588;2.170361;2.556067;4.033242;3.458990;4.764280;3.887384;4.209464;2.646994;3.425741;2.631547;5.487750;3.651176;5.315232;6.197828;6.081118;9.316366;5.598666;4.562245;9.127245;5.216483;4.730395;4.893476;7.467781;6.499169;7.280618;7.048340;8.949278;8.889030;7.052523;5.362752;5.113528;8.966407;5.298678;4.229055;8.194974;7.116897;6.075747;6.135950;6.566282;7.328657;9.018164;7.273585;7.083415;5.214441;7.964148;7.411419;8.733772;3.680474;4.302560;7.066154;8.452578;5.892990;6.875375;7.159748;8.845217;8.228121;9.400373;7.097920;3.267441;7.487961;4.611102;8.047858;3.813623;7.455261;8.723499;7.527521;5.082805;6.051972;5.967258;9.296118;8.622409;7.025938;3.654061
0.900000;-4.543084;2.924919;3.487699;3.521869;2.980288;3.347691;1.847874;3.133312;4.111827;1.567645;5.325176;1.701384;3.264889;2.339866;3.676574;4.044053;2.621968;1.866487;2.938314;3.781492;5.339996;2.798162;3.811312;4.119720;1.660976;3.881850;3.453465;2.666903;3.493839;2.958861;4.814399;2.983224;4.503345;4.888506;4.789934;1.928925;2.964210;1.331946;3.553454;5.654963;4.919159;1.506049;5.123367;1.912910;5.006148;3.262833;4.030609;4.399597;5.591210;3.653384;2.750290;5.375379;2.704529;1.806198;3.106821;3.361730;3.863129;4.578372;1.858751;5.102762;1.360108;2.688119;1.682080;2.579602;4.126005;4.791203;3.450011;4.080728;3.187771;4.741575;5.117279;3.798409;4.266589;3.235578;2.103938;4.531749;2.142622;1.653536;1.575169;5.030948;1.851703;2.480601;4.163188;4.817834;1.496828;4.108718;2.756770;1.760350;4.316046;4.746790;4.877386;3.149003;4.750210;1.491601;3.607281;3.954111;1.617327;5.526285;6.018747;4.182108;3.850821;3.375138;3.008533;2.145719;2.539425;4.012503;3.430831;4.751545;3.882522;4.175753;2.646994;3.402775;2.611221;5.462629;3.597492;4.989182;6.181535;6.091012;9.302513;5.596482;4.553220;9.098436;5.183628;4.721984;4.902860;7.454169;6.487978;7.209052;7.055092;8.905998;8.849461;7.039154;5.358645;5.072624;8.918950;5.298677;4.214617;8.199899;7.098938;6.063027;6.044946;6.526198;7.212888;9.002265;7.273585;7.080562;5.206515;7.918100;7.384175;8.733563;3.686522;4.264916;7.049033;8.432084;5.876137;6.745105;7.146092;8.835670;8.119203;9.371015;7.066658;3.267441;7.490874;4.521947;8.040236;3.790912;7.401946;8.662775;7.478092;5.073314;5.967580;5.928500;9.239443;8.567119;7.022127;3.654061
0.900000;-4.068087;3.028979;3.498707;3.531199;2.988982;3.363804;1.866134;3.165274;4.117015;1.577365;5.332036;1.709506;3.278826;2.333655;3.614570;4.064985;2.621968;1.880570;2.944933;3.799371;5.350626;2.811070;3.814996;4.128901;1.673480;3.869588;3.464911;2.692208;3.507382;2.968623;4.814400;3.002856;4.510112;4.894137;4.793254;1.902310;2.976835;1.337397;3.570926;5.681613;4.930378;1.509568;5.128404;1.919242;5.023975;3.268052;4.033307;4.405228;5.606799;3.657910;2.761080;5.391169;2.710155;1.813016;3.120114;3.374117;3.828480;4.577990;1.867301;5.115119;1.371498;2.704508;1.695175;2.581629;4.134768;4.803933;3.457644;4.097744;3.192187;4.741857;5.128406;3.798409;4.290006;3.252128;2.112663;4.550325;2.153533;1.646470;1.578482;5.045885;1.860347;2.451381;4.165929;4.824923;1.500761;4.125429;2.764401;1.697275;4.315783;4.773200;4.889806;3.164596;4.753171;1.475836;3.612258;3.961736;1.625003;5.550862;6.041730;4.185167;3.868295;3.372575;3.019016;2.156906;2.547036;4.021953;3.443576;4.757389;3.884768;4.190929;2.646994;3.413220;2.620487;5.474031;3.621175;5.026986;6.188990;6.079922;9.308862;5.597494;4.557374;9.111464;5.198425;4.725859;4.884049;7.484421;6.516174;7.240069;7.059924;8.925292;8.867161;7.045287;5.358416;5.090905;8.940022;5.298678;4.209527;8.194592;7.170982;6.068865;6.083682;6.544126;7.261157;9.009542;7.273589;7.081882;5.210167;7.938572;7.396513;8.785338;3.757350;4.281793;7.056859;8.441422;5.883843;6.798843;7.152353;8.840062;8.164863;9.384283;7.080764;3.267441;7.485232;4.559951;8.043748;3.801244;7.425471;8.689370;7.499990;5.077681;6.003717;5.945861;9.264377;8.591475;7.023889;3.654060
0.900000;-3.968752;3.051583;3.488614;3.522676;2.981053;3.348838;1.833583;3.134151;4.112316;1.568480;5.325803;1.702106;3.265960;2.346324;3.650865;4.045274;2.326853;1.867558;2.938922;3.782684;5.340889;2.799175;3.811668;4.120518;1.661977;3.963886;3.454407;2.668068;3.494887;2.959697;4.814400;2.984438;4.503964;4.889033;4.790260;1.905957;2.965214;1.332458;3.554636;5.656091;4.920088;1.506390;5.123844;1.913495;5.007339;3.263326;4.030875;4.400125;5.592340;3.653817;2.751191;5.376514;2.705056;1.806822;3.107857;3.362721;3.854591;4.646745;1.859506;5.103753;1.350141;2.689273;1.683109;2.581853;4.126773;4.792205;3.450696;4.081902;3.188195;4.811097;5.118202;3.756787;4.267792;3.236736;2.104706;4.532953;2.143531;1.566379;1.575493;5.032053;1.852464;2.441745;4.163458;4.818479;1.497207;4.109878;2.757456;1.731876;4.339979;4.747921;4.878380;3.150133;4.750500;1.553315;3.607752;3.954798;1.618015;5.527469;6.019958;4.182408;3.852003;3.387364;3.009413;2.146645;2.540110;4.013320;3.431844;4.752090;3.882745;4.176875;2.646994;3.403656;2.612025;5.463567;3.598690;5.003163;6.182210;6.081082;9.303095;5.596584;4.553617;9.099457;5.184727;4.722360;4.889487;7.450403;6.487659;7.209954;7.081727;8.907205;8.850641;7.039723;5.359501;5.073821;8.920179;5.298677;4.220370;8.194855;7.112356;6.063571;6.045157;6.527392;7.211766;9.002924;7.273597;7.080695;5.206869;7.919318;7.385163;8.741111;3.691278;4.266082;7.049735;8.432894;5.876831;6.743013;7.146670;8.836092;8.118493;9.372049;7.067734;3.267441;7.577966;4.522233;8.040576;3.791789;7.403146;8.663885;7.479309;5.073732;5.968065;5.929685;9.240617;8.568307;7.022304;3.654060
0.900000;-6.258071;3.005388;3.495689;3.528579;2.986519;3.359702;1.821733;3.159052;4.115475;1.574650;5.330043;1.707187;3.275157;2.338743;3.614570;4.060047;2.621968;1.876882;2.943004;3.794944;5.347690;2.807621;3.813881;4.126317;1.670123;3.865972;3.461788;2.686663;3.503799;2.965898;4.814399;2.998125;4.508142;4.892475;4.792246;1.909205;2.973453;1.335784;3.566573;5.675901;4.927310;1.508501;5.126906;1.917391;5.019558;3.266503;4.032480;4.403566;5.602802;3.656555;2.758113;5.387134;2.708496;1.811036;3.116587;3.370786;3.871032;4.722681;1.864875;5.111794;1.376829;2.700356;1.691690;2.601822;4.132288;4.800521;3.455449;4.093473;3.190864;4.750140;5.125359;3.797304;4.284704;3.247946;2.110194;4.545778;2.150537;1.531743;1.577474;5.042014;1.857896;2.602271;4.165090;4.822873;1.499574;4.121211;2.762206;1.719149;4.442791;4.767521;4.886468;3.160598;4.752267;1.475970;3.610776;3.959544;1.622797;5.545405;6.036491;4.184234;3.863942;3.390592;3.016119;2.153847;2.544847;4.019305;3.440167;4.755670;3.884076;4.187011;2.646994;3.410331;2.617882;5.470921;3.615842;5.230292;6.186844;6.079860;9.307004;5.597178;4.556124;9.107994;5.194588;4.724688;4.889371;7.497416;6.497006;7.233936;7.048666;8.920625;8.862773;7.043489;5.368641;5.086409;8.935067;5.298678;4.210899;8.196735;7.181456;6.067149;6.077060;6.539693;7.254368;9.007442;7.273589;7.081471;5.209061;7.933712;7.393196;8.754539;3.685572;4.277550;7.054615;8.438806;5.881635;6.792137;7.150522;8.838747;8.158084;9.380765;7.077069;3.267442;7.491019;4.553370;8.042683;3.798384;7.420163;8.683682;7.494910;5.076371;5.997220;5.941529;9.258875;8.586051;7.023343;3.654060
0.900000;-7.268731;3.368745;3.510494;3.541122;2.998204;3.381426;1.829821;3.202647;4.122447;1.587718;5.339261;1.718104;3.293931;2.348211;3.674754;4.088352;2.621968;1.895849;2.951900;3.819069;5.361987;2.824999;3.818831;4.138660;1.686948;3.893200;3.477178;2.720994;3.522035;2.979024;4.814400;3.024654;4.517235;4.900041;4.796710;1.932262;2.990446;1.343106;3.590144;5.712090;4.942400;1.513231;5.133676;1.925901;5.043616;3.273517;4.036107;4.411133;5.623814;3.662635;2.772627;5.408418;2.716056;1.820198;3.134483;3.387455;3.845614;4.615774;1.876366;5.128420;1.349809;2.722454;1.709314;2.579405;4.144067;4.817660;3.465708;4.116427;3.196796;4.745240;5.140323;3.723207;4.316418;3.270263;2.121917;4.570858;2.165215;1.530170;1.581927;5.062145;1.869513;2.501983;4.168775;4.832398;1.504857;4.143751;2.772458;1.714010;4.335299;4.803381;4.903183;3.181614;4.756246;1.475836;3.617463;3.969791;1.633118;5.578729;6.067615;4.188343;3.887516;3.446490;3.030216;2.168897;2.555077;4.032008;3.457318;4.763522;3.887094;4.207455;2.646994;3.424378;2.630344;5.486259;3.647934;4.961749;6.196859;6.079935;9.315541;5.598537;4.561708;9.125532;5.214528;4.729893;4.950488;7.451173;6.550185;7.276214;7.045203;8.946689;8.886663;7.051728;5.360116;5.111085;8.963552;5.298677;4.306289;8.198005;7.134818;6.074993;6.130208;6.563888;7.321137;9.017217;7.273585;7.083245;5.213967;7.961377;7.409799;8.733639;3.688160;4.300313;7.065134;8.451360;5.891985;6.866784;7.158935;8.844647;8.221102;9.398630;7.096057;3.267442;7.527663;4.605493;8.047403;3.812274;7.452043;8.719801;7.524545;5.082239;6.046691;5.964945;9.292686;8.619064;7.025711;3.654060
0.900000;-5.999969;2.948676;3.495727;3.528641;2.986588;3.359609;1.821341;3.158162;4.115552;1.574708;5.330122;1.707261;3.275134;2.375989;3.641711;4.059766;2.621968;1.876845;2.943084;3.794791;5.347737;2.807623;3.813948;4.126381;1.670133;3.864409;3.461817;2.686163;3.503783;2.965956;4.814400;2.997903;4.508225;4.892555;4.792309;1.909189;2.973459;1.335862;3.566436;5.675329;4.927345;1.508566;5.126984;1.917472;5.019406;3.266581;4.032535;4.403645;5.602726;3.656630;2.758154;5.387053;2.708575;1.811115;3.116576;3.370798;3.912005;4.586142;1.864945;5.111804;1.355699;2.700257;1.691686;2.602044;4.132358;4.800529;3.455526;4.093352;3.190937;4.749583;5.125397;3.798409;4.284305;3.247840;2.110263;4.545596;2.150578;1.579159;1.577538;5.041959;1.857965;2.444937;4.165145;4.822950;1.499642;4.121101;2.762280;1.739041;4.347706;4.766962;4.886479;3.160525;4.752326;1.496111;3.610853;3.959622;1.622876;5.544948;6.036113;4.184294;3.863802;3.390094;3.016168;2.153882;2.544925;4.019366;3.440169;4.755749;3.884123;4.186949;2.646994;3.410378;2.617944;5.470951;3.615429;4.986028;6.186921;6.082044;9.307085;5.597202;4.556196;9.107994;5.194539;4.724757;4.881889;7.450027;6.488714;7.233107;7.046583;8.920415;8.862625;7.043568;5.358913;5.086240;8.934787;5.298678;4.648558;8.198374;7.296112;6.067226;6.075749;6.539538;7.252491;9.007521;7.273582;7.081502;5.209128;7.933449;7.393207;8.745442;3.678834;4.277434;7.054692;8.438870;5.881709;6.789982;7.150602;8.838819;8.156356;9.380757;7.077039;3.267442;7.526235;4.552107;8.042748;3.798433;7.419758;8.683114;7.494587;5.076443;5.996080;5.941397;9.258398;8.585604;7.023381;3.654061
0.900000;-5.213310;2.874945;3.501099;3.533179;2.990809;3.367538;1.819244;3.173949;4.118050;1.579441;5.333438;1.711201;3.281972;2.329713;3.615915;4.070107;2.621968;1.883759;2.946282;3.803600;5.352922;2.813948;3.815713;4.130845;1.676254;4.113567;3.467406;2.698685;3.510426;2.970708;4.814400;3.007594;4.511493;4.895267;4.793898;2.054030;2.979638;1.338487;3.575040;5.688519;4.932821;1.510251;5.129407;1.920530;5.028194;3.269094;4.033823;4.406360;5.610392;3.658803;2.763418;5.394817;2.711285;1.814411;3.123090;3.376857;4.078497;4.597158;1.869096;5.117850;1.350667;2.708320;1.698098;2.610102;4.136614;4.806762;3.459224;4.101730;3.193056;4.741452;5.130826;3.798409;4.295879;3.255985;2.114496;4.554758;2.155904;1.632954;1.579123;5.049303;1.862163;2.520494;4.166454;4.826384;1.501529;4.129329;2.765978;1.686241;4.454544;4.780027;4.892556;3.168189;4.753739;1.465393;3.613247;3.963313;1.626594;5.557106;6.047476;4.185755;3.872410;3.374652;3.021277;2.159344;2.548610;4.023962;3.446409;4.758567;3.885194;4.194407;2.646994;3.415473;2.622452;5.476520;3.627140;4.964965;6.190528;6.079973;9.310150;5.597682;4.558189;9.114373;5.201804;4.726614;4.890907;7.465403;6.495334;7.248427;7.052105;8.929937;8.871346;7.046527;5.359626;5.095253;8.945180;5.298678;4.259720;8.210065;7.104929;6.070042;6.094745;6.548372;7.275802;9.011039;7.273582;7.082129;5.210876;7.943556;7.399243;8.733700;3.681656;4.285742;7.058484;8.443405;5.885442;6.815621;7.153623;8.840928;8.178509;9.387254;7.083951;3.267442;7.497228;4.570762;8.044428;3.803467;7.431393;8.696263;7.505406;5.078540;6.013850;5.949942;9.270728;8.597646;7.024220;3.654061
0.900000;-4.113312;3.019058;3.504930;3.536443;2.993858;3.373093;1.819342;3.185050;4.119895;1.582836;5.335862;1.714053;3.286788;2.364168;3.623773;4.077302;2.367198;1.888628;2.948622;3.809751;5.356623;2.818419;3.817034;4.134058;1.680587;4.046417;3.471385;2.707397;3.515111;2.974118;4.814400;3.014344;4.513882;4.897265;4.795092;1.932369;2.984017;1.340423;3.581054;5.697696;4.936725;1.511513;5.131200;1.922769;5.034325;3.270950;4.034795;4.408358;5.615767;3.660417;2.767178;5.400262;2.713284;1.816819;3.127694;3.381155;3.944643;4.601229;1.872094;5.122137;1.360827;2.713966;1.702633;2.580324;4.139684;4.811175;3.461911;4.107591;3.194633;4.742084;5.134698;3.788446;4.303935;3.261686;2.117554;4.561146;2.159701;1.554067;1.580313;5.054456;1.865193;2.497903;4.167442;4.828882;1.502936;4.135082;2.768666;1.686036;4.313857;4.789129;4.896865;3.173568;4.754805;1.472450;3.615017;3.965998;1.629296;5.565563;6.055380;4.186854;3.878424;3.399958;3.024932;2.163238;2.551291;4.027268;3.450824;4.760639;3.886005;4.199639;2.646994;3.419112;2.625695;5.480485;3.635287;5.199295;6.193153;6.089058;9.312398;5.598049;4.559674;9.118886;5.206914;4.728000;4.882293;7.453682;6.519451;7.259187;7.048841;8.936572;8.877439;7.048698;5.360621;5.101541;8.952425;5.298678;4.321450;8.229550;7.115237;6.072111;6.108402;6.554542;7.293235;9.013606;7.273585;7.082607;5.212185;7.950594;7.403526;8.738333;3.678545;4.291555;7.061236;8.446675;5.888152;6.835325;7.155838;8.842496;8.194888;9.391852;7.088830;3.267442;7.485543;4.584150;8.045692;3.807071;7.439483;8.705437;7.512936;5.080100;6.026515;5.955918;9.279308;8.606028;7.024858;3.654061
0.900000;-4.907947;2.884323;3.490308;3.524125;2.982406;3.351276;1.841707;3.139019;4.113142;1.569984;5.326881;1.703375;3.268077;2.339232;3.750943;4.048426;2.605569;1.869705;2.939964;3.785383;5.342527;2.801147;3.812261;4.121944;1.663892;4.041048;3.456160;2.671884;3.496952;2.961209;4.814400;2.987397;4.505028;4.889926;4.790794;1.966255;2.967145;1.333323;3.557276;5.660105;4.921812;1.506957;5.124646;1.914495;5.010031;3.264155;4.031311;4.401018;5.594705;3.654540;2.752855;5.378908;2.705949;1.807894;3.109888;3.364618;3.907996;4.677718;1.860838;5.105644;1.358472;2.691754;1.685109;2.604211;4.128139;4.794156;3.451892;4.084472;3.188900;4.745787;5.119913;3.798409;4.271322;3.239241;2.106063;4.535756;2.145211;1.548784;1.576027;5.034322;1.853809;2.445551;4.163901;4.819594;1.497838;4.112406;2.758648;1.747769;4.312812;4.751906;4.880281;3.152498;4.750980;1.659868;3.608546;3.955992;1.619219;5.531173;6.023417;4.182902;3.854640;3.387938;3.011033;2.148365;2.541301;4.014785;3.433791;4.753016;3.883111;4.179170;2.646994;3.405267;2.613461;5.465318;3.602258;5.025834;6.183377;6.081836;9.304097;5.596751;4.554285;9.101450;5.186976;4.722980;4.883897;7.499033;6.490956;7.214672;7.077764;8.910119;8.853320;7.040691;5.360198;5.076581;8.923349;5.298678;4.261038;8.195989;7.101994;6.064497;6.051166;6.530098;7.219493;9.004068;7.273582;7.080910;5.207456;7.922409;7.387052;8.746572;3.688968;4.268636;7.050958;8.434345;5.878037;6.751783;7.147658;8.836795;8.125738;9.374078;7.069880;3.267442;7.510955;4.528119;8.041142;3.793384;7.406695;8.667902;7.482606;5.074431;5.973632;5.932305;9.244375;8.571976;7.022591;3.654061
0.900000;-4.815011;2.892174;3.490541;3.524287;2.982547;3.351799;1.819672;3.141284;4.113188;1.570160;5.326967;1.703497;3.268461;2.328870;3.616549;4.049347;2.621968;1.870094;2.940042;3.786041;5.342742;2.801475;3.812283;4.122101;1.664196;3.903599;3.456416;2.673263;3.497310;2.961389;4.814400;2.988197;4.505110;4.889980;4.790812;1.906483;2.967457;1.333376;3.557903;5.661643;4.922055;1.506977;5.124690;1.914566;5.010682;3.264202;4.031322;4.401073;5.595193;3.654574;2.753077;5.379410;2.706002;1.807978;3.110237;3.364917;3.903853;4.583099;1.860974;5.105942;1.366907;2.692298;1.685446;2.588008;4.128280;4.794466;3.451998;4.085063;3.188934;4.747205;5.120150;3.798409;4.272486;3.239797;2.106205;4.536469;2.145439;1.533652;1.576044;5.034768;1.853948;2.481483;4.163914;4.819684;1.497865;4.112976;2.758757;1.707344;4.377131;4.753417;4.880581;3.152988;4.750992;1.475835;3.608587;3.956098;1.619326;5.532465;6.024542;4.182917;3.855266;3.406303;3.011243;2.148606;2.541408;4.014953;3.434109;4.753076;3.883118;4.179631;2.646994;3.405470;2.613625;5.465569;3.603459;4.960531;6.183479;6.080114;9.304169;5.596752;4.554314;9.101786;5.187417;4.723004;4.889277;7.472166;6.485765;7.216801;7.081440;8.910898;8.853963;7.040758;5.361601;5.077271;8.924287;5.298678;4.209590;8.214920;7.107785;6.064556;6.054567;6.530759;7.224826;9.004163;7.273578;7.080913;5.207478;7.923280;7.387352;8.739535;3.679343;4.269218;7.051071;8.434508;5.878146;6.758407;7.147730;8.836826;8.130503;9.374426;7.070275;3.267441;7.484604;4.531393;8.041162;3.793586;7.407877;8.669452;7.483623;5.074462;5.976570;5.932927;9.245715;8.573251;7.022594;3.654063
0.900000;-4.423544;2.946990;3.492869;3.526207;2.984317;3.355464;1.822857;3.149882;4.114181;1.572175;5.328321;1.705135;3.271537;2.331668;3.614617;4.054397;2.340706;1.873209;2.941343;3.790197;5.344972;2.804283;3.812969;4.123986;1.666898;3.866093;3.458846;2.679667;3.500282;2.963413;4.814400;2.992862;4.506444;4.891070;4.791424;1.907963;2.970191;1.334424;3.561943;5.668479;4.924432;1.507630;5.125651;1.915804;5.014825;3.265203;4.031816;4.402161;5.598711;3.655431;2.755349;5.382987;2.707090;1.809323;3.113138;3.367590;3.830714;4.623120;1.862710;5.108606;1.363575;2.696040;1.688300;2.584029;4.130068;4.797232;3.453523;4.088975;3.189767;4.750774;5.122506;3.798409;4.278294;3.243581;2.107981;4.540828;2.147740;1.845596;1.576656;5.038105;1.855705;2.447384;4.164413;4.821090;1.498599;4.116801;2.760281;1.687180;4.319156;4.760174;4.883263;3.156508;4.751536;1.475836;3.609538;3.957622;1.620861;5.538638;6.030217;4.183479;3.859309;3.379245;3.013439;2.150978;2.542930;4.016902;3.436872;4.754209;3.883523;4.183041;2.646994;3.407664;2.615528;5.467993;3.609351;4.967294;6.184968;6.079970;9.305414;5.596930;4.555094;9.104621;5.190721;4.723729;4.907073;7.453128;6.489831;7.225084;7.051722;8.915464;8.858073;7.041953;5.358722;5.081544;8.929389;5.298676;4.314629;8.194777;7.104659;6.065688;6.065530;6.534932;7.239281;9.005610;7.273582;7.081147;5.208158;7.928199;7.390011;8.802506;3.746384;4.273093;7.052640;8.436430;5.879689;6.774901;7.148948;8.837655;8.143990;9.377326;7.073392;3.267442;7.488754;4.542102;8.041814;3.795747;7.413722;8.676261;7.488966;5.075286;5.986618;5.936933;9.251997;8.579352;7.022910;3.654060
0.900000;-4.757637;2.898905;3.496564;3.529389;2.987298;3.360643;1.820657;3.159209;4.116022;1.575478;5.330713;1.707935;3.276100;2.333180;3.621418;4.060895;2.621968;1.877815;2.943658;3.795869;5.348559;2.808546;3.814296;4.127120;1.671040;3.903511;3.462678;2.687306;3.504734;2.966726;4.814400;2.999015;4.508809;4.893059;4.792628;1.912064;2.974369;1.336353;3.567504;5.676463;4.928192;1.508900;5.127441;1.918027;5.020483;3.267055;4.032797;4.404149;5.603747;3.657047;2.758981;5.388077;2.709078;1.811705;3.117516;3.371700;3.861196;4.583499;1.865646;5.112707;1.355147;2.701297;1.692616;2.583441;4.133070;4.801441;3.456167;4.094411;3.191346;4.743983;5.126237;3.693090;4.285442;3.248887;2.110973;4.546690;2.151406;1.550650;1.577855;5.042962;1.858673;2.442411;4.165412;4.823559;1.500012;4.122153;2.762924;1.708754;4.353974;4.768097;4.887382;3.161544;4.752612;1.475836;3.611307;3.960264;1.623524;5.546091;6.037252;4.184587;3.864871;3.426002;3.016976;2.154727;2.545567;4.020120;3.441087;4.756269;3.884346;4.187958;2.646994;3.411184;2.618690;5.471809;3.616572;5.874109;6.187552;6.085682;9.307642;5.597305;4.556583;9.108919;5.195532;4.725121;4.882249;7.450233;6.498494;7.234176;7.080935;8.921521;8.863696;7.044109;5.362824;5.087325;8.935912;5.298676;4.259965;8.232833;7.098355;6.067747;6.076571;6.540616;7.252814;9.008138;7.273582;7.081635;5.209474;7.934575;7.394107;8.733369;3.686411;4.278488;7.055348;8.439612;5.882356;6.789927;7.151152;8.839228;8.156833;9.381696;7.078005;3.267442;7.498723;4.552953;8.043083;3.799233;7.420899;8.684239;7.495722;5.076849;5.996996;5.942460;9.259538;8.586744;7.023557;3.654061
0.900000;-6.600219;3.109816;3.493256;3.526592;2.984694;3.355745;1.837610;3.148752;4.114473;1.572560;5.328664;1.705504;3.271887;2.364423;3.615590;4.054419;2.421654;1.873559;2.941682;3.790400;5.345365;2.804650;3.813196;4.124369;1.667272;3.962921;3.459235;2.679320;3.500639;2.963799;4.814400;2.992969;4.506784;4.891375;4.791635;1.912911;2.970562;1.334725;3.562167;5.668002;4.924819;1.507849;5.125937;1.916133;5.015033;3.265495;4.031991;4.402466;5.599012;3.655696;2.755739;5.383280;2.707397;1.809665;3.113505;3.367967;3.827269;4.818502;1.863085;5.108984;1.350280;2.696309;1.688665;2.583248;4.130445;4.797609;3.453884;4.089222;3.190027;4.825429;5.122895;3.743406;4.278123;3.243845;2.108360;4.540991;2.148130;1.569565;1.576865;5.038432;1.856084;2.446299;4.164592;4.821439;1.498837;4.117061;2.760641;1.692255;4.379573;4.759713;4.883638;3.156807;4.751726;1.564505;3.609819;3.957983;1.621223;5.538362;6.030080;4.183674;3.859534;3.377738;3.013829;2.151364;2.543290;4.017286;3.437243;4.754522;3.883674;4.183352;2.646994;3.408052;2.615912;5.468379;3.609152;4.974699;6.185323;6.099962;9.305740;5.597003;4.555343;9.104988;5.191046;4.723963;4.882140;7.450190;6.546081;7.224071;7.047699;8.915577;8.858285;7.042277;5.358828;5.081726;8.929380;5.298678;4.285634;8.194638;7.112707;6.066001;6.063331;6.535132;7.235165;9.005963;7.273593;7.081240;5.208382;7.928246;7.390386;8.741250;3.684701;4.273342;7.053006;8.436810;5.880051;6.769475;7.149280;8.837914;8.140439;9.377685;7.073736;3.267441;7.484776;4.540020;8.042032;3.796137;7.413529;8.675787;7.488913;5.075545;5.984853;5.937164;9.251684;8.579093;7.023031;3.654061
0.900000;-5.257270;2.875112;3.505293;3.536703;2.994081;3.373852;1.873422;3.187676;4.119971;1.583119;5.335999;1.714250;3.287366;2.355202;3.644976;4.078541;2.367747;1.889213;2.948750;3.810676;5.356963;2.818916;3.817067;4.134309;1.681052;3.864407;3.471776;2.709142;3.515653;2.974402;4.814400;3.015445;4.514017;4.897356;4.795119;2.061387;2.984491;1.340507;3.581940;5.699608;4.937101;1.511544;5.131270;1.922887;5.035246;3.271027;4.034811;4.408447;5.616483;3.660472;2.767527;5.400995;2.713373;1.816955;3.128217;3.381611;3.857794;4.833646;1.872313;5.122592;1.350572;2.714751;1.703144;2.579834;4.139913;4.811658;3.462083;4.108433;3.194686;4.741440;5.135069;3.758711;4.305450;3.262487;2.117782;4.562140;2.160056;1.562153;1.580339;5.055120;1.865417;2.456565;4.167459;4.829030;1.502975;4.135899;2.768837;1.686194;4.311152;4.791011;4.897325;3.174282;4.754825;1.506277;3.615087;3.966171;1.629472;5.567220;6.056849;4.186876;3.879311;3.371811;3.025261;2.163613;2.551462;4.027535;3.451309;4.760736;3.886014;4.200323;2.646994;3.419440;2.625952;5.480873;3.636837;4.963013;6.193318;6.086629;9.312514;5.598048;4.559720;9.119392;5.207562;4.728038;4.881887;7.454115;6.522897;7.261678;7.046667;8.937633;8.878352;7.048808;5.359651;5.102507;8.953678;5.298676;4.243864;8.265550;7.175166;6.072209;6.112024;6.555473;7.298375;9.013761;7.273585;7.082608;5.212218;7.951782;7.403980;8.733318;3.678288;4.292387;7.061416;8.446930;5.888327;6.841374;7.155949;8.842547;8.199604;9.392376;7.089421;3.267441;7.488216;4.587648;8.045720;3.807390;7.441018;8.707344;7.514278;5.080151;6.029744;5.956790;9.281010;8.607658;7.024862;3.654061
0.900000;-4.576484;2.924798;3.510579;3.541180;2.998253;3.381609;1.823099;3.203227;4.122459;1.587783;5.339287;1.718146;3.294065;2.329131;3.636535;4.088646;2.216382;1.895987;2.951925;3.819291;5.362068;2.825119;3.818835;4.138717;1.687061;3.900729;3.477273;2.721398;3.522170;2.979089;4.814399;3.024916;4.517262;4.900056;4.796710;1.993005;2.990558;1.343120;3.590356;5.712527;4.942489;1.513232;5.133687;1.925924;5.043835;3.273528;4.036106;4.411147;5.623984;3.662643;2.772707;5.408595;2.716072;1.820226;3.134609;3.387563;4.092481;4.578748;1.876415;5.128528;1.359921;2.722642;1.709436;2.616392;4.144119;4.817783;3.465745;4.116630;3.196803;4.761533;5.140412;3.732696;4.316777;3.270453;2.121966;4.571095;2.165297;1.531613;1.581928;5.062303;1.869564;2.450601;4.168773;4.832431;1.504860;4.143949;2.772497;1.688779;4.399808;4.803813;4.903293;3.181787;4.756245;1.475836;3.617475;3.969827;1.633153;5.579120;6.067961;4.188343;3.887731;3.398241;3.030294;2.168988;2.555112;4.032072;3.457432;4.763539;3.887092;4.207621;2.646994;3.424453;2.630399;5.486351;3.648296;4.995889;6.196895;6.085566;9.315564;5.598535;4.561713;9.125654;5.214682;4.729895;4.882087;7.502721;6.509039;7.276762;7.047507;8.946941;8.886884;7.051747;5.358591;5.111315;8.963853;5.298676;4.214084;8.198863;7.109468;6.075008;6.130961;6.564111;7.322101;9.017250;7.273578;7.083241;5.213969;7.961661;7.409907;8.733378;3.687139;4.300515;7.065173;8.451417;5.892025;6.867829;7.158955;8.844655;8.222013;9.398752;7.096195;3.267442;7.497196;4.606223;8.047405;3.812346;7.452397;8.720239;7.524863;5.082246;6.047374;5.965152;9.293082;8.619446;7.025707;3.654059
0.900000;-4.387506;2.951698;3.489095;3.523071;2.981415;3.349623;1.819957;3.136325;4.112517;1.568896;5.326079;1.702441;3.266606;2.331231;3.614607;4.046412;2.621968;1.868218;2.939187;3.783592;5.341348;2.799765;3.811808;4.120905;1.662542;3.867246;3.454913;2.669579;3.495512;2.960112;4.814400;2.985477;4.504235;4.889254;4.790382;1.942085;2.965785;1.332670;3.555517;5.657728;4.920579;1.506521;5.124038;1.913746;5.008243;3.263526;4.030973;4.400346;5.593098;3.653990;2.751662;5.377281;2.705276;1.807095;3.108471;3.363281;3.850684;4.584267;1.859861;5.104309;1.368536;2.690080;1.683708;2.583832;4.127139;4.792785;3.451006;4.082749;3.188363;4.752144;5.118690;3.798409;4.269138;3.237555;2.105070;4.533912;2.144005;1.589529;1.575616;5.032765;1.852824;2.470736;4.163558;4.818762;1.497356;4.110706;2.757766;1.688781;4.367899;4.749530;4.878940;3.150888;4.750610;1.475836;3.607945;3.955108;1.618329;5.528913;6.021264;4.182523;3.852885;3.386328;3.009867;2.147136;2.540420;4.013719;3.432421;4.752319;3.882828;4.177598;2.646994;3.404109;2.612413;5.464069;3.600056;4.988824;6.182513;6.096111;9.303344;5.596621;4.553775;9.100051;5.185429;4.722505;4.881933;7.470364;6.528486;7.212026;7.116109;8.908222;8.851541;7.039965;5.361716;5.074759;8.921325;5.298678;4.322531;8.215884;7.102674;6.063799;6.048130;6.528304;7.216038;9.003221;7.273582;7.080743;5.207006;7.920423;7.385718;8.736440;3.678316;4.266922;7.050055;8.433290;5.877144;6.748095;7.146917;8.836258;8.122390;9.372661;7.068393;3.267442;7.521535;4.525119;8.040708;3.792235;7.404499;8.665525;7.480525;5.073899;5.970723;5.930557;9.242090;8.569732;7.022367;3.654060
0.900000;-4.757141;2.899063;3.501559;3.533627;2.991248;3.367949;1.819239;3.173612;4.118385;1.579893;5.333834;1.711626;3.282414;2.329524;3.622443;4.070371;2.603511;1.884203;2.946670;3.803967;5.353382;2.814404;3.815975;4.131291;1.676712;3.907745;3.467870;2.698749;3.510874;2.971161;4.814400;3.007905;4.511885;4.895620;4.794142;1.946876;2.980099;1.338833;3.575419;5.688499;4.933285;1.510504;5.129735;1.920908;5.028560;3.269430;4.034029;4.406711;5.610813;3.659108;2.763879;5.395236;2.711639;1.814805;3.123544;3.377319;3.832945;4.578700;1.869532;5.118312;1.349409;2.708724;1.698555;2.639710;4.137051;4.807220;3.459640;4.102121;3.193357;4.745035;5.131289;3.751949;4.296038;3.256386;2.114936;4.555105;2.156359;1.722253;1.579364;5.049735;1.862599;2.452524;4.166662;4.826783;1.501805;4.129721;2.766394;1.705142;4.330698;4.780031;4.893017;3.168613;4.753962;1.475836;3.613572;3.963731;1.627011;5.557199;6.047654;4.185983;3.872786;3.436557;3.021734;2.159806;2.549026;4.024413;3.446864;4.758928;3.885369;4.194834;2.646994;3.415927;2.622900;5.476983;3.627286;4.962918;6.190942;6.091495;9.310531;5.597765;4.558477;9.114825;5.202242;4.726887;4.888074;7.470017;6.483501;7.248163;7.137950;8.930263;8.871726;7.046898;5.358780;5.095608;8.945450;5.298678;4.230613;8.196755;7.110103;6.070405;6.093937;6.548740;7.274193;9.011450;7.273582;7.082237;5.211138;7.943844;7.399706;8.754442;3.690398;4.286137;7.058906;8.443863;5.885860;6.813513;7.153998;8.841228;8.177132;9.387713;7.084401;3.267442;7.491635;4.570011;8.044683;3.803925;7.431543;8.696267;7.505637;5.078838;6.013238;5.950328;9.270814;8.597760;7.024361;3.654060
0.900000;-4.321342;2.965080;3.486209;3.520589;2.979090;3.345571;1.826384;3.129245;4.111090;1.566316;5.324215;1.700260;3.263039;2.328268;3.624128;4.041351;2.585958;1.864616;2.937385;3.779162;5.338552;2.796427;3.810781;4.118458;1.659302;3.871190;3.451916;2.663671;3.492033;2.957526;4.814400;2.980680;4.502396;4.887709;4.789454;1.903593;2.962516;1.331173;3.551172;5.651566;4.917641;1.505540;5.122650;1.912020;5.003821;3.262092;4.030215;4.398801;5.589158;3.652738;2.748825;5.373300;2.703732;1.805243;3.105048;3.360068;3.826215;4.674565;1.857572;5.101103;1.357312;2.685966;1.680330;2.593602;4.124797;4.789488;3.448947;4.078501;3.187140;4.743327;5.115774;3.798409;4.263589;3.233405;2.102738;4.529334;2.141141;1.621556;1.574690;5.028968;1.850511;2.541158;4.162789;4.816844;1.496262;4.106524;2.755708;1.782954;4.316249;4.743423;4.875720;3.146949;4.749781;1.703076;3.606572;3.953051;1.616262;5.523140;6.015799;4.181665;3.848535;3.373979;3.007107;2.144201;2.538367;4.011208;3.429125;4.750720;3.882195;4.173748;2.646994;3.401356;2.609946;5.461087;3.594457;5.166144;6.180500;6.099810;9.301614;5.596333;4.552623;9.096692;5.181667;4.721428;4.892152;7.450386;6.519869;7.205111;7.052113;8.903500;8.847151;7.038292;5.358395;5.070244;8.916245;5.298677;4.400553;8.202791;7.102863;6.062202;6.039986;6.523862;7.206573;9.001253;7.273593;7.080369;5.205989;7.915456;7.382518;8.752380;3.679340;4.262705;7.047947;8.430807;5.875067;6.737966;7.145208;8.835043;8.113264;9.369246;7.064793;3.267441;7.571849;4.517082;8.039730;3.789508;7.398929;8.659383;7.475270;5.072689;5.962972;5.926234;9.236256;8.564006;7.021869;3.654061
0.900000;-5.447228;2.882410;3.492889;3.526324;2.984459;3.355001;1.850029;3.146110;4.114382;1.572274;5.328512;1.705297;3.271320;2.332222;3.618153;4.053202;2.586686;1.872976;2.941538;3.789495;5.345021;2.804159;3.813145;4.124109;1.666810;3.864357;3.458843;2.677593;3.500103;2.963507;4.814399;2.991892;4.506636;4.891269;4.791594;1.915234;2.970093;1.334625;3.561300;5.666100;4.924443;1.507802;5.125850;1.916003;5.014132;3.265402;4.031961;4.402360;5.598313;3.655624;2.755387;5.382561;2.707292;1.809515;3.112987;3.367512;3.842698;4.722655;1.862859;5.108531;1.350185;2.695539;1.688160;2.611932;4.130206;4.797127;3.453701;4.088395;3.189960;4.765633;5.122523;3.770892;4.276626;3.243063;2.108124;4.540020;2.147771;1.531190;1.576823;5.037787;1.855852;2.455016;4.164563;4.821277;1.498782;4.116261;2.760458;1.696451;4.356897;4.757845;4.883181;3.156108;4.751691;1.467519;3.609735;3.957799;1.621038;5.536723;6.028635;4.183639;3.858666;3.395952;3.013497;2.150989;2.543106;4.017012;3.436764;4.754410;3.883653;4.182688;2.646994;3.407720;2.615648;5.467989;3.607624;5.080931;6.185146;6.079959;9.305607;5.596996;4.555282;9.104487;5.190410;4.723908;4.899228;7.466358;6.496578;7.221569;7.047575;8.914540;8.857396;7.042153;5.359188;5.080782;8.928158;5.298677;4.577757;8.225724;7.120994;6.065889;6.059628;6.534221;7.229814;9.005795;7.273585;7.081231;5.208333;7.927079;7.389935;8.737334;3.681098;4.272529;7.052814;8.436547;5.879862;6.763137;7.149149;8.837847;8.135563;9.377171;7.073161;3.267442;7.507843;4.536438;8.041986;3.795810;7.412025;8.673892;7.487593;5.075479;5.981571;5.936306;9.250005;8.577484;7.023016;3.654061
0.900000;-5.889261;2.929614;3.498198;3.530765;2.988577;3.363076;1.827719;3.164030;4.116773;1.576915;5.331715;1.709128;3.278194;2.332191;3.617048;4.064082;2.621968;1.879932;2.944623;3.798580;5.350134;2.810482;3.814823;4.128474;1.672908;3.933440;3.464382;2.691161;3.506771;2.968171;4.814400;3.001999;4.509793;4.893873;4.793101;1.910203;2.976258;1.337141;3.570152;5.680517;4.929862;1.509403;5.128169;1.918947;5.023187;3.267808;4.033181;4.404963;5.606100;3.657699;2.760584;5.390462;2.709892;1.812698;3.119513;3.373551;3.882307;4.617443;1.866904;5.114553;1.354112;2.703775;1.694579;2.580270;4.134362;4.803348;3.457286;4.096989;3.191981;4.741400;5.127892;3.798409;4.289015;3.251390;2.112257;4.549510;2.153030;1.758048;1.578327;5.045212;1.859943;2.482716;4.165801;4.824594;1.500576;4.124680;2.764042;1.686060;4.380464;4.772119;4.889239;3.163898;4.753031;1.475836;3.612024;3.961380;1.624644;5.549839;6.040759;4.185022;3.867522;3.379346;3.018533;2.156392;2.546681;4.021517;3.442995;4.757115;3.884662;4.190247;2.646994;3.412734;2.620058;5.473505;3.620184;4.998167;6.188643;6.099789;9.308563;5.597446;4.557180;9.110870;5.197759;4.725676;4.881892;7.464780;6.483530;7.238860;7.098165;8.924457;8.866386;7.045000;5.359250;5.090099;8.939116;5.298676;4.228220;8.286110;7.123245;6.068588;6.082268;6.543337;7.259499;9.009203;7.273589;7.081820;5.209994;7.937686;7.395953;8.739628;3.682395;4.281044;7.056496;8.440992;5.883486;6.797041;7.152060;8.839857;8.163271;9.383682;7.080122;3.267441;7.511465;4.558562;8.043583;3.800766;7.424488;8.688290;7.499057;5.077477;6.002371;5.945092;9.263341;8.590456;7.023807;3.654060
0.900000;-6.164910;2.985945;3.490398;3.524198;2.982475;3.351437;1.828336;3.139953;4.113186;1.570061;5.326939;1.703438;3.268198;2.331547;3.777114;4.048724;2.621968;1.869829;2.940018;3.785588;5.342612;2.801258;3.812297;4.122015;1.663994;3.924973;3.456255;2.672374;3.497070;2.961286;4.814400;2.987651;4.505084;4.889975;4.790825;1.920701;2.967251;1.333371;3.557472;5.660666;4.921903;1.506990;5.124690;1.914548;5.010232;3.264201;4.031338;4.401065;5.594856;3.654580;2.752941;5.379065;2.705997;1.807951;3.110004;3.364722;3.970118;4.595810;1.860905;5.105748;1.362225;2.691923;1.685221;2.579427;4.128207;4.794261;3.451951;4.084654;3.188941;4.742691;5.120002;3.798409;4.271715;3.239414;2.106132;4.535980;2.145296;1.599877;1.576060;5.034461;1.853877;2.453671;4.163929;4.819650;1.497876;4.112584;2.758705;1.697898;4.342683;4.752459;4.880385;3.152652;4.751009;1.486709;3.608588;3.956052;1.619282;5.531620;6.023798;4.182933;3.854836;3.376050;3.011116;2.148454;2.541362;4.014860;3.433898;4.753066;3.883133;4.179313;2.646994;3.405348;2.613535;5.465411;3.602674;5.116512;6.183437;6.083436;9.304149;5.596763;4.554323;9.101564;5.187117;4.723016;4.911457;7.451015;6.483620;7.215538;7.124025;8.910375;8.853521;7.040744;5.362015;5.076801;8.923659;5.298678;4.494287;8.199771;7.129920;6.064548;6.052789;6.530306;7.222441;9.004128;7.273589;7.080926;5.207490;7.922693;7.387160;8.733644;3.678290;4.268817;7.051021;8.434423;5.878099;6.755702;7.147711;8.836835;8.128281;9.374195;7.070012;3.267441;7.500250;4.529661;8.041175;3.793468;7.407100;8.668479;7.482949;5.074471;5.974968;5.932501;9.244849;8.572419;7.022611;3.654060
0.900000;-3.821378;3.101213;3.495815;3.528766;2.986722;3.359471;1.819698;3.156086;4.115690;1.574825;5.330269;1.707401;3.275115;2.340508;3.614578;4.059237;2.621968;1.876818;2.943229;3.794528;5.347834;2.807647;3.814062;4.126509;1.670174;3.872396;3.461895;2.685136;3.503780;2.966073;4.814400;2.997496;4.508368;4.892694;4.792416;2.042725;2.973495;1.336001;3.566201;5.674118;4.927428;1.508676;5.127118;1.917616;5.019147;3.266719;4.032626;4.403786;5.602620;3.656758;2.758249;5.386930;2.708715;1.811260;3.116585;3.370841;3.848032;4.580167;1.865081;5.111851;1.349611;2.700097;1.691701;2.580934;4.132490;4.800557;3.455667;4.093152;3.191064;4.753976;5.125480;3.798409;4.283510;3.247670;2.110395;4.545280;2.150666;1.536348;1.577644;5.041891;1.858099;2.498282;4.165238;4.823096;1.499761;4.120919;2.762424;1.741864;4.388427;4.765783;4.886522;3.160415;4.752423;1.475836;3.610988;3.959763;1.623019;5.544012;6.035368;4.184393;3.863567;3.377138;3.016267;2.153966;2.545068;4.019489;3.440201;4.755891;3.884202;4.186871;2.646994;3.410481;2.618072;5.471028;3.614601;4.983470;6.187065;6.082179;9.307230;5.597241;4.556317;9.108011;5.194472;4.724873;4.882717;7.529282;6.489148;7.231194;7.047252;8.920037;8.862370;7.043712;5.365612;5.085946;8.934241;5.298678;4.210847;8.212310;7.098362;6.067367;6.072236;6.539270;7.246346;9.007661;7.273578;7.081551;5.209241;7.932967;7.393252;8.746979;3.697949;4.277242;7.054834;8.438991;5.881849;6.782013;7.150746;8.838946;8.150991;9.380763;7.077010;3.267442;7.489550;4.548759;8.042860;3.798536;7.418950;8.681899;7.493956;5.076570;5.993157;5.941173;9.257413;8.584694;7.023446;3.654061
0.900000;-6.127683;2.978312;3.492240;3.525748;2.983915;3.354167;1.826499;3.145060;4.114026;1.571678;5.328060;1.704781;3.270555;2.329085;3.615527;4.052252;2.593164;1.872207;2.941101;3.788613;5.344388;2.803433;3.812884;4.123541;1.666100;4.006618;3.458175;2.676577;3.499358;2.962912;4.814399;2.990970;4.506190;4.890887;4.791355;1.957162;2.969378;1.334254;3.560431;5.665071;4.923783;1.507550;5.125504;1.915581;5.013249;3.265044;4.031765;4.401979;5.597495;3.655308;2.754745;5.381738;2.706910;1.809067;3.112245;3.366806;4.012236;4.584486;1.862320;5.107826;1.349576;2.694698;1.687428;2.622092;4.129659;4.796405;3.453208;4.087535;3.189650;4.760142;5.121867;3.798409;4.275634;3.242217;2.107578;4.539122;2.147122;1.602299;1.576586;5.036985;1.855310;2.499467;4.164362;4.820814;1.498504;4.115415;2.759967;1.773778;4.325208;4.756820;4.882475;3.155291;4.751478;2.322763;3.609390;3.957307;1.620544;5.535716;6.027648;4.183417;3.857796;3.375404;3.012869;2.150331;2.542615;4.016431;3.436044;4.754015;3.883487;4.181888;2.646994;3.407095;2.615077;5.467325;3.606630;5.151756;6.184662;6.081074;9.305187;5.596919;4.554988;9.103757;5.189619;4.723635;4.884620;7.548414;6.483668;7.220519;7.088704;8.913631;8.856517;7.041742;5.358384;5.079891;8.927207;5.298677;4.216385;8.196171;7.139488;6.065495;6.058600;6.533340;7.228898;9.005322;7.273582;7.081131;5.208073;7.926144;7.389235;8.781450;3.695545;4.271675;7.052312;8.435972;5.879367;6.762331;7.148733;8.837541;8.134604;9.376425;7.072394;3.267442;7.487499;4.535405;8.041736;3.795190;7.411034;8.672868;7.486626;5.075170;5.980535;5.935438;9.248998;8.576480;7.022885;3.654063
0.900000;-4.530401;2.930173;3.499502;3.531854;2.989588;3.365046;1.819251;3.168206;4.117358;1.578055;5.332500;1.710069;3.279873;2.332606;3.743294;4.066692;2.621968;1.881628;2.945382;3.800777;5.351388;2.812027;3.815234;4.129546;1.674401;3.920418;3.465737;2.694378;3.508391;2.969315;4.814400;3.004433;4.510569;4.894511;4.793469;1.912996;2.977767;1.337757;3.572294;5.683929;4.931190;1.509794;5.128736;1.919670;5.025375;3.268398;4.033478;4.405602;5.607992;3.658205;2.761858;5.392383;2.710532;1.813479;3.121106;3.375026;3.833894;4.627579;1.867897;5.116024;1.351358;2.705775;1.696147;2.586033;4.135381;4.804866;3.458170;4.099073;3.192475;4.754061;5.129209;3.798409;4.291968;3.253410;2.113271;4.551800;2.154320;1.541863;1.578694;5.047019;1.860949;2.518912;4.166103;4.825407;1.501015;4.126726;2.764924;1.687079;4.527689;4.775489;4.890718;3.165792;4.753360;1.475836;3.612586;3.962259;1.625532;5.552955;6.043651;4.185361;3.869664;3.373778;3.019765;2.157718;2.547557;4.022622;3.444515;4.757781;3.884909;4.192081;2.646994;3.413964;2.621142;5.474856;3.623171;4.986823;6.189500;6.079874;9.309288;5.597556;4.557645;9.112431;5.199550;4.726108;4.884562;7.472980;6.485139;7.242892;7.050444;8.926838;8.868555;7.045697;5.362629;5.092353;8.941740;5.298678;4.476967;8.278241;7.098359;6.069252;6.087481;6.545539;7.266296;9.010038;7.273582;7.081963;5.210401;7.940231;7.397421;8.734938;3.704315;4.283106;7.057399;8.442080;5.884375;6.804831;7.152772;8.840350;8.169624;9.385273;7.081825;3.267442;7.501445;4.563659;8.043975;3.801982;7.427451;8.691678;7.501798;5.077966;6.007174;5.947219;9.266500;8.593539;7.023999;3.654059
0.900000;-5.669472;2.901303;3.496021;3.528944;2.986889;3.359753;1.820091;3.156497;4.115791;1.575012;5.330401;1.707558;3.275364;2.376140;3.622452;4.059575;2.621968;1.877071;2.943358;3.794830;5.348037;2.807882;3.814136;4.126684;1.670403;3.962456;3.462105;2.685509;3.504027;2.966257;4.814399;2.997817;4.508500;4.892806;4.792482;1.915241;2.973725;1.336108;3.566499;5.674496;4.927636;1.508746;5.127218;1.917740;5.019451;3.266821;4.032680;4.403897;5.602896;3.656848;2.758451;5.387208;2.708826;1.811393;3.116827;3.371070;3.852990;4.578030;1.865245;5.112079;1.358131;2.700381;1.691940;2.582763;4.132657;4.800794;3.455813;4.093441;3.191151;4.801390;5.125688;3.798409;4.283866;3.247957;2.110562;4.545589;2.150870;1.531080;1.577710;5.042154;1.858266;2.445835;4.165293;4.823234;1.499840;4.121211;2.762574;1.722898;4.512963;4.766163;4.886750;3.160690;4.752482;1.469413;3.611086;3.959912;1.623165;5.544380;6.035722;4.184455;3.863866;3.378077;3.016465;2.154174;2.545216;4.019669;3.440435;4.756006;3.884248;4.187136;2.646993;3.410678;2.618248;5.471242;3.614964;4.997909;6.187209;6.087506;9.307354;5.597262;4.556401;9.108247;5.194736;4.724951;4.903699;7.456267;6.497572;7.231598;7.067329;8.920361;8.862674;7.043833;5.361760;5.086253;8.934576;5.298677;4.308663;8.204706;7.098367;6.067484;6.072663;6.539573;7.246774;9.007803;7.273585;7.081578;5.209313;7.933298;7.393480;8.743650;3.678726;4.277533;7.054984;8.439166;5.882001;6.782441;7.150868;8.839032;8.151421;9.381008;7.077263;3.267442;7.484185;4.549187;8.042926;3.798734;7.419304;8.682284;7.494299;5.076656;5.993575;5.941465;9.257785;8.585060;7.023482;3.654061
0.900000;-4.743744;2.900007;3.496912;3.529705;2.987601;3.361037;1.820124;3.159336;4.116230;1.575801;5.330973;1.708225;3.276478;2.328276;3.680394;4.061270;2.428864;1.878200;2.943911;3.796262;5.348894;2.808917;3.814452;4.127433;1.671407;3.911716;3.463027;2.687616;3.505108;2.967052;4.814399;2.999400;4.509063;4.893281;4.792769;1.944406;2.974737;1.336568;3.567896;5.676743;4.928542;1.509051;5.127645;1.918268;5.020877;3.267264;4.032916;4.404370;5.604136;3.657232;2.759323;5.388471;2.709300;1.811961;3.117892;3.372065;3.987079;4.579728;1.865945;5.113071;1.349404;2.701690;1.692990;2.579535;4.133372;4.801811;3.456447;4.094803;3.191528;4.741642;5.126585;3.798409;4.285793;3.249281;2.111275;4.547081;2.151753;1.628170;1.577997;5.043344;1.858974;2.476884;4.165532;4.823821;1.500177;4.122547;2.763203;1.690092;4.314573;4.768384;4.887747;3.161935;4.752740;1.475836;3.611506;3.960541;1.623801;5.546414;6.037607;4.184720;3.865265;3.377538;3.017313;2.155078;2.545844;4.020438;3.441455;4.756496;3.884445;4.188344;2.646994;3.411521;2.619003;5.472159;3.616912;4.963284;6.187824;6.085028;9.307881;5.597352;4.556756;9.109291;5.195919;4.725281;4.885003;7.462086;6.520358;7.234330;7.112426;8.921910;8.864094;7.044347;5.368874;5.087718;8.936286;5.298679;4.212449;8.194838;7.170794;6.067974;6.076401;6.541011;7.252052;9.008410;7.273601;7.081695;5.209628;7.934955;7.394471;8.750132;3.678536;4.278883;7.055631;8.439932;5.882636;6.788759;7.151390;8.839408;8.156253;9.382070;7.078393;3.267442;7.485231;4.552824;8.043233;3.799571;7.421244;8.684520;7.496089;5.077029;5.996955;5.942860;9.259861;8.587075;7.023637;3.654061
0.900000;-4.896141;2.885763;3.490696;3.524396;2.982640;3.352135;1.819201;3.142485;4.113213;1.570278;5.327020;1.703575;3.268713;2.330063;3.615679;4.049901;2.412188;1.870355;2.940091;3.786452;5.342883;2.801690;3.812291;4.122206;1.664397;3.864463;3.456583;2.674053;3.497551;2.961508;4.814400;2.988691;4.505162;4.890012;4.790817;1.922158;2.967663;1.333406;3.558296;5.662511;4.922216;1.506984;5.124713;1.914610;5.011091;3.264228;4.031323;4.401103;5.595509;3.654592;2.753227;5.379736;2.706036;1.808031;3.110463;3.365116;3.876764;4.720826;1.861063;5.106139;1.349318;2.692646;1.685668;2.744242;4.128375;4.794683;3.452065;4.085437;3.188950;4.741581;5.120309;3.798409;4.273172;3.240152;2.106300;4.536911;2.145589;1.532051;1.576049;5.035052;1.854038;2.443577;4.163914;4.819741;1.497874;4.113336;2.758825;1.690166;4.318742;4.754271;4.880781;3.153304;4.750995;1.526275;3.608609;3.956165;1.619394;5.533213;6.025203;4.182921;3.855659;3.371814;3.011380;2.148768;2.541475;4.015064;3.434318;4.753112;3.883116;4.179933;2.646994;3.405614;2.613731;5.465736;3.604158;5.343932;6.183544;6.085866;9.304212;5.596749;4.554327;9.102002;5.187700;4.723016;4.886511;7.451923;6.492118;7.217942;7.053331;8.911367;8.854366;7.040798;5.369898;5.077700;8.924849;5.298676;4.209527;8.194718;7.129390;6.064593;6.056265;6.531174;7.227363;9.004225;7.273593;7.080910;5.207485;7.923819;7.387547;8.736518;3.708785;4.269585;7.051143;8.434617;5.878217;6.761477;7.147770;8.836843;8.132792;9.374657;7.070535;3.267441;7.487546;4.533032;8.041168;3.793721;7.408563;8.670312;7.484226;5.074478;5.978074;5.933311;9.246481;8.573983;7.022593;3.654060
0.900000;-5.486252;2.884835;3.491771;3.525336;2.983524;3.353581;1.819623;3.144816;4.113779;1.571252;5.327743;1.704411;3.270008;2.349415;3.711667;4.051646;2.579528;1.871660;2.940793;3.788008;5.343932;2.802907;3.812706;4.123132;1.665586;3.871918;3.457688;2.676042;3.498815;2.962483;4.814400;2.990355;4.505876;4.890620;4.791193;1.902412;2.968861;1.333996;3.559827;5.664570;4.923308;1.507381;5.125264;1.915285;5.012644;3.264796;4.031633;4.401714;5.596916;3.655092;2.754283;5.381155;2.706644;1.808751;3.111712;3.366297;3.826129;4.579332;1.861935;5.107316;1.373015;2.694108;1.686899;2.620734;4.129265;4.795893;3.452858;4.086937;3.189438;4.762115;5.121393;3.708146;4.275056;3.241624;2.107186;4.538512;2.146659;1.531337;1.576425;5.036419;1.854921;2.484415;4.164229;4.820486;1.498314;4.114817;2.759618;1.686542;4.423886;4.756319;4.881964;3.154711;4.751333;1.475835;3.609156;3.956958;1.620193;5.535165;6.027063;4.183268;3.857191;3.407698;3.012414;2.149854;2.542268;4.016013;3.435526;4.753740;3.883376;4.181310;2.646994;3.406639;2.614663;5.466842;3.606058;5.136598;6.184322;6.080807;9.304891;5.596869;4.554790;9.103231;5.189053;4.723450;4.901562;7.460299;6.494375;7.220226;7.054485;8.913019;8.855917;7.041455;5.365416;5.079284;8.926598;5.298676;4.476136;8.219496;7.104560;6.065221;6.058906;6.532734;7.230401;9.004985;7.273582;7.081067;5.207896;7.925533;7.388722;8.733317;3.693881;4.271078;7.051954;8.435559;5.879014;6.764728;7.148439;8.837330;8.135723;9.375901;7.071839;3.267442;7.487832;4.535642;8.041567;3.794744;7.410457;8.672375;7.486029;5.074961;5.980593;5.934839;9.248452;8.575922;7.022799;3.654061
0.900000;-5.220516;2.874953;3.500530;3.532752;2.990432;3.366443;1.823326;3.170650;4.117895;1.578981;5.333189;1.710864;3.281116;2.328348;3.637064;4.068416;2.621968;1.882885;2.946049;3.802298;5.352384;2.813193;3.815628;4.130429;1.675545;3.893323;3.466799;2.696388;3.509609;2.970245;4.814400;3.006069;4.511250;4.895090;4.793828;1.905289;2.978916;1.338320;3.573786;5.686019;4.932234;1.510172;5.129261;1.920313;5.026894;3.268939;4.033773;4.406182;5.609355;3.658681;2.762868;5.393758;2.711109;1.814164;3.122302;3.376159;4.008043;4.684536;1.868729;5.117154;1.363981;2.707197;1.697330;2.581076;4.136229;4.806031;3.458921;4.100529;3.192940;4.748418;5.130245;3.691123;4.293854;3.254841;2.114116;4.553369;2.155336;1.604163;1.579052;5.048337;1.861789;2.450270;4.166403;4.826116;1.501432;4.128168;2.765676;1.737222;4.315643;4.777571;4.891854;3.167154;4.753682;1.469062;3.613103;3.963014;1.626291;5.554913;6.045510;4.185695;3.871155;3.387932;3.020753;2.158760;2.548312;4.023524;3.445676;4.758379;3.885158;4.193418;2.646994;3.414949;2.622033;5.475914;3.625078;5.037302;6.190240;6.082985;9.309932;5.597670;4.558085;9.113608;5.200857;4.726521;4.891682;7.454100;6.536505;7.245277;7.052109;8.928459;8.870068;7.046322;5.362158;5.093902;8.943475;5.298678;4.252317;8.194677;7.098439;6.069854;6.090372;6.547065;7.269840;9.010763;7.273585;7.082112;5.210793;7.941926;7.398549;8.742753;3.684523;4.284559;7.058170;8.442983;5.885137;6.808753;7.153410;8.840813;8.172984;9.386471;7.083079;3.267441;7.492632;4.566507;8.044352;3.802957;7.429354;8.693788;7.503588;5.078426;6.009895;5.948707;9.268488;8.595490;7.024196;3.654061
0.900000;-4.075166;3.022442;3.489377;3.523320;2.981651;3.349977;1.820609;3.136627;4.112672;1.569149;5.326274;1.702664;3.266931;2.331046;3.615516;4.046795;2.542697;1.868545;2.939375;3.783960;5.341622;2.800078;3.811921;4.121149;1.662848;3.864765;3.455196;2.669954;3.495831;2.960371;4.814400;2.985854;4.504426;4.889419;4.790487;1.904925;2.966093;1.332833;3.555881;5.658095;4.920864;1.506632;5.124189;1.913930;5.008610;3.263684;4.031060;4.400510;5.593441;3.654128;2.751938;5.377629;2.705442;1.807290;3.108788;3.363584;3.892333;4.642251;1.860094;5.104612;1.349411;2.690432;1.684023;2.580123;4.127377;4.793099;3.451220;4.083111;3.188497;4.743257;5.118972;3.798409;4.269519;3.237910;2.105307;4.534285;2.144285;1.538470;1.575720;5.033102;1.853057;2.451940;4.163646;4.818967;1.497477;4.111062;2.757978;1.701400;4.323960;4.749902;4.879244;3.151233;4.750704;1.642220;3.608094;3.955320;1.618544;5.529291;6.021646;4.182619;3.853248;3.388604;3.010139;2.147418;2.540632;4.013971;3.432732;4.752491;3.882899;4.177938;2.646994;3.404374;2.612661;5.464356;3.600440;4.971881;6.182723;6.083948;9.303530;5.596654;4.553904;9.100368;5.185769;4.722623;4.883410;7.454280;6.491827;7.212343;7.049637;8.908598;8.851909;7.040144;5.359455;5.075128;8.921708;5.298677;4.235536;8.201684;7.098614;6.063973;6.048263;6.528672;7.215781;9.003424;7.273585;7.080786;5.207120;7.920807;7.386024;8.739086;3.687184;4.267282;7.050273;8.433542;5.877361;6.747557;7.147100;8.836393;8.122260;9.372975;7.068726;3.267442;7.489470;4.525274;8.040818;3.792502;7.404883;8.665893;7.480908;5.074031;5.970935;5.930919;9.242472;8.570111;7.022424;3.654060
0.900000;-5.704277;2.902425;3.501592;3.533545;2.991133;3.368538;1.819271;3.177799;4.118186;1.579834;5.333654;1.711487;3.282731;2.329290;3.614950;4.071765;2.445092;1.884534;2.946485;3.804821;5.353384;2.814605;3.815792;4.131202;1.676873;3.875804;3.467938;2.701096;3.511144;2.971104;4.814400;3.009056;4.511703;4.895423;4.793967;1.935058;2.980272;1.338634;3.576208;5.691188;4.933331;1.510325;5.129536;1.920716;5.029407;3.269230;4.033873;4.406514;5.611331;3.658912;2.763895;5.395780;2.711441;1.814624;3.123786;3.377469;3.858257;4.697562;1.869410;5.118458;1.350918;2.709353;1.698776;2.630920;4.136940;4.807404;3.459482;4.102839;3.193163;4.768825;5.131329;3.798409;4.297946;3.257038;2.114823;4.556073;2.156387;1.531262;1.579191;5.050168;1.862483;2.449531;4.166506;4.826608;1.501617;4.130402;2.766238;1.686186;4.311362;4.782653;4.893171;3.169129;4.753798;1.548771;3.613373;3.963571;1.626856;5.559379;6.049470;4.185816;3.873578;3.373282;3.021728;2.159851;2.548868;4.024338;3.447051;4.758732;3.885232;4.195292;2.646994;3.415917;2.622815;5.477046;3.629256;5.045306;6.190776;6.084599;9.310342;5.597694;4.558285;9.115043;5.202656;4.726699;4.903396;7.452357;6.486703;7.252059;7.069818;8.931355;8.872547;7.046705;5.359415;5.096526;8.946863;5.298676;4.217319;8.205521;7.116602;6.070206;6.100433;6.549600;7.284646;9.011275;7.273589;7.082148;5.210955;7.945149;7.399849;8.737176;3.692110;4.286836;7.058752;8.443772;5.885704;6.826572;7.153808;8.841032;8.186424;9.387952;7.084732;3.267443;7.488215;4.576234;8.044503;3.803907;7.433483;8.698933;7.507222;5.078645;6.018791;5.951095;9.273068;8.599883;7.024247;3.654061
0.900000;-5.564616;2.889923;3.500293;3.532566;2.990265;3.366013;1.833501;3.169343;4.117815;1.578782;5.333070;1.710713;3.280776;2.330390;3.627069;4.067764;2.621968;1.882541;2.945934;3.801793;5.352161;2.812892;3.815575;4.130247;1.675255;3.905378;3.466547;2.695496;3.509284;2.970047;4.814400;3.005482;4.511131;4.894998;4.793782;1.911525;2.978624;1.338233;3.573301;5.685050;4.931990;1.510122;5.129182;1.920206;5.026393;3.268856;4.033736;4.406090;5.608951;3.658613;2.762638;5.393347;2.711018;1.814046;3.121987;3.375876;3.827796;4.824131;1.868566;5.116873;1.349304;2.706756;1.697022;2.581585;4.136061;4.805734;3.458783;4.100064;3.192874;4.753846;5.130006;3.798409;4.293070;3.254393;2.113951;4.552832;2.155106;1.598629;1.579005;5.047957;1.861624;2.442800;4.166366;4.825991;1.501376;4.127714;2.765538;1.686648;4.350655;4.776614;4.891570;3.166749;4.753640;1.774603;3.613025;3.962875;1.626152;5.554062;6.044747;4.185650;3.870668;3.376907;3.020534;2.158515;2.548174;4.023337;3.445380;4.758281;3.885127;4.193031;2.646994;3.414730;2.621846;5.475667;3.624277;5.168125;6.190107;6.082772;9.309827;5.597658;4.558023;9.113306;5.200485;4.726463;4.881970;7.453159;6.483876;7.244037;7.046864;8.927885;8.869569;7.046220;5.358614;5.093377;8.942819;5.298677;4.322973;8.213779;7.128832;6.069757;6.088602;6.546556;7.267362;9.010634;7.273589;7.082096;5.210740;7.941304;7.398269;8.734529;3.678591;4.284099;7.058025;8.442797;5.884994;6.805838;7.153304;8.840747;8.170696;9.386156;7.082733;3.267442;7.488453;4.564784;8.044302;3.802742;7.428560;8.692811;7.502884;5.078360;6.008305;5.948225;9.267620;8.594653;7.024172;3.654061
0.900000;-4.918828;2.885335;3.500312;3.532531;2.990214;3.366292;1.819367;3.171188;4.117722;1.578760;5.332988;1.710649;3.280928;2.328244;3.624116;4.068411;2.535594;1.882697;2.945848;3.802194;5.352165;2.812992;3.815490;4.130211;1.675339;3.869876;3.466581;2.696562;3.509415;2.970025;4.814399;3.006020;4.511047;4.894907;4.793699;1.982876;2.978711;1.338139;3.573673;5.686262;4.932016;1.510038;5.129090;1.920118;5.026790;3.268764;4.033665;4.405999;5.609195;3.658522;2.762649;5.393606;2.710926;1.813962;3.122110;3.375951;3.879586;4.602798;1.868511;5.116946;1.350923;2.707051;1.697130;2.608012;4.136011;4.805824;3.458713;4.100404;3.192784;4.744834;5.130029;3.798409;4.293944;3.254703;2.113899;4.553286;2.155121;1.530212;1.578924;5.048167;1.861571;2.446913;4.166294;4.825915;1.501287;4.128031;2.765467;1.687327;4.394017;4.777801;4.891647;3.166995;4.753565;1.589388;3.612933;3.962803;1.626078;5.555058;6.045582;4.185571;3.871039;3.389577;3.020534;2.158543;2.548102;4.023306;3.445470;4.758190;3.885064;4.193250;2.646994;3.414730;2.621813;5.475698;3.625180;4.966746;6.190032;6.079899;9.309740;5.597625;4.557932;9.113411;5.200683;4.726377;4.882699;7.465027;6.500738;7.245758;7.087638;8.928397;8.869962;7.046130;5.364516;5.093807;8.943479;5.298676;4.226878;8.194948;7.155277;6.069667;6.091368;6.546962;7.271596;9.010556;7.273585;7.082054;5.210654;7.941910;7.398342;8.734902;3.678352;4.284430;7.057958;8.442763;5.884926;6.811011;7.153215;8.840656;8.174520;9.386271;7.082897;3.267442;7.557930;4.567449;8.044217;3.802736;7.429449;8.694026;7.503621;5.078270;6.010705;5.948587;9.268646;8.595622;7.024118;3.654061
0.900000;-5.547214;2.887352;3.507067;3.538207;2.995485;3.376437;1.828244;3.192845;4.120812;1.584687;5.337109;1.715561;3.289602;2.329189;3.615910;4.081902;2.621968;1.891475;2.949821;3.813548;5.358672;2.820991;3.817667;4.135791;1.683064;3.965196;3.473621;2.713215;3.517832;2.975977;4.814399;3.018597;4.515111;4.898268;4.795659;1.913595;2.986523;1.341390;3.584747;5.703904;4.938908;1.512117;5.132088;1.923911;5.038109;3.271874;4.035251;4.409360;5.618987;3.661208;2.769265;5.403532;2.714286;1.818059;3.130352;3.383605;3.841106;4.704810;1.873692;5.124579;1.392980;2.717385;1.705248;2.583033;4.141327;4.813705;3.463316;4.111166;3.195403;4.746262;5.136859;3.798409;4.309215;3.265145;2.119189;4.565125;2.161815;1.614514;1.580879;5.057517;1.866811;2.442288;4.167905;4.830176;1.503615;4.138579;2.770069;1.751652;4.324578;4.795267;4.899323;3.176787;4.755308;1.475836;3.615894;3.967402;1.630711;5.571172;6.060545;4.187374;3.882117;3.422985;3.026950;2.165415;2.552692;4.029058;3.453358;4.761683;3.886381;4.202755;2.646994;3.421124;2.627450;5.482710;3.640648;5.223600;6.194522;6.080026;9.313545;5.598215;4.560396;9.121487;5.209942;4.728669;4.883648;7.479917;6.484074;7.266697;7.045105;8.940737;8.881198;7.049800;5.359945;5.105442;8.957066;5.298678;4.251700;8.206393;7.104360;6.073157;6.118336;6.558352;7.306319;9.014935;7.273582;7.082825;5.212813;7.955075;7.405966;8.735435;3.734643;4.295097;7.062684;8.448445;5.889572;6.850254;7.156968;8.843261;8.207095;9.394512;7.091689;3.267441;7.484784;4.593839;8.046292;3.809054;7.444807;8.711640;7.517804;5.080862;6.035616;5.959584;9.285023;8.611575;7.025150;3.654060
0.900000;-4.797666;2.895322;3.500409;3.532611;2.990288;3.366447;1.822616;3.171420;4.117759;1.578844;5.333041;1.710717;3.281057;2.346094;3.650368;4.068603;2.621968;1.882830;2.945900;3.802360;5.352259;2.813109;3.815514;4.130287;1.675451;3.903177;3.466688;2.696784;3.509537;2.970108;4.814399;3.006204;4.511100;4.894948;4.793721;1.906067;2.978825;1.338179;3.573835;5.686489;4.932117;1.510061;5.129126;1.920166;5.026956;3.268801;4.033681;4.406041;5.609342;3.658553;2.762746;5.393753;2.710968;1.814016;3.122229;3.376062;4.007074;4.591048;1.868583;5.117058;1.353039;2.707206;1.697250;2.580496;4.136086;4.805945;3.458773;4.100566;3.192814;4.754298;5.130129;3.782390;4.294155;3.254857;2.113971;4.553461;2.155219;1.552779;1.578946;5.048306;1.861643;2.566612;4.166310;4.825968;1.501315;4.128191;2.765528;1.709993;4.311058;4.778027;4.891761;3.167141;4.753582;1.728553;3.612969;3.962866;1.626143;5.555274;6.045790;4.185592;3.871206;3.402828;3.020627;2.158642;2.548164;4.023386;3.445587;4.758235;3.885077;4.193395;2.646994;3.414824;2.621891;5.475801;3.625389;4.992875;6.190091;6.079895;9.309786;5.597630;4.557962;9.113526;5.200820;4.726404;4.884111;7.460403;6.509953;7.245989;7.107799;8.928569;8.870120;7.046177;5.358503;5.093978;8.943674;5.298676;4.209910;8.257296;7.100562;6.069710;6.091568;6.547128;7.271703;9.010614;7.273578;7.082061;5.210679;7.942095;7.398455;8.779236;3.682029;4.284587;7.058022;8.442838;5.884986;6.811011;7.153265;8.840687;8.174661;9.386393;7.083025;3.267441;7.491227;4.567653;8.044240;3.802829;7.429653;8.694242;7.503814;5.078301;6.010925;5.948750;9.268863;8.595836;7.024130;3.654061
0.900000;-5.857967;2.925103;3.497603;3.530261;2.988108;3.362220;1.822609;3.162786;4.116499;1.576388;5.331348;1.708690;3.277441;2.328403;3.713496;4.063028;2.441683;1.879173;2.944271;3.797644;5.349556;2.809780;3.814634;4.127975;1.672233;4.024895;3.463758;2.689982;3.506034;2.967642;4.814400;3.000993;4.509432;4.893575;4.792930;1.987295;2.975576;1.336852;3.569234;5.679304;4.929253;1.509223;5.127903;1.918610;5.022253;3.267534;4.033043;4.404666;5.605267;3.657462;2.759999;5.389621;2.709596;1.812334;3.118791;3.372880;3.829749;4.615976;1.866443;5.113883;1.354334;2.702908;1.693870;2.583870;4.133887;4.802657;3.456876;4.096087;3.191750;4.741466;5.127290;3.798409;4.287882;3.250513;2.111786;4.548547;2.152439;1.632842;1.578158;5.044410;1.859478;2.442290;4.165662;4.824214;1.500373;4.123794;2.763636;1.705605;4.318861;4.770919;4.888567;3.163066;4.752881;1.568498;3.611764;3.960970;1.624234;5.548672;6.039638;4.184867;3.866600;3.400567;3.017963;2.155786;2.546272;4.021005;3.442302;4.756806;3.884550;4.189431;2.646994;3.412165;2.619557;5.472887;3.619048;4.995028;6.188243;6.090888;9.308226;5.597397;4.556965;9.110167;5.196969;4.725477;4.884632;7.452580;6.487848;7.237619;7.051779;8.923466;8.865460;7.044674;5.359844;5.089151;8.938071;5.298678;4.233121;8.197162;7.117303;6.068284;6.081127;6.542400;7.258802;9.008813;7.273582;7.081755;5.209807;7.936655;7.395284;8.754014;3.697436;4.280151;7.056075;8.440489;5.883071;6.796745;7.151727;8.839629;8.162418;9.382969;7.079370;3.267442;7.498093;4.557411;8.043403;3.800209;7.423353;8.687097;7.497975;5.077249;6.001166;5.944185;9.262171;8.589301;7.023719;3.654061
0.900000;-5.164686;2.875136;3.499680;3.532023;2.989749;3.365237;1.819198;3.168249;4.117475;1.578225;5.332641;1.710222;3.280060;2.368439;3.643988;4.066868;2.598992;1.881822;2.945518;3.800967;5.351561;2.812210;3.815322;4.129711;1.674589;4.102208;3.465918;2.694517;3.508577;2.969485;4.814399;3.004615;4.510707;4.894635;4.793551;1.912909;2.977954;1.337878;3.572485;5.684050;4.931369;1.509880;5.128850;1.919803;5.025569;3.268513;4.033546;4.405726;5.608189;3.658310;2.762035;5.392575;2.710653;1.813618;3.121293;3.375213;3.853661;4.586762;1.868056;5.116211;1.381112;2.705967;1.696334;2.579846;4.135541;4.805065;3.458316;4.099259;3.192578;4.753370;5.129389;3.781360;4.292122;3.253603;2.113432;4.551988;2.154500;1.550897;1.578777;5.047213;1.861109;2.504773;4.166173;4.825550;1.501107;4.126913;2.765073;1.693976;4.322664;4.775614;4.890906;3.165984;4.753433;1.465430;3.612698;3.962409;1.625683;5.553098;6.043811;4.185441;3.869853;3.372587;3.019942;2.157900;2.547708;4.022789;3.444703;4.757905;3.884968;4.192265;2.646994;3.414140;2.621306;5.475039;3.623325;4.986123;6.189647;6.080111;9.309422;5.597583;4.557743;9.112617;5.199741;4.726199;4.881887;7.475677;6.485905;7.242955;7.047237;8.927026;8.868747;7.045828;5.358428;5.092541;8.941916;5.298677;4.406955;8.194972;7.098677;6.069382;6.087358;6.545730;7.265819;9.010182;7.273589;7.082000;5.210490;7.940411;7.397607;8.753349;3.679812;4.283298;7.057551;8.442255;5.884521;6.804053;7.152906;8.840452;8.169257;9.385461;7.082010;3.267441;7.493923;4.563566;8.044059;3.802156;7.427611;8.691807;7.501970;5.078068;6.007125;5.947407;9.266644;8.593686;7.024045;3.654061
0.900000;-5.537440;2.888341;3.494794;3.527943;2.985973;3.357743;1.824447;3.151363;4.115295;1.573959;5.329712;1.706713;3.273706;2.383427;3.626940;4.056716;2.354783;1.875387;2.942698;3.792523;5.346861;2.806376;3.813798;4.125703;1.668959;3.874333;3.460819;2.681800;3.502427;2.965200;4.814400;2.995198;4.507823;4.892260;4.792181;1.911323;2.972262;1.335584;3.564261;5.670520;4.926378;1.508426;5.126738;1.917113;5.017149;3.266322;4.032440;4.403351;5.600968;3.656421;2.757253;5.385250;2.708278;1.810709;3.115264;3.369642;3.982495;4.614624;1.864347;5.110655;1.369403;2.698326;1.690407;2.593237;4.131732;4.799315;3.455034;4.091284;3.190738;4.746589;5.124444;3.798409;4.280538;3.245873;2.109641;4.543157;2.149652;1.606830;1.577410;5.040339;1.857356;2.466289;4.165049;4.822515;1.499476;4.119102;2.761791;1.777543;4.314509;4.762228;4.885317;3.158762;4.752217;1.475836;3.610612;3.959130;1.622377;5.540820;6.032475;4.184181;3.861627;3.381133;3.015310;2.152921;2.544435;4.018654;3.438955;4.755436;3.884052;4.185280;2.646994;3.409526;2.617258;5.469956;3.611576;5.004704;6.186450;6.079865;9.306724;5.597176;4.556015;9.106724;5.192935;4.724594;4.881961;7.450368;6.509967;7.226678;7.105434;8.917796;8.860394;7.043229;5.364511;5.083872;8.931693;5.298676;4.211934;8.317973;7.099433;6.066914;6.065948;6.537255;7.237687;9.007066;7.273589;7.081467;5.208980;7.930520;7.392057;8.736267;3.681706;4.275392;7.054177;8.438168;5.881207;6.771921;7.150246;8.838621;8.142991;9.379444;7.075572;3.267440;7.553236;4.542642;8.042609;3.797598;7.415951;8.678297;7.491262;5.076249;5.987491;5.939245;9.254151;8.581541;7.023330;3.654061
0.900000;-6.961182;3.225506;3.515781;3.545530;3.002287;3.389552;1.823531;3.221403;4.124804;1.592327;5.342427;1.721897;3.300808;2.331172;3.637679;4.099421;2.421905;1.902813;2.954947;3.828245;5.367070;2.831314;3.820481;4.142992;1.693038;3.881500;3.482701;2.734946;3.528698;2.983656;4.814400;3.034900;4.520353;4.902609;4.798193;1.953460;2.996605;1.345587;3.599077;5.726959;4.947799;1.514805;5.135960;1.928810;5.052760;3.275888;4.037303;4.413701;5.631634;3.664677;2.777796;5.416362;2.718623;1.823344;3.141005;3.393482;3.956491;4.580233;1.880377;5.134431;1.366595;2.730747;1.715731;2.583394;4.148186;4.823873;3.469255;4.125085;3.198788;4.747102;5.145673;3.798409;4.329096;3.278649;2.126014;4.580459;2.170450;1.715108;1.583405;5.069595;1.873571;2.448941;4.169991;4.835681;1.506622;4.152230;2.776009;1.730628;4.355813;4.818097;4.909231;3.189443;4.757562;1.607751;3.619720;3.973336;1.636688;5.592185;6.080011;4.189704;3.896451;3.430377;3.035225;2.174280;2.558615;4.036480;3.463537;4.766193;3.888085;4.215039;2.646994;3.429364;2.634718;5.491755;3.660799;4.980329;6.200320;6.081040;9.318460;5.598977;4.563576;9.131916;5.221902;4.731629;4.881909;7.450272;6.520545;7.294269;7.109627;8.956737;8.895742;7.054537;5.364543;5.120510;8.974715;5.298676;4.549384;8.214673;7.100559;6.077658;6.154366;6.573095;7.353667;9.020589;7.273582;7.083821;5.215603;7.972167;7.415805;8.733397;3.686147;4.308896;7.068780;8.455772;5.895571;6.904498;7.161808;8.846628;8.251262;9.405147;7.103040;3.267442;7.484279;4.629053;8.048975;3.817202;7.464802;8.734674;7.536240;5.084208;6.068722;5.973809;9.306386;8.632377;7.026484;3.654060
0.900000;-5.368887;2.878051;3.495172;3.528146;2.986116;3.358918;1.833511;3.157079;4.115235;1.574199;5.329728;1.706811;3.274492;2.337912;3.615226;4.058960;2.433959;1.876203;2.942700;3.794052;5.347198;2.807010;3.813713;4.125891;1.669533;3.910357;3.461251;2.685262;3.503155;2.965443;4.814400;2.997124;4.507829;4.892215;4.792093;1.909318;2.972853;1.335533;3.565705;5.674402;4.926783;1.508338;5.126675;1.917101;5.018669;3.266264;4.032355;4.403307;5.602041;3.656347;2.757609;5.386362;2.708236;1.810721;3.115955;3.370199;3.829279;4.605303;1.864479;5.111208;1.352880;2.699550;1.691067;2.585424;4.131881;4.799911;3.455095;4.092636;3.190660;4.762823;5.124837;3.798409;4.283444;3.247132;2.109788;4.544842;2.150025;1.595800;1.577323;5.041296;1.857496;2.495817;4.164963;4.822544;1.499391;4.120389;2.761854;1.687073;4.439288;4.766035;4.885881;3.159839;4.752130;1.475836;3.610546;3.959193;1.622446;5.544068;6.035264;4.184093;3.863074;3.374274;3.015629;2.153322;2.544496;4.018864;3.439562;4.755401;3.883972;4.186275;2.646994;3.409845;2.617452;5.470385;3.614562;5.156288;6.186498;6.082205;9.306712;5.597130;4.555934;9.107375;5.193871;4.724510;4.899414;7.466662;6.493358;7.232046;7.091881;8.919640;8.861888;7.043206;5.359158;5.085488;8.933969;5.298676;4.562591;8.205254;7.098937;6.066879;6.074370;6.538798;7.250445;9.007104;7.273578;7.081410;5.208891;7.932653;7.392608;8.736888;3.725515;4.276718;7.054253;8.438368;5.881275;6.787385;7.150230;8.838544;8.154520;9.380131;7.076389;3.267442;7.541515;4.550760;8.042521;3.797902;7.418891;8.682168;7.493756;5.076170;5.994823;5.940669;9.257501;8.584722;7.023261;3.654060
0.900000;-5.929224;2.935833;3.500826;3.532973;2.990628;3.367031;1.831375;3.172683;4.117980;1.579221;5.333320;1.711040;3.281561;2.328801;3.694585;4.069354;2.594478;1.883346;2.946171;3.803001;5.352664;2.813588;3.815675;4.130645;1.675912;3.894048;3.467114;2.697713;3.510037;2.970485;4.814400;3.006907;4.511377;4.895185;4.793869;1.902670;2.979294;1.338409;3.574463;5.687478;4.932541;1.510216;5.129339;1.920426;5.027596;3.269021;4.033802;4.406276;5.609905;3.658747;2.763155;5.394321;2.711203;1.814294;3.122714;3.376524;3.864923;4.614261;1.868919;5.117518;1.371039;2.707795;1.697733;2.584479;4.136429;4.806410;3.459080;4.101178;3.193004;4.758235;5.130548;3.690365;4.295007;3.255452;2.114314;4.554124;2.155632;1.662875;1.579092;5.048847;1.861983;2.523327;4.166433;4.826254;1.501486;4.128786;2.765839;1.697364;4.338887;4.779005;4.892220;3.167704;4.753715;1.465809;3.613180;3.963171;1.626450;5.556168;6.046621;4.185728;3.871831;3.385646;3.021026;2.159063;2.548468;4.023753;3.446059;4.758478;3.885179;4.193942;2.646994;3.415219;2.622252;5.476230;3.626251;4.964652;6.190392;6.081009;9.310047;5.597679;4.558142;9.114008;5.201358;4.726570;4.895194;7.451600;6.582399;7.247203;7.048332;8.929265;8.870755;7.046430;5.359727;5.094633;8.944428;5.298676;4.271585;8.227948;7.100342;6.069952;6.093253;6.547773;7.274112;9.010908;7.273589;7.082124;5.210840;7.942831;7.398911;8.738210;3.679561;4.285194;7.058334;8.443206;5.885297;6.813900;7.153523;8.840876;8.176856;9.386882;7.083540;3.267441;7.489088;4.569291;8.044395;3.803222;7.430509;8.695234;7.504606;5.078489;6.012434;5.949371;9.269777;8.596725;7.024210;3.654060
0.900000;-5.928509;2.937397;3.492441;3.525877;2.984020;3.354677;1.819222;3.147486;4.114043;1.571822;5.328113;1.704867;3.270916;2.350341;3.690564;4.053187;2.545730;1.872578;2.941146;3.789262;5.344569;2.803732;3.812882;4.123662;1.666372;3.975184;3.458398;2.678016;3.499688;2.963056;4.814400;2.991775;4.506240;4.890913;4.791350;1.902698;2.969659;1.334275;3.561044;5.666693;4.923991;1.507548;5.125518;1.915620;5.013897;3.265062;4.031757;4.402003;5.597966;3.655315;2.754934;5.382223;2.706933;1.809117;3.112564;3.367074;3.835364;4.640099;1.862421;5.108092;1.365983;2.695229;1.687736;2.611726;4.129766;4.796700;3.453279;4.088117;3.189656;4.743177;5.122071;3.798409;4.276844;3.242758;2.107683;4.539831;2.147320;1.550591;1.576581;5.037416;1.855414;2.446750;4.164355;4.820871;1.498504;4.115973;2.760039;1.705439;4.311721;4.758404;4.882743;3.155760;4.751471;1.468717;3.609406;3.957378;1.620617;5.537069;6.028807;4.183410;3.858412;3.371805;3.013042;2.150537;2.542687;4.016563;3.436331;4.754044;3.883478;4.182331;2.646994;3.407268;2.615202;5.467541;3.607867;5.004808;6.184729;6.090657;9.305227;5.596912;4.554991;9.104056;5.190032;4.723636;4.917359;7.453739;6.561682;7.222789;7.053171;8.914396;8.857149;7.041777;5.358538;5.080573;8.928146;5.298676;4.210205;8.195891;7.110673;6.065521;6.062302;6.533991;7.234867;9.005383;7.273585;7.081123;5.208071;7.927029;7.389497;8.733703;3.678472;4.272239;7.052387;8.436098;5.879439;6.769816;7.148768;8.837545;8.139899;9.376745;7.072761;3.267442;7.495245;4.538956;8.041732;3.795357;7.412250;8.674467;7.487659;5.075177;5.983709;5.936039;9.250383;8.577800;7.022876;3.654060
0.900000;-5.095226;2.876204;3.489686;3.523481;2.981766;3.350955;1.825617;3.141718;4.112622;1.569343;5.326284;1.702743;3.267582;2.373349;3.706711;4.048702;2.621968;1.869220;2.939374;3.785246;5.341896;2.800597;3.811851;4.121300;1.663318;3.869127;3.455554;2.672953;3.496433;2.960567;4.814400;2.987483;4.504434;4.889383;4.790416;1.944610;2.966578;1.332789;3.557091;5.661469;4.921195;1.506560;5.124136;1.913917;5.009886;3.263636;4.030991;4.400473;5.594335;3.654065;2.752227;5.378555;2.705403;1.807297;3.109357;3.364040;3.866950;4.687334;1.860200;5.105065;1.357810;2.691456;1.684565;2.592594;4.127496;4.793598;3.451269;4.084238;3.188434;4.741398;5.119293;3.798409;4.272021;3.238960;2.105424;4.535701;2.144585;1.545880;1.575648;5.033898;1.853172;2.474694;4.163576;4.818986;1.497407;4.112146;2.758027;1.764262;4.317741;4.753212;4.879704;3.152128;4.750633;1.466505;3.608040;3.955368;1.618596;5.532098;6.024038;4.182547;3.854456;3.385116;3.010398;2.147748;2.540679;4.014143;3.433232;4.752461;3.882835;4.178771;2.646994;3.404634;2.612821;5.464706;3.603005;4.990992;6.182760;6.080508;9.303517;5.596617;4.553836;9.100904;5.186542;4.722553;4.881889;7.481010;6.483912;7.217113;7.056653;8.910154;8.853161;7.040123;5.372728;5.076488;8.923648;5.298678;4.368026;8.207372;7.100041;6.063943;6.055998;6.529966;7.228015;9.003452;7.273585;7.080741;5.207049;7.922610;7.386471;8.746621;3.678837;4.268386;7.050331;8.433701;5.877411;6.762711;7.147081;8.836329;8.133180;9.373543;7.069396;3.267442;7.543868;4.532695;8.040747;3.792747;7.407408;8.669258;7.483038;5.073967;5.977592;5.932108;9.245364;8.572855;7.022368;3.654059
0.900000;-5.234941;2.874997;3.499259;3.531582;2.989310;3.365046;1.820036;3.170254;4.117112;1.577785;5.332226;1.709788;3.279740;2.344211;3.620803;4.067117;2.621968;1.881505;2.945109;3.800910;5.351135;2.811845;3.815036;4.129271;1.674208;3.880016;3.465504;2.695345;3.508243;2.969047;4.814400;3.004726;4.510294;4.894256;4.793284;1.911743;2.977578;1.337506;3.572395;5.685081;4.930953;1.509601;5.128495;1.919402;5.025506;3.268151;4.033320;4.405346;5.607960;3.657979;2.761610;5.392362;2.710276;1.813205;3.120944;3.374829;3.827160;4.582781;1.867617;5.115826;1.370852;2.705794;1.695975;2.599628;4.135103;4.804683;3.457886;4.099134;3.192251;4.745367;5.128971;3.798409;4.292683;3.253444;2.112992;4.551996;2.154074;1.629338;1.578511;5.046943;1.860669;2.461357;4.165945;4.825130;1.500807;4.126769;2.764645;1.789279;4.312910;4.776615;4.890522;3.165756;4.753190;1.473033;3.612346;3.961980;1.625253;5.553816;6.044312;4.185189;3.869766;3.375437;3.019512;2.157480;2.547279;4.022349;3.444332;4.757519;3.884774;4.192023;2.646994;3.413710;2.620864;5.474624;3.623924;5.014839;6.189223;6.102372;9.309022;5.597489;4.557429;9.112258;5.199467;4.725902;4.881909;7.510950;6.552575;7.244775;7.046887;8.927103;8.868678;7.045434;5.360610;5.092521;8.942193;5.298678;4.212402;8.221364;7.098403;6.068997;6.090905;6.545678;7.272021;9.009763;7.273585;7.081879;5.210204;7.940610;7.397224;8.735728;3.691069;4.283162;7.057118;8.441811;5.884095;6.812016;7.152508;8.840126;8.174685;9.385113;7.081704;3.267442;7.493166;4.566933;8.043783;3.801723;7.428185;8.692846;7.502337;5.077743;6.010048;5.947311;9.267417;8.594378;7.023888;3.654060
0.900000;-4.237871;2.982781;3.489093;3.523132;2.981495;3.349319;1.821678;3.134452;4.112647;1.568940;5.326196;1.702536;3.266443;2.328310;3.737586;4.045712;2.328623;1.868051;2.939306;3.783156;5.341362;2.799666;3.811926;4.120970;1.662467;3.876852;3.454885;2.668447;3.495380;2.960159;4.814400;2.984895;4.504352;4.889383;4.790496;2.002853;2.965704;1.332801;3.555113;5.656444;4.920566;1.506639;5.124168;1.913871;5.007811;3.263656;4.031075;4.400472;5.592829;3.654118;2.751667;5.377002;2.705404;1.807213;3.108351;3.363212;3.826681;4.579938;1.859944;5.104242;1.353704;2.689758;1.683600;2.596517;4.127218;4.792700;3.451111;4.082377;3.188491;4.741405;5.118681;3.741921;4.268200;3.237221;2.105149;4.533419;2.144008;1.552541;1.575729;5.032543;1.852903;2.444587;4.163660;4.818880;1.497477;4.110362;2.757870;1.781184;4.479930;4.748284;4.878868;3.150622;4.750716;1.466289;3.608074;3.955212;1.618433;5.527857;6.020368;4.182631;3.852478;3.376000;3.009887;2.147125;2.540524;4.013776;3.432334;4.752448;3.882916;4.177362;2.646994;3.404127;2.612478;5.464047;3.599092;5.008501;6.182620;6.080196;9.303472;5.596667;4.553902;9.099952;5.185220;4.722627;4.888046;7.454321;6.486130;7.210264;7.049430;8.907669;8.851119;7.040091;5.369984;5.074290;8.920617;5.298677;4.773834;8.194897;7.105765;6.063931;6.045447;6.527863;7.212224;9.003330;7.273582;7.080801;5.207125;7.919766;7.385650;8.762381;3.696915;4.266565;7.050155;8.433345;5.877249;6.743681;7.147044;8.836386;8.118885;9.372544;7.068233;3.267441;7.500380;4.522527;8.040826;3.792259;7.403553;8.664252;7.479736;5.074023;5.968359;5.930162;9.240999;8.568699;7.022441;3.654061
0.900000;-6.423627;3.046454;3.506195;3.537537;2.994883;3.374825;1.819480;3.187728;4.120531;1.583970;5.336687;1.715019;3.288332;2.343629;3.676436;4.079404;2.486260;1.890187;2.949422;3.811629;5.357851;2.819869;3.817491;4.135137;1.682001;3.866165;3.472693;2.709772;3.516622;2.975257;4.814400;3.016357;4.514698;4.897953;4.795505;2.097451;2.985440;1.341089;3.582901;5.700142;4.938010;1.511952;5.131818;1.923537;5.036200;3.271588;4.035133;4.409043;5.617459;3.660975;2.768423;5.401969;2.713970;1.817640;3.129175;3.382553;3.869859;4.581738;1.873106;5.123535;1.350362;2.715726;1.704101;2.594965;4.140719;4.812609;3.462823;4.109401;3.195178;4.746199;5.135976;3.718282;4.306196;3.263458;2.118584;4.563079;2.160958;1.556933;1.580726;5.056096;1.866213;2.445127;4.167786;4.829735;1.503424;4.136873;2.769578;1.686086;4.311462;4.791561;4.898268;3.175259;4.755174;1.737133;3.615630;3.966909;1.630213;5.567894;6.057618;4.187237;3.880271;3.372044;3.026144;2.164522;2.552200;4.028375;3.452260;4.761351;3.886288;4.201297;2.646994;3.420320;2.626784;5.481791;3.637567;4.961087;6.194045;6.079866;9.313169;5.598178;4.560188;9.120345;5.208539;4.728479;4.887685;7.471043;6.491425;7.261829;7.049984;8.938551;8.879307;7.049443;5.395257;5.103450;8.954542;5.298678;4.465145;8.207500;7.232933;6.072821;6.111266;6.556424;7.296220;9.014478;7.273589;7.082775;5.212640;7.952663;7.404919;8.735892;3.678329;4.293355;7.062171;8.447769;5.889071;6.838327;7.156596;8.843038;8.197854;9.393334;7.090387;3.267442;7.490626;4.586996;8.046127;3.808267;7.441758;8.707887;7.515101;5.080640;6.029317;5.957754;9.281660;8.608348;7.025080;3.654060
0.900000;-6.388234;3.040848;3.492917;3.526228;2.984329;3.355648;1.837831;3.151040;4.114165;1.572204;5.328312;1.705140;3.271658;2.331450;3.617150;4.054780;2.621968;1.873335;2.941335;3.790446;5.345017;2.804376;3.812949;4.124004;1.666977;3.867400;3.458906;2.680299;3.500393;2.963439;4.814400;2.993189;4.506438;4.891054;4.791407;1.923919;2.970274;1.334408;3.562176;5.669206;4.924486;1.507610;5.125633;1.915793;5.015074;3.265185;4.031796;4.402145;5.598880;3.655412;2.755397;5.383159;2.707074;1.809315;3.113241;3.367668;3.870276;4.605433;1.862720;5.108683;1.349495;2.696231;1.688394;2.579955;4.130080;4.797321;3.453527;4.089191;3.189748;4.743440;5.122558;3.767077;4.278812;3.243781;2.107995;4.541102;2.147786;1.561738;1.576638;5.038259;1.855718;2.456419;4.164396;4.821087;1.498580;4.117011;2.760285;1.693806;4.378544;4.760880;4.883341;3.156674;4.751517;1.484810;3.609520;3.957622;1.620864;5.539228;6.030708;4.183460;3.859544;3.378374;3.013478;2.151030;2.542928;4.016924;3.436960;4.754194;3.883507;4.183197;2.638744;3.407703;2.615550;5.468051;3.609879;5.106703;6.184965;6.096033;9.305399;5.596920;4.555075;9.104714;5.190859;4.723709;4.882311;7.451544;6.500721;7.226143;7.111493;8.915763;8.858315;7.041941;5.363368;5.081806;8.929758;5.298676;4.442346;8.195520;7.113443;6.065673;6.067407;6.535181;7.242556;9.005606;7.273582;7.081137;5.208137;7.928553;7.390085;8.744905;3.694506;4.273301;7.052642;8.436450;5.879687;6.779166;7.148939;8.837636;8.146839;9.377423;7.073516;3.267442;7.505678;4.543882;8.041796;3.795780;7.414237;8.676975;7.489393;5.075267;5.988190;5.937158;9.252601;8.579923;7.022897;3.654061
0.900000;-3.799266;3.107773;3.494460;3.527645;2.985688;3.357358;1.819346;3.151363;4.115107;1.573652;5.329473;1.706440;3.273333;2.328383;3.778182;4.056358;2.621968;1.875012;2.942467;3.792138;5.346535;2.806016;3.813659;4.125407;1.668602;3.948797;3.460479;2.681535;3.502058;2.964892;4.814400;2.994821;4.507586;4.892057;4.792056;1.959280;2.971904;1.335387;3.563876;5.670290;4.926042;1.508292;5.126554;1.916890;5.016763;3.266131;4.032337;4.403148;5.600585;3.656255;2.756924;5.384867;2.708078;1.810472;3.114897;3.369289;3.829416;4.583129;1.864065;5.110302;1.352350;2.697940;1.690044;2.580576;4.131445;4.798954;3.454773;4.090897;3.190574;4.782507;5.124107;3.798409;4.280221;3.245489;2.109356;4.542778;2.149327;1.530706;1.577284;5.039955;1.857072;2.454659;4.164943;4.822272;1.499329;4.118721;2.761531;1.687442;4.312060;4.761995;4.884963;3.158381;4.752104;1.481613;3.610430;3.958871;1.622118;5.540532;6.032152;4.184063;3.861242;3.374839;3.014985;2.152587;2.544177;4.018351;3.438596;4.755227;3.883964;4.184898;2.646994;3.409205;2.616958;5.469617;3.611269;5.006869;6.186194;6.079952;9.306499;5.597137;4.555859;9.106360;5.192562;4.724449;4.883510;7.450047;6.483586;7.226629;7.050823;8.917422;8.860008;7.043011;5.363453;5.083492;8.931339;5.298678;4.226676;8.225773;7.113251;6.066704;6.066375;6.536873;7.238930;9.006817;7.273593;7.081415;5.208841;7.930158;7.391702;8.751287;3.678956;4.275008;7.053914;8.437866;5.880947;6.773747;7.150027;8.838459;8.143990;9.379080;7.075197;3.267442;7.494982;4.543015;8.042476;3.797277;7.415639;8.678083;7.490918;5.076087;5.987730;5.938860;9.253876;8.581249;7.023261;3.654060
0.900000;-4.157151;3.001699;3.489326;3.523294;2.981633;3.349842;1.836859;3.136371;4.112685;1.569120;5.326275;1.702654;3.266830;2.338248;3.637690;4.046587;2.620779;1.868444;2.939379;3.783798;5.341578;2.799995;3.811940;4.121125;1.662773;3.864839;3.455138;2.669703;3.495742;2.960339;4.814400;2.985667;4.504431;4.889430;4.790504;1.924672;2.966017;1.332844;3.555726;5.657825;4.920811;1.506650;5.124204;1.913935;5.008450;3.263697;4.031077;4.400521;5.593317;3.654143;2.751892;5.377502;2.705453;1.807292;3.108701;3.363513;3.904381;4.590295;1.860078;5.104541;1.368196;2.690295;1.683939;2.583367;4.127357;4.793017;3.451213;4.082958;3.188514;4.745872;5.118921;3.798409;4.269281;3.237768;2.105288;4.534111;2.144237;1.542194;1.575738;5.032988;1.853042;2.454029;4.163664;4.818965;1.497496;4.110919;2.757975;1.750918;4.378021;4.749644;4.879171;3.151109;4.750721;1.559820;3.608108;3.955316;1.618537;5.529045;6.021414;4.182638;3.853090;3.373984;3.010098;2.147364;2.540627;4.013942;3.432652;4.752500;3.882917;4.177818;2.646994;3.404334;2.612637;5.464302;3.600205;4.960618;6.182718;6.084413;9.303535;5.596665;4.553922;9.100286;5.185656;4.722642;4.881913;7.466812;6.499898;7.212086;7.069947;8.908416;8.851752;7.040151;5.362113;5.074962;8.921503;5.298678;4.209546;8.204685;7.135985;6.063981;6.048116;6.528508;7.215980;9.003424;7.273578;7.080799;5.207139;7.920606;7.385952;8.739794;3.678822;4.267137;7.050263;8.433517;5.877354;6.748064;7.147104;8.836410;8.122339;9.372894;7.068627;3.267442;7.540467;4.525107;8.040836;3.792464;7.404645;8.665637;7.480695;5.074047;5.970726;5.930766;9.242222;8.569868;7.022439;3.654060
0.900000;-6.592006;3.101874;3.496814;3.529579;2.987467;3.361124;1.821228;3.160729;4.116098;1.575680;5.330831;1.708087;3.276474;2.329883;3.629713;4.061640;2.559113;1.878195;2.943768;3.796438;5.348791;2.808872;3.814342;4.127307;1.671350;3.873804;3.462943;2.688338;3.505088;2.966931;4.814400;2.999683;4.508918;4.893140;4.792665;1.910723;2.974685;1.336434;3.568052;5.677593;4.928449;1.508943;5.127513;1.918128;5.021050;3.267129;4.032827;4.404233;5.604195;3.657108;2.759222;5.388539;2.709163;1.811818;3.117859;3.372003;3.827470;4.752428;1.865812;5.113009;1.349379;2.701787;1.692951;2.579478;4.133241;4.801760;3.456306;4.094935;3.191405;4.743410;5.126492;3.758516;4.286350;3.249385;2.111143;4.547298;2.151653;1.599209;1.577893;5.043377;1.858839;2.446614;4.165442;4.823678;1.500062;4.122660;2.763063;1.702226;4.320576;4.769204;4.887688;3.161996;4.752644;1.475836;3.611377;3.960401;1.623659;5.547069;6.038131;4.184624;3.865419;3.374028;3.017205;2.154985;2.545703;4.020314;3.441406;4.756359;3.884368;4.188386;2.646994;3.411414;2.618877;5.472073;3.617496;5.156475;6.187685;6.081024;9.307744;5.597314;4.556638;9.109254;5.195944;4.725172;4.882253;7.455390;6.513824;7.235621;7.063220;8.922168;8.864262;7.044207;5.360941;5.087918;8.936664;5.298677;4.292501;8.195167;7.100274;6.067837;6.078634;6.541190;7.255662;9.008265;7.273589;7.081646;5.209518;7.935294;7.394407;8.751314;3.730486;4.279006;7.055492;8.439807;5.882496;6.793228;7.151252;8.839285;8.159459;9.382037;7.078385;3.267441;7.493652;4.554955;8.043124;3.799461;7.421811;8.685366;7.496527;5.076908;5.998850;5.943002;9.260545;8.587714;7.023575;3.654060
0.900000;-6.812975;3.185403;3.487782;3.521909;2.980314;3.347927;1.819231;3.134089;4.111801;1.567693;5.325170;1.701398;3.265063;2.331439;3.619954;4.044463;2.621968;1.866661;2.938303;3.781794;5.340067;2.798293;3.811279;4.119757;1.661101;3.920203;3.453556;2.667469;3.493994;2.958910;4.814400;2.983583;4.503336;4.888484;4.789903;1.966269;2.964336;1.331924;3.553741;5.655573;4.919246;1.506016;5.123341;1.912895;5.006446;3.262808;4.030578;4.399575;5.591431;3.653356;2.750366;5.375606;2.704507;1.806190;3.106972;3.361849;3.909220;4.661417;1.858775;5.102881;1.351539;2.688366;1.682222;2.595639;4.126032;4.791327;3.450014;4.080995;3.187742;4.802039;5.117363;3.798409;4.267092;3.235832;2.103967;4.532074;2.142699;1.547876;1.575138;5.031143;1.851728;2.498647;4.163157;4.817830;1.496796;4.108977;2.756774;1.737275;4.311185;4.747391;4.877505;3.149225;4.750179;1.475836;3.607252;3.954118;1.617334;5.526824;6.019230;4.182077;3.851105;3.380424;3.008600;2.145806;2.539430;4.012547;3.430962;4.751526;3.882493;4.175958;2.646994;3.402841;2.611260;5.462719;3.597998;4.979919;6.181540;6.082179;9.302493;5.596466;4.553189;9.098573;5.183822;4.721952;4.884935;7.457855;6.487604;7.209802;7.070443;8.906346;8.849751;7.039138;5.362366;5.072939;8.919364;5.298676;4.388664;8.197479;7.102530;6.063006;6.045886;6.526501;7.213970;9.002265;7.273582;7.080543;5.206482;7.918492;7.384295;8.769117;3.679045;4.265182;7.049043;8.432126;5.876147;6.746238;7.146078;8.835641;8.120255;9.371161;7.066834;3.267441;7.484295;4.522868;8.040204;3.790978;7.402446;8.663383;7.478535;5.073282;5.968469;5.928786;9.239994;8.567651;7.022102;3.654062
0.900000;-5.121248;2.875434;3.484653;3.519307;2.977908;3.343116;1.832106;3.123268;4.110423;1.564970;5.323310;1.699162;3.260979;2.328252;3.614571;4.037935;2.564241;1.862527;2.936513;3.776366;5.337061;2.794553;3.810320;4.117199;1.657495;3.876388;3.450291;2.659299;3.490045;2.956174;4.814400;2.977532;4.501503;4.886981;4.789042;1.933624;2.960689;1.330472;3.548454;5.646886;4.916053;1.505101;5.122004;1.911190;5.001036;3.261422;4.029884;4.398072;5.586801;3.652164;2.747307;5.370901;2.703004;1.804344;3.103104;3.358281;3.838137;4.656082;1.856410;5.099322;1.353022;2.683455;1.678422;2.598703;4.123604;4.787652;3.447926;4.075872;3.186581;4.741552;5.114199;3.791908;4.259641;3.230865;2.101550;4.526398;2.139604;1.532455;1.574278;5.026732;1.849335;2.442826;4.162452;4.815901;1.495770;4.103955;2.754688;1.697132;4.321290;4.738795;4.873925;3.144588;4.749415;1.986428;3.605936;3.952031;1.615230;5.518933;6.011942;4.181286;3.845819;3.391416;3.005639;2.142619;2.537348;4.009906;3.427278;4.749961;3.881920;4.171473;2.646994;3.399894;2.608677;5.459469;3.590446;5.530064;6.179505;6.092182;9.300781;5.596212;4.552099;9.094794;5.179452;4.720940;4.884802;7.454319;6.515651;7.199362;7.085685;8.900410;8.844380;7.037491;5.426742;5.067363;8.912786;5.298676;4.363682;8.254235;7.101056;6.061446;6.032196;6.521054;7.195982;9.000279;7.273589;7.080210;5.205531;7.912134;7.380736;8.733310;3.679514;4.260101;7.046897;8.429523;5.874034;6.725652;7.144392;8.834486;8.103469;9.367304;7.062697;3.267442;7.485065;4.509489;8.039289;3.788064;7.394953;8.654703;7.471648;5.072135;5.955892;5.923540;9.231968;8.559844;7.021656;3.654061
0.900000;-5.741243;2.909141;3.493370;3.526630;2.984709;3.356235;1.820857;3.151716;4.114411;1.572616;5.328626;1.705499;3.272190;2.333184;3.619274;4.055448;2.421123;1.873871;2.941638;3.791067;5.345460;2.804885;3.813130;4.124400;1.667478;3.876651;3.459375;2.681002;3.500919;2.963854;4.814399;2.993834;4.506744;4.891317;4.791570;1.913582;2.970776;1.334664;3.562790;5.669909;4.924946;1.507784;5.125873;1.916085;5.015694;3.265432;4.031932;4.402409;5.599453;3.655630;2.755844;5.383738;2.707338;1.809627;3.113762;3.368164;3.930129;4.858899;1.863096;5.109178;1.353895;2.696825;1.688910;2.605686;4.130463;4.797830;3.453867;4.089799;3.189961;4.742111;5.123016;3.798409;4.279502;3.244376;2.108376;4.541736;2.148241;1.959372;1.576800;5.038818;1.856095;2.451232;4.164533;4.821407;1.498772;4.117609;2.760623;1.851326;4.401527;4.761582;4.883839;3.157250;4.751664;1.469242;3.609756;3.957964;1.621206;5.539927;6.031395;4.183612;3.860157;3.371926;3.013918;2.151490;2.543270;4.017330;3.437464;4.754467;3.883620;4.183764;2.646994;3.408140;2.615948;5.468517;3.610575;4.975922;6.185298;6.090631;9.305695;5.596973;4.555276;9.105229;5.191419;4.723899;4.888982;7.475251;6.536028;7.226835;7.099562;8.916409;8.858932;7.042225;5.361376;5.082436;8.930438;5.298677;4.210207;8.197960;7.098379;6.065947;6.067972;6.535803;7.242774;9.005934;7.273593;7.081204;5.208316;7.929219;7.390582;8.742891;3.679005;4.273903;7.052992;8.436852;5.880033;6.779099;7.149229;8.837848;8.147173;9.377943;7.074056;3.267441;7.493863;4.544465;8.041968;3.796216;7.414932;8.677687;7.490077;5.075478;5.988810;5.937774;9.253304;8.580621;7.022986;3.654060
0.900000;-5.330580;2.876785;3.496800;3.529576;2.987467;3.361038;1.820502;3.159983;4.116106;1.575674;5.330836;1.708090;3.276423;2.331820;3.616735;4.061431;2.597310;1.878142;2.943775;3.796315;5.348783;2.808841;3.814349;4.127302;1.671319;3.865225;3.462925;2.687958;3.505046;2.966926;4.814400;2.999513;4.508927;4.893151;4.792671;1.961214;2.974653;1.336442;3.567938;5.677148;4.928433;1.508950;5.127522;1.918136;5.020929;3.267138;4.032833;4.404243;5.604123;3.657116;2.759209;5.388460;2.709171;1.811824;3.117820;3.371975;3.826457;4.577981;1.865811;5.112982;1.350968;2.701698;1.692914;2.579498;4.133241;4.801733;3.456309;4.094834;3.191412;4.744091;5.126476;3.782510;4.286054;3.249292;2.111143;4.547158;2.151638;1.590393;1.577901;5.043317;1.858842;2.450144;4.165447;4.823685;1.500070;4.122562;2.763067;1.743239;4.314488;4.768774;4.887659;3.161919;4.752650;2.002144;3.611386;3.960405;1.623662;5.546726;6.037849;4.184628;3.865306;3.475549;3.017197;2.154969;2.545707;4.020310;3.441371;4.756366;3.884372;4.188320;2.646994;3.411407;2.618875;5.472054;3.617184;5.203548;6.187688;6.083285;9.307750;5.597315;4.556644;9.109216;5.195881;4.725178;4.883036;7.451429;6.487665;7.234930;7.045870;8.922008;8.864139;7.044213;5.367046;5.087784;8.936446;5.298678;4.238239;8.194711;7.119447;6.067844;6.077346;6.541066;7.253351;9.008272;7.273585;7.081649;5.209526;7.935097;7.394380;8.733346;3.683512;4.278904;7.055497;8.439803;5.882500;6.790181;7.151258;8.839293;8.157458;9.381996;7.078332;3.267441;7.525360;4.553736;8.043130;3.799451;7.421507;8.684925;7.496283;5.076915;5.997783;5.942893;9.260182;8.587375;7.023579;3.654061
0.900000;-5.686803;2.901083;3.501375;3.533398;2.991009;3.368037;1.846524;3.175766;4.118155;1.579669;5.333588;1.711383;3.282363;2.353765;3.641695;4.070893;2.621968;1.884156;2.946424;3.804194;5.353184;2.814292;3.815786;4.131060;1.676585;3.865099;3.467701;2.699814;3.510800;2.970940;4.814399;3.008292;4.511638;4.895384;4.793963;1.903345;2.979975;1.338599;3.575611;5.689767;4.933105;1.510320;5.129510;1.920664;5.028781;3.269201;4.033874;4.406476;5.610861;3.658894;2.763687;5.395297;2.711402;1.814559;3.123453;3.377186;3.909760;4.743405;1.869290;5.118177;1.401019;2.708831;1.698455;2.585176;4.136814;4.807110;3.459393;4.102280;3.193145;4.767658;5.131107;3.779058;4.296854;3.256505;2.114697;4.555392;2.156172;1.842083;1.579187;5.049741;1.862360;2.467708;4.166507;4.826535;1.501607;4.129858;2.766148;1.695236;4.339388;4.781260;4.892885;3.168660;4.753797;1.475836;3.613349;3.963483;1.626765;5.558171;6.048415;4.185815;3.872982;3.467694;3.021534;2.159626;2.548780;4.024187;3.446751;4.758689;3.885237;4.194858;2.646994;3.415728;2.622670;5.476811;3.628138;5.261824;6.190691;6.081006;9.310286;5.597701;4.558272;9.114723;5.202237;4.726687;4.883650;7.456215;6.487862;7.250143;7.129266;8.930614;8.871931;7.046657;5.387115;5.095869;8.945982;5.298677;4.279378;8.194567;7.101233;6.070162;6.097504;6.548968;7.280248;9.011199;7.273589;7.082153;5.210948;7.944317;7.399568;8.743100;3.682710;4.286279;7.058660;8.443626;5.885612;6.821233;7.153755;8.841017;8.182453;9.387621;7.084348;3.267442;7.513521;4.573411;8.044498;3.803719;7.432375;8.697512;7.506263;5.078628;6.016226;5.950510;9.271828;8.598699;7.024253;3.654062
1.060000;-6.306029;3.018426;3.494472;3.527544;2.985554;3.357936;1.849498;3.155470;4.114890;1.573572;5.329275;1.706283;3.273628;2.331143;3.615128;4.057751;2.621968;1.875329;2.942264;3.792983;5.346519;2.806201;3.813464;4.125299;1.668748;3.864765;3.460525;2.683871;3.502315;2.964817;4.814400;2.995976;4.507387;4.891842;4.791868;2.003497;2.972062;1.335170;3.564657;5.672955;4.926072;1.508101;5.126338;1.916682;5.017604;3.265916;4.032172;4.402934;5.601092;3.656044;2.756920;5.385401;2.707862;1.810273;3.115126;3.369421;3.841727;4.595354;1.863925;5.110433;1.391933;2.698559;1.690250;2.585878;4.131314;4.799120;3.454597;4.091609;3.190364;4.742238;5.124131;3.798409;4.282129;3.246130;2.109223;4.543742;2.149333;1.679334;1.577099;5.040379;1.856936;2.470314;4.164777;4.822080;1.499128;4.119381;2.761354;1.686403;4.312024;4.764600;4.885101;3.158888;4.751930;1.475836;3.610216;3.958694;1.621943;5.542698;6.033964;4.183887;3.862027;3.396962;3.014960;2.152612;2.543999;4.018257;3.438763;4.755013;3.883819;4.185346;2.646994;3.409176;2.616855;5.469661;3.613235;5.080090;6.186013;6.090465;9.306292;5.597061;4.555655;9.106561;5.192961;4.724248;4.885131;7.472281;6.509875;7.230464;7.059215;8.918511;8.860829;7.042799;5.365726;5.084404;8.932751;5.298677;4.213670;8.210156;7.154284;6.066491;6.072628;6.537729;7.248679;9.006628;7.273589;7.081319;5.208647;7.931461;7.391834;8.745857;3.683773;4.275700;7.053742;8.437769;5.880774;6.785691;7.149818;8.838250;8.152735;9.379302;7.075522;3.267441;7.485585;4.549028;8.042284;3.797241;7.417572;8.680736;7.492505;5.075876;5.993124;5.939628;9.256125;8.583366;7.023141;3.654061
1.060000;-5.132402;2.875463;3.493999;3.527241;2.985306;3.356761;1.884266;3.150564;4.114861;1.573234;5.329161;1.706080;3.272784;2.328801;3.838667;4.055666;2.598656;1.874466;2.942163;3.791500;5.346087;2.805501;3.813480;4.125008;1.668100;3.864911;3.460002;2.680782;3.501527;2.964472;4.814400;2.994156;4.507277;4.891794;4.791893;1.909336;2.971396;1.335130;3.563246;5.669525;4.925575;1.508120;5.126316;1.916597;5.016131;3.265886;4.032202;4.402884;5.599999;3.656038;2.756471;5.384274;2.707815;1.810160;3.114372;3.368787;4.107697;4.597106;1.863689;5.109800;1.350191;2.697333;1.689521;2.592333;4.131061;4.798444;3.454433;4.090277;3.190362;4.844367;5.123646;3.798409;4.279496;3.244879;2.108972;4.542127;2.148866;1.669637;1.577122;5.039386;1.856691;2.451278;4.164807;4.821950;1.499139;4.118102;2.761187;1.734124;4.311050;4.761232;4.884461;3.157794;4.751957;1.512151;3.610194;3.958529;1.621773;5.539793;6.031427;4.183913;3.860612;3.374965;3.014543;2.152120;2.543835;4.017941;3.438082;4.754953;3.883852;4.184319;2.646994;3.408762;2.616556;5.469145;3.610534;5.000129;6.185857;6.080133;9.306205;5.597085;4.555659;9.105841;5.191991;4.724261;4.906633;7.457135;6.488682;7.225832;7.090539;8.916750;8.859375;7.042727;5.360566;5.082844;8.930643;5.298677;4.227287;8.241138;7.191932;6.066432;6.065555;6.536233;7.238115;9.006488;7.273589;7.081347;5.208664;7.929476;7.391202;8.735088;3.689790;4.274392;7.053563;8.437468;5.880600;6.772943;7.149736;8.838247;8.143176;9.378551;7.074649;3.267441;7.484540;4.542203;8.042304;3.796842;7.414907;8.677310;7.490209;5.075876;5.986914;5.938232;9.253127;8.580508;7.023171;3.654061
1.060000;-6.730801;3.146433;3.505419;3.536869;2.994259;3.373737;1.819227;3.185910;4.120149;1.583278;5.336189;1.714434;3.287374;2.340047;3.667540;4.078057;2.568987;1.889215;2.948940;3.810443;5.357096;2.818969;3.817218;4.134480;1.681127;3.956458;3.471888;2.708218;3.515682;2.974561;4.814400;3.015072;4.514206;4.897538;4.795259;1.907155;2.984560;1.340689;3.581736;5.698528;4.937220;1.511690;5.131447;1.923075;5.035016;3.271205;4.034933;4.408631;5.616401;3.660642;2.767658;5.400902;2.713558;1.817145;3.128258;3.381690;3.827389;4.738850;1.872490;5.122671;1.368650;2.714622;1.703191;2.656848;4.140089;4.811721;3.462272;4.108260;3.194852;4.746336;5.135190;3.798409;4.304729;3.262346;2.117958;4.561855;2.160186;1.544245;1.580480;5.055072;1.865592;2.506126;4.167582;4.829218;1.503132;4.135749;2.769023;1.697233;4.371989;4.789961;4.897401;3.174201;4.754955;1.475836;3.615263;3.966357;1.629655;5.566372;6.056170;4.187009;3.879105;3.429811;3.025400;2.163733;2.551649;4.027699;3.451371;4.760922;3.886120;4.200260;2.646994;3.419583;2.626120;5.480986;3.636089;5.146488;6.193505;6.082190;9.312706;5.598103;4.559881;9.119443;5.207527;4.728193;4.888344;7.483900;6.546759;7.260049;7.074011;8.937299;8.878133;7.048995;5.365066;5.102242;8.953183;5.298678;4.920609;8.197519;7.124296;6.072393;6.109232;6.555234;7.293909;9.013949;7.273589;7.082676;5.212368;7.951340;7.404060;8.774496;3.679205;4.292222;7.061605;8.447102;5.888519;6.835855;7.156144;8.842713;8.195617;9.392417;7.089421;3.267441;7.526393;4.584974;8.045867;3.807535;7.440289;8.706272;7.513711;5.080317;6.027362;5.956599;9.280128;8.606837;7.024950;3.654061
1.060000;-6.127314;2.975859;3.498482;3.531019;2.988819;3.363406;1.855184;3.164170;4.116934;1.577174;5.331918;1.709358;3.278506;2.360504;3.629024;4.064407;2.621968;1.880248;2.944820;3.798913;5.350409;2.810785;3.814944;4.128725;1.673208;3.922727;3.464669;2.691441;3.507077;2.968431;4.814399;3.002329;4.509994;4.894046;4.793211;2.054075;2.976559;1.337309;3.570484;5.680779;4.930144;1.509518;5.128327;1.919137;5.023517;3.267970;4.033271;4.405137;5.606426;3.657842;2.760862;5.390788;2.710066;1.812900;3.119815;3.373848;4.231861;4.607184;1.867142;5.114850;1.350032;2.704103;1.694885;2.669487;4.134604;4.803652;3.457506;4.097318;3.192122;4.741936;5.128176;3.675596;4.289320;3.251719;2.112498;4.549843;2.153309;1.529965;1.578437;5.045530;1.860186;2.638691;4.165893;4.824803;1.500703;4.125015;2.764266;1.687721;4.389412;4.772379;4.889537;3.164222;4.753131;1.850491;3.612180;3.961599;1.624866;5.550127;6.041065;4.185127;3.867852;3.387607;3.018803;2.156675;2.546901;4.021770;3.443297;4.757294;3.884739;4.190570;2.646994;3.413006;2.620309;5.473791;3.620481;5.427498;6.188859;6.101683;9.308757;5.597482;4.557314;9.111175;5.198080;4.725801;4.888417;7.454894;6.579821;7.239020;7.048555;8.924780;8.866714;7.045185;5.365155;5.090433;8.939441;5.298677;4.212910;8.213696;7.129175;6.068772;6.082178;6.543668;7.258967;9.009418;7.273589;7.081867;5.210113;7.938014;7.396248;8.756454;3.690901;4.281373;7.056717;8.441242;5.883707;6.796187;7.152249;8.839999;8.162883;9.383990;7.080441;3.267442;7.526085;4.558499;8.043698;3.801038;7.424790;8.688547;7.499377;5.077617;6.002379;5.945422;9.263621;8.590750;7.023866;3.654061
1.060000;-4.391371;2.947801;3.476559;3.512468;2.971545;3.331152;1.833346;3.099066;4.106652;1.557842;5.318307;1.693226;3.250673;2.337853;3.628786;4.022278;2.546255;1.852109;2.931689;3.763057;5.329251;2.785023;3.807652;4.110472;1.648270;3.877876;3.441868;2.640263;3.480034;2.949013;4.814400;2.962872;4.496572;4.882885;4.786637;1.964958;2.951374;1.326510;3.535456;5.626807;4.907801;1.502553;5.118346;1.906578;4.987764;3.257628;4.027934;4.393977;5.575237;3.648880;2.739373;5.359186;2.698913;1.799371;3.093286;3.349149;3.833596;4.642902;1.850154;5.090212;1.349484;2.671283;1.668756;2.598071;4.117189;4.778256;3.442350;4.063220;3.183378;4.741630;5.106015;3.798409;4.242067;3.218571;2.095166;4.512553;2.131579;1.629953;1.571882;5.015658;1.843010;2.444398;4.160470;4.810730;1.492919;4.091540;2.749113;1.691785;4.339356;4.718903;4.864768;3.133023;4.747274;1.930138;3.602321;3.946461;1.609625;5.500464;5.994701;4.179074;3.832816;3.424713;2.997936;2.134385;2.531789;4.002977;3.417876;4.745710;3.880297;4.160222;2.646994;3.392218;2.601884;5.451075;3.572666;5.048332;6.174063;6.094831;9.296155;5.595483;4.549088;9.085177;5.168491;4.718134;4.890096;7.689684;6.488843;7.175894;7.130115;8.886009;8.831207;7.033026;5.388198;5.053747;8.897041;5.298678;4.330369;8.215094;7.106780;6.057199;6.002755;6.507705;7.159250;8.994975;7.273582;7.079258;5.202888;7.896837;7.371642;8.818554;3.680401;4.247557;7.041176;8.422682;5.868407;6.684844;7.139833;8.831301;8.068718;9.357505;7.052272;3.267441;7.513930;4.480611;8.036749;3.780479;7.377291;8.634667;7.455248;5.068967;5.928463;5.910630;9.213224;8.541543;7.020386;3.654060
1.060000;-3.530405;3.201240;3.488139;3.522246;2.980643;3.348279;1.849299;3.133816;4.112039;1.568037;5.325457;1.701715;3.265426;2.342791;3.632385;4.044714;2.621968;1.867024;2.938583;3.782117;5.340423;2.798661;3.811462;4.120092;1.661471;3.924823;3.453919;2.667561;3.494361;2.959254;4.814400;2.983873;4.503621;4.888737;4.790070;1.962340;2.964703;1.332170;3.554072;5.655608;4.919607;1.506192;5.123573;1.913169;5.006773;3.263047;4.030717;4.399828;5.591786;3.653570;2.750721;5.375959;2.704760;1.806478;3.107337;3.362216;3.886978;4.734633;1.859099;5.103247;1.350764;2.688712;1.682590;2.584525;4.126362;4.791702;3.450322;4.081337;3.187953;4.742305;5.117723;3.770574;4.267258;3.236176;2.104295;4.532384;2.143059;1.546046;1.575305;5.031506;1.852054;2.442754;4.163299;4.818122;1.496988;4.109317;2.757083;1.736198;4.375466;4.747435;4.877872;3.149580;4.750330;1.475836;3.607485;3.954423;1.617642;5.526950;6.019414;4.182233;3.851438;3.390496;3.008953;2.146163;2.539735;4.012886;3.431330;4.751786;3.882612;4.176322;2.646994;3.403194;2.611598;5.463080;3.598155;5.083396;6.181841;6.080508;9.302767;5.596523;4.553390;9.098938;5.184182;4.722142;4.886858;7.470322;6.526008;7.209583;7.045304;8.906644;8.850075;7.039406;5.370362;5.073251;8.919615;5.298678;4.345161;8.228403;7.244981;6.063268;6.045087;6.526824;7.212187;9.002563;7.273589;7.080615;5.206664;7.918759;7.384656;8.742260;3.686058;4.265520;7.049352;8.432463;5.876454;6.743747;7.146344;8.835851;8.118765;9.371527;7.067198;3.267442;7.487346;4.522133;8.040378;3.791329;7.402611;8.663405;7.478755;5.073490;5.967884;5.929118;9.240103;8.567783;7.022197;3.654061
1.060000;-4.761623;2.898750;3.502333;3.534232;2.991793;3.369321;1.819503;3.177428;4.118647;1.580533;5.334223;1.712123;3.283522;2.330314;3.707581;4.072402;2.366251;1.885323;2.947040;3.805570;5.354114;2.815385;3.816142;4.131883;1.677648;3.884547;3.468688;2.701447;3.511927;2.971807;4.814400;3.009751;4.512266;4.895915;4.794287;1.903074;2.981047;1.339115;3.576968;5.691423;4.934080;1.510661;5.129988;1.921255;5.030157;3.269696;4.034139;4.407005;5.612116;3.659327;2.764631;5.396564;2.711932;1.815190;3.124569;3.378240;4.011552;4.581251;1.870065;5.119231;1.352306;2.710131;1.699558;2.580058;4.137606;4.808179;3.460092;4.103609;3.193568;4.764227;5.132075;3.699856;4.298443;3.257812;2.115484;4.556801;2.157127;1.538904;1.579509;5.050957;1.863142;2.667655;4.166775;4.827191;1.501985;4.131173;2.766849;1.852163;4.420937;4.782908;4.893943;3.169916;4.754086;1.533868;3.613822;3.964182;1.627468;5.559790;6.049991;4.186112;3.874336;3.372196;3.022455;2.160601;2.549478;4.025029;3.447829;4.759237;3.885457;4.196087;2.646994;3.416647;2.623500;5.477797;3.629730;4.981842;6.191376;6.102412;9.310879;5.597801;4.558671;9.115824;5.203445;4.727063;4.882760;7.532595;6.483478;7.251803;7.052349;8.932059;8.873298;7.047230;5.358397;5.097262;8.947494;5.298677;4.210210;8.286871;7.098496;6.070711;6.098964;6.550347;7.281038;9.011872;7.273585;7.082284;5.211302;7.945805;7.400620;8.737290;3.679143;4.287606;7.059374;8.444464;5.886319;6.821425;7.154342;8.841437;8.183472;9.388733;7.085519;3.267441;7.498725;4.574899;8.044837;3.804629;7.433967;8.699167;7.507805;5.079046;6.017788;5.951859;9.273453;8.600309;7.024428;3.654061
1.060000;-5.149082;2.875373;3.496651;3.529435;2.987331;3.360894;1.819214;3.160088;4.116006;1.575534;5.330716;1.707958;3.276272;2.362663;3.620870;4.061323;2.621968;1.877994;2.943658;3.796179;5.348633;2.808687;3.814273;4.127163;1.671167;3.931048;3.462777;2.687913;3.504895;2.966783;4.814400;2.999393;4.508809;4.893043;4.792603;1.920293;2.974502;1.336338;3.567799;5.677133;4.928285;1.508875;5.127424;1.918021;5.020791;3.267038;4.032773;4.404137;5.603977;3.657027;2.759064;5.388313;2.709067;1.811705;3.117670;3.371823;3.830232;4.703212;1.865676;5.112830;1.434714;2.701554;1.692763;2.581909;4.133106;4.801581;3.456183;4.094690;3.191324;4.796533;5.126329;3.691107;4.285980;3.249148;2.111006;4.547026;2.151494;1.612468;1.577830;5.043167;1.858705;2.475371;4.165388;4.823565;1.499989;4.122422;2.762938;1.782107;4.375985;4.768749;4.887507;3.161772;4.752587;1.496384;3.611290;3.960277;1.623537;5.546670;6.037768;4.184563;3.865167;3.376435;3.017051;2.154817;2.545581;4.020169;3.441222;4.756259;3.884323;4.188172;2.646994;3.411262;2.618736;5.471906;3.617110;5.026512;6.187563;6.146061;9.307636;5.597291;4.556561;9.109063;5.195732;4.725098;4.896288;7.450029;6.595785;7.235006;7.061206;8.921884;8.864000;7.044102;5.365114;5.087651;8.936340;5.298676;4.240574;8.205398;7.220284;6.067734;6.077679;6.540928;7.254183;9.008146;7.273582;7.081619;5.209449;7.934982;7.394230;8.740304;3.682569;4.278762;7.055366;8.439655;5.882371;6.791400;7.151145;8.839203;8.158136;9.381844;7.078179;3.267442;7.588921;4.554039;8.043056;3.799305;7.421431;8.684897;7.496186;5.076827;5.998018;5.942752;9.260130;8.587312;7.023537;3.654061
1.060000;-6.070935;2.962961;3.501159;3.533278;2.990918;3.367403;1.914561;3.172672;4.118175;1.579530;5.333565;1.711315;3.281933;2.335796;3.651795;4.069699;2.446662;1.883716;2.946410;3.803375;5.352990;2.813944;3.815823;4.130946;1.676266;3.970294;3.467455;2.697966;3.510399;2.970798;4.814399;3.007265;4.511620;4.895396;4.794003;2.014507;2.979649;1.338615;3.574837;5.687685;4.932876;1.510358;5.129532;1.920656;5.027967;3.269220;4.033914;4.406487;5.610282;3.658923;2.763485;5.394698;2.711414;1.814538;3.123076;3.376877;3.830543;4.582361;1.869207;5.117869;1.429424;2.708172;1.698093;2.627150;4.136719;4.806770;3.459344;4.101550;3.193177;4.745664;5.130882;3.798409;4.295304;3.255828;2.114605;4.554492;2.155966;1.594900;1.579226;5.049221;1.862273;2.509720;4.166546;4.826507;1.501642;4.129161;2.766101;1.715508;4.425082;4.779224;4.892573;3.168079;4.753836;2.068808;3.613370;3.963436;1.626714;5.556446;6.046931;4.185853;3.872209;3.381006;3.021349;2.159401;2.548733;4.024058;3.446414;4.758695;3.885274;4.194314;2.646994;3.415542;2.622551;5.476568;3.626548;5.261863;6.190651;6.083874;9.310280;5.597723;4.558305;9.114371;5.201732;4.726727;4.882109;7.460809;6.483630;7.247238;7.045105;8.929628;8.871135;7.046656;5.366820;5.095004;8.944761;5.298678;4.264564;8.197550;7.130365;6.070168;6.092817;6.548145;7.272795;9.011166;7.273585;7.082179;5.210986;7.943182;7.399264;8.752098;3.682246;4.285571;7.058604;8.443506;5.885563;6.811945;7.153752;8.841047;8.175814;9.387243;7.083908;3.267442;7.533426;4.568900;8.044538;3.803545;7.430812;8.695454;7.504939;5.078660;6.012180;5.949747;9.270041;8.597001;7.024287;3.654061
1.060000;-5.045076;2.878054;3.497252;3.529930;2.987788;3.361867;1.819555;3.162678;4.116264;1.576051;5.331066;1.708379;3.277078;2.349263;3.746918;4.062717;2.621968;1.878811;2.943994;3.797300;5.349212;2.809417;3.814452;4.127650;1.671872;3.864903;3.463407;2.689745;3.505673;2.967305;4.814400;3.000667;4.509152;4.893327;4.792764;1.905928;2.975214;1.336609;3.568886;5.679101;4.928901;1.509048;5.127675;1.918342;5.021910;3.267298;4.032903;4.404418;5.604908;3.657249;2.759650;5.389262;2.709348;1.812051;3.118428;3.372519;3.876254;4.624797;1.866124;5.113523;1.365729;2.702552;1.693508;2.678270;4.133565;4.802298;3.456577;4.095738;3.191542;4.754932;5.126938;3.693372;4.287613;3.250158;2.111465;4.548208;2.152088;1.529675;1.577991;5.044055;1.859158;2.455046;4.165521;4.823925;1.500181;4.123443;2.763334;1.698365;4.352552;4.770700;4.888206;3.162705;4.752730;1.760072;3.611536;3.960672;1.623934;5.548426;6.039361;4.184711;3.866253;3.371834;3.017616;2.155431;2.545972;4.020671;3.441941;4.756552;3.884431;4.189073;2.646994;3.411822;2.619226;5.472531;3.618777;5.220922;6.187947;6.093076;9.307959;5.597339;4.556765;9.109804;5.196607;4.725286;4.906341;7.451056;6.483561;7.237489;7.051136;8.923130;8.865111;7.044410;5.358498;5.088806;8.937756;5.298678;4.833778;8.194621;7.103822;6.068028;6.081145;6.542056;7.258948;9.008520;7.273589;7.081682;5.209627;7.936335;7.394921;8.733313;3.679397;4.279798;7.055769;8.440160;5.882769;6.796920;7.151461;8.839421;8.162538;9.382604;7.079003;3.267442;7.493216;4.557411;8.043230;3.799864;7.423081;8.686866;7.497677;5.077043;6.001145;5.943830;9.261927;8.589047;7.023622;3.654061
1.060000;-6.214207;2.994537;3.498447;3.530928;2.988710;3.363693;1.844838;3.166672;4.116795;1.577096;5.331781;1.709238;3.278631;2.359635;3.614585;4.065170;2.343307;1.880383;2.944681;3.799351;5.350358;2.810845;3.814822;4.128629;1.673247;3.991529;3.464655;2.692791;3.507177;2.968354;4.814400;3.002945;4.509856;4.893906;4.793095;2.003304;2.976604;1.337169;3.570884;5.682336;4.930120;1.509399;5.128188;1.918997;5.023954;3.267831;4.033171;4.404996;5.606666;3.657707;2.760818;5.391045;2.709924;1.812762;3.119901;3.373881;3.869636;4.626509;1.867032;5.114882;1.351803;2.704412;1.694957;2.590734;4.134496;4.803702;3.457379;4.097677;3.191989;4.747334;5.128147;3.775683;4.290402;3.252038;2.112391;4.550349;2.153276;1.530703;1.578322;5.045729;1.860075;2.463213;4.165792;4.824671;1.500577;4.125347;2.764135;1.687057;4.311724;4.773898;4.889571;3.164464;4.753024;1.496247;3.612043;3.961471;1.624740;5.551373;6.042088;4.185017;3.868252;3.372426;3.018749;2.156652;2.546772;4.021684;3.443348;4.757153;3.884651;4.190777;2.646994;3.412951;2.620216;5.473777;3.621601;5.376925;6.188728;6.080517;9.308617;5.597438;4.557184;9.111243;5.198265;4.725676;4.883728;7.540816;6.502217;7.241336;7.045113;8.925362;8.867138;7.045044;5.358548;5.090910;8.940217;5.298678;4.221716;8.197753;7.203929;6.068630;6.086137;6.544111;7.265434;9.009280;7.273582;7.081810;5.209993;7.938720;7.396277;8.734288;3.680598;4.281721;7.056593;8.441154;5.883578;6.804296;7.152107;8.839865;8.168612;9.384070;7.080573;3.267442;7.524819;4.562296;8.043580;3.800977;7.425883;8.690088;7.500259;5.077484;6.005745;5.945814;9.264917;8.591957;7.023795;3.654061
1.060000;-6.415195;3.049737;3.495119;3.528160;2.986151;3.358542;1.841472;3.154855;4.115329;1.574197;5.329804;1.706862;3.274278;2.341177;3.620317;4.058148;2.621968;1.875977;2.942781;3.793533;5.347161;2.806859;3.813801;4.125911;1.669401;3.901419;3.461177;2.683951;3.502964;2.965443;4.814400;2.996445;4.507909;4.892308;4.792181;1.920348;2.972717;1.335626;3.565221;5.672920;4.926721;1.508426;5.126769;1.917184;5.018153;3.266357;4.032432;4.403398;5.601711;3.656442;2.757565;5.386015;2.708328;1.810799;3.115776;3.370077;3.910322;4.624233;1.864516;5.111087;1.349725;2.699155;1.690904;2.580516;4.131916;4.799782;3.455158;4.092188;3.190755;4.741498;5.124779;3.798409;4.282359;3.246724;2.109822;4.544260;2.149977;1.532165;1.577409;5.041009;1.857533;2.693058;4.165041;4.822619;1.499484;4.119973;2.761918;1.702764;4.428519;4.764581;4.885755;3.159508;4.752212;1.465654;3.610642;3.959255;1.622506;5.542840;6.034226;4.184176;3.862590;3.462565;3.015598;2.153260;2.544559;4.018876;3.439419;4.755490;3.884041;4.185976;2.646994;3.409814;2.617468;5.470312;3.613443;4.975759;6.186564;6.111457;9.306796;5.597167;4.556026;9.107216;5.193597;4.724600;4.887100;7.450161;6.636598;7.229962;7.045718;8.919005;8.861385;7.043293;5.358484;5.084936;8.933144;5.298677;4.270543;8.205293;7.107124;6.066968;6.071080;6.538272;7.245473;9.007176;7.273589;7.081456;5.208982;7.931885;7.392493;8.733584;3.825637;4.276282;7.054313;8.438386;5.881337;6.781391;7.150319;8.838638;8.150026;9.379955;7.076164;3.267442;7.522732;4.547584;8.042610;3.797877;7.417794;8.680700;7.492839;5.076263;5.991958;5.940196;9.256236;8.583524;7.023317;3.654060
1.060000;-4.432898;2.944381;3.487608;3.521738;2.980149;3.347826;1.831324;3.135091;4.111679;1.567523;5.325021;1.701237;3.264912;2.329000;3.614586;4.044550;2.621968;1.866512;2.938158;3.781750;5.339896;2.798135;3.811186;4.119586;1.660939;3.875992;3.453388;2.667837;3.493843;2.958739;4.814400;2.983608;4.503188;4.888354;4.789816;1.904877;2.964175;1.331796;3.553683;5.656045;4.919076;1.505926;5.123220;1.912755;5.006399;3.262685;4.030507;4.399446;5.591319;3.653245;2.750194;5.375500;2.704377;1.806043;3.106815;3.361687;3.975686;4.675575;1.858610;5.102718;1.349861;2.688275;1.682065;2.623199;4.125866;4.791169;3.449858;4.080924;3.187634;4.742624;5.117194;3.798409;4.267320;3.235745;2.103801;4.532057;2.142527;1.548316;1.575052;5.031017;1.851563;2.611124;4.163085;4.817679;1.496698;4.108892;2.756617;1.760754;4.347389;4.747848;4.877344;3.149113;4.750101;1.472558;3.607135;3.953959;1.617176;5.527136;6.019437;4.181997;3.851048;3.373083;3.008429;2.145636;2.539273;4.012376;3.430802;4.751392;3.882434;4.175838;2.646994;3.402669;2.611090;5.462553;3.598252;4.963683;6.181383;6.101779;9.302353;5.596438;4.553085;9.098416;5.183694;4.721855;4.914516;7.452804;6.493336;7.210703;7.045177;8.906362;8.849708;7.039000;5.358400;5.072911;8.919472;5.298678;4.314302;8.222734;7.123893;6.062877;6.047802;6.526460;7.217572;9.002112;7.273593;7.080506;5.206390;7.918560;7.384132;8.754698;3.680633;4.265104;7.048883;8.431956;5.875988;6.750994;7.145936;8.835533;8.123357;9.371011;7.066695;3.267442;7.514544;4.524682;8.040115;3.790805;7.402690;8.663857;7.478678;5.073176;5.970009;5.928728;9.240336;8.567950;7.022055;3.654060
1.060000;-4.278547;2.977939;3.499273;3.531637;2.989376;3.364852;1.835050;3.168728;4.117206;1.577834;5.332315;1.709863;3.279646;2.328409;3.695994;4.066625;2.590727;1.881411;2.945198;3.800621;5.351157;2.811798;3.815118;4.129329;1.674171;3.867131;3.465508;2.694498;3.508171;2.969092;4.814400;3.004322;4.510386;4.894350;4.793364;1.908650;2.977539;1.337600;3.572129;5.684113;4.930961;1.509683;5.128589;1.919493;5.025219;3.268244;4.033391;4.405440;5.607792;3.658069;2.761629;5.392185;2.710368;1.813294;3.120877;3.374799;3.853474;4.677699;1.867686;5.115797;1.360914;2.705587;1.695920;2.579384;4.135167;4.804647;3.457968;4.098894;3.192341;4.743903;5.128981;3.798409;4.291994;3.253227;2.113059;4.551662;2.154092;1.703664;1.578590;5.046807;1.860738;2.568598;4.166014;4.825218;1.500893;4.126542;2.764723;1.802855;4.329370;4.775666;4.890491;3.165591;4.753264;1.475836;3.612437;3.962061;1.625332;5.553033;6.043663;4.185265;3.869500;3.387606;3.019540;2.157490;2.547361;4.022401;3.444289;4.757613;3.884835;4.191875;2.646994;3.413739;2.620922;5.474628;3.623214;4.960676;6.189306;6.095078;9.309111;5.597522;4.557517;9.112207;5.199339;4.725988;4.911427;7.451998;6.533620;7.243355;7.045458;8.926721;8.868397;7.045526;5.360494;5.092205;8.941681;5.298676;4.786015;8.196952;7.148590;6.069090;6.088523;6.545386;7.268198;9.009847;7.273585;7.081920;5.210287;7.940153;7.397192;8.735361;3.685051;4.282929;7.057198;8.441867;5.884173;6.807232;7.152600;8.840217;8.171281;9.385049;7.081606;3.267442;7.508542;4.564655;8.043864;3.801755;7.427490;8.691870;7.501769;5.077834;6.008012;5.947052;9.266603;8.593613;7.023939;3.654061
1.060000;-6.170130;2.982136;3.502854;3.534642;2.992167;3.370241;1.830759;3.180435;4.118836;1.580969;5.334493;1.712461;3.284255;2.337983;3.630792;4.073821;2.621968;1.886071;2.947296;3.806662;5.354607;2.816041;3.816266;4.132284;1.678269;3.864897;3.469240;2.703416;3.512636;2.972245;4.814399;3.011024;4.512531;4.896122;4.794395;1.902432;2.981683;1.339315;3.578020;5.693578;4.934613;1.510780;5.130169;1.921499;5.031244;3.269886;4.034225;4.407216;5.612996;3.659485;2.765136;5.397460;2.712142;1.815458;3.125253;3.378859;3.834318;4.641413;1.870429;5.119845;1.354249;2.711081;1.700229;2.620210;4.137981;4.808825;3.460403;4.104618;3.193723;4.743811;5.132602;3.798409;4.300161;3.258778;2.115859;4.557965;2.157636;1.624971;1.579618;5.051777;1.863511;2.459452;4.166863;4.827472;1.502119;4.132152;2.767158;1.689123;4.311343;4.785035;4.894563;3.170794;4.754182;1.475835;3.614000;3.964493;1.627782;5.561659;6.051657;4.186213;3.875388;3.410477;3.022939;2.161132;2.549789;4.025447;3.448474;4.759458;3.885528;4.196929;2.646994;3.417127;2.623906;5.478345;3.631487;5.758641;6.191680;6.081882;9.311124;5.597831;4.558815;9.116493;5.204256;4.727196;4.882239;7.470652;6.484709;7.254655;7.068565;8.933293;8.874376;7.047463;5.371151;5.098400;8.948931;5.298678;4.212354;8.201459;7.105835;6.070932;6.103301;6.551446;7.287686;9.012158;7.273585;7.082323;5.211424;7.947166;7.401234;8.733492;3.695309;4.288602;7.059695;8.444871;5.886632;6.829622;7.154581;8.841591;8.189432;9.389422;7.086271;3.267442;7.502093;4.579082;8.044956;3.805103;7.435704;8.701330;7.509341;5.079199;6.021585;5.952902;9.275371;8.602151;7.024481;3.654061
1.060000;-4.980777;2.881115;3.496701;3.529442;2.987324;3.361150;1.822836;3.161466;4.115956;1.575546;5.330680;1.707940;3.276423;2.328345;3.663117;4.061854;2.621968;1.878156;2.943618;3.796528;5.348672;2.808802;3.814222;4.127167;1.671270;3.866148;3.462837;2.688749;3.505032;2.966800;4.814399;2.999839;4.508770;4.892996;4.792553;1.988407;2.974605;1.336289;3.568125;5.678064;4.928342;1.508826;5.127373;1.917979;5.021138;3.266988;4.032729;4.404088;5.604205;3.656974;2.759106;5.388553;2.709017;1.811669;3.117799;3.371920;3.863439;4.579353;1.865667;5.112925;1.359573;2.701823;1.692885;2.632193;4.133100;4.801690;3.456157;4.094990;3.191273;4.752598;5.126382;3.798409;4.286674;3.249425;2.111000;4.547413;2.151540;1.553332;1.577781;5.043365;1.858696;2.481945;4.165343;4.823530;1.499938;4.122703;2.762913;1.689720;4.311183;4.769668;4.887606;3.162002;4.752540;1.475836;3.611238;3.960252;1.623510;5.547449;6.038435;4.184516;3.865491;3.437367;3.017084;2.154877;2.545554;4.020177;3.441333;4.756212;3.884282;4.188379;2.646994;3.411294;2.618738;5.471968;3.617829;5.086669;6.187535;6.080810;9.307595;5.597270;4.556509;9.109184;5.195926;4.725047;4.883929;7.452960;6.488729;7.236308;7.053001;8.922319;8.864339;7.044057;5.364998;5.088024;8.936882;5.298676;4.894983;8.213861;7.099074;6.067687;6.079690;6.541280;7.257114;9.008115;7.273593;7.081593;5.209399;7.935485;7.394323;8.738614;3.678427;4.279056;7.055342;8.439667;5.882346;6.794869;7.151100;8.839152;8.160812;9.381974;7.078348;3.267441;7.492476;4.555988;8.043009;3.799336;7.422138;8.685837;7.496782;5.076776;5.999784;5.943074;9.260941;8.588079;7.023503;3.654061
1.060000;-4.727407;2.900366;3.486579;3.520962;2.979458;3.345841;1.870561;3.128446;4.111380;1.566689;5.324554;1.700621;3.263367;2.328273;3.628728;4.041401;2.615578;1.864938;2.937718;3.779364;5.338924;2.796783;3.811010;4.118830;1.659657;3.921453;3.452287;2.663434;3.492369;2.957900;4.814400;2.980796;4.502731;4.888015;4.789667;1.904903;2.962872;1.331474;3.551391;5.651227;4.918012;1.505761;5.122936;1.912345;5.004025;3.262383;4.030396;4.399105;5.589445;3.653004;2.749198;5.373579;2.704038;1.805580;3.105390;3.360427;3.915065;4.584182;1.857937;5.101462;1.365129;2.686225;1.680680;2.587283;4.125165;4.789847;3.449301;4.078739;3.187401;4.741404;5.116146;3.798409;4.263485;3.233662;2.103106;4.529504;2.141511;1.531710;1.574901;5.029273;1.850877;2.441983;4.162971;4.817187;1.496504;4.106771;2.756057;1.705107;4.403441;4.743101;4.876078;3.147234;4.749974;1.560073;3.606855;3.953404;1.616613;5.522953;6.015722;4.181863;3.848754;3.518853;3.007478;2.144575;2.538720;4.011580;3.429480;4.751032;3.882348;4.174049;2.646994;3.401726;2.610317;5.461457;3.594336;5.211699;6.180849;6.085918;9.301943;5.596408;4.552874;9.097045;5.181978;4.721663;4.896419;7.481354;6.484169;7.204396;7.077258;8.903634;8.847359;7.038611;5.378602;5.070427;8.916292;5.298679;4.426072;8.195752;7.123553;6.062514;6.038482;6.524063;7.203940;9.001600;7.273589;7.080464;5.206217;7.915529;7.382881;8.745656;3.698684;4.262947;7.048304;8.431180;5.875422;6.734637;7.145535;8.835303;8.110959;9.369591;7.065117;3.267442;7.500779;4.515669;8.039950;3.789885;7.398818;8.659051;7.475268;5.072948;5.961754;5.926460;9.236052;8.563837;7.021993;3.654060
1.060000;-5.621075;2.894881;3.499890;3.532123;2.989815;3.365938;1.825584;3.171991;4.117425;1.578346;5.332633;1.710264;3.280521;2.382363;3.617664;4.068255;2.458453;1.882300;2.945502;3.801894;5.351745;2.812577;3.815260;4.129804;1.674917;3.889418;3.466159;2.696711;3.509005;2.969610;4.814400;3.005801;4.510696;4.894594;4.793489;1.903515;2.978290;1.337833;3.573357;5.686524;4.931593;1.509818;5.128798;1.919779;5.026487;3.268465;4.033487;4.405685;5.608824;3.658253;2.762228;5.393237;2.710613;1.813609;3.121694;3.375530;3.862796;4.758463;1.868116;5.116525;1.351606;2.706701;1.696715;2.614770;4.135613;4.805409;3.458336;4.100076;3.192520;4.781292;5.129605;3.798409;4.293952;3.254356;2.113501;4.553013;2.154699;1.720849;1.578714;5.047780;1.861173;2.451896;4.166113;4.825550;1.501047;4.127691;2.765092;1.689256;4.311846;4.778040;4.891226;3.166622;4.753373;1.475836;3.612646;3.962427;1.625704;5.555147;6.045557;4.185375;3.870729;3.372137;3.020113;2.158120;2.547727;4.022895;3.445051;4.757869;3.884913;4.192867;2.646994;3.414306;2.621405;5.475277;3.625201;5.508039;6.189659;6.103255;9.309396;5.597554;4.557681;9.112991;5.200292;4.726138;4.885232;7.542485;6.521848;7.246450;7.120915;8.928143;8.869649;7.045798;5.360401;5.093522;8.943322;5.298678;4.221948;8.236872;7.110563;6.069343;6.093048;6.546661;7.274817;9.010188;7.273589;7.081961;5.210426;7.941724;7.397919;8.733369;3.678430;4.284092;7.057578;8.442353;5.884544;6.815203;7.152880;8.840392;8.177290;9.385856;7.082493;3.267442;7.493157;4.569025;8.043998;3.802317;7.429455;8.694277;7.503519;5.078009;6.012024;5.948265;9.268757;8.595691;7.023999;3.654061
1.060000;-3.006838;3.431679;3.480791;3.516075;2.974912;3.337214;1.823524;3.109905;4.108683;1.561594;5.320980;1.696378;3.255966;2.336747;3.622688;4.029953;2.389014;1.857458;2.934270;3.769721;5.333339;2.789950;3.809099;4.114023;1.653051;3.965826;3.446261;2.649287;3.485189;2.952781;4.814400;2.970126;4.499207;4.885087;4.787944;1.904388;2.956196;1.328641;3.541982;5.636221;4.912107;1.503936;5.120318;1.909049;4.994412;3.259671;4.028996;4.396178;5.581114;3.650654;2.743525;5.365134;2.701112;1.802029;3.098349;3.353883;3.922406;4.726911;1.853468;5.094936;1.349834;2.677441;1.673747;2.695518;4.120583;4.783113;3.445318;4.069593;3.185109;4.762121;5.110289;3.742100;4.250526;3.224783;2.098545;4.519454;2.135774;1.610045;1.573184;5.021306;1.846360;2.450050;4.161550;4.813490;1.494463;4.097799;2.752077;1.726605;4.324334;4.728249;4.869514;3.138902;4.748438;1.475836;3.604268;3.949425;1.612607;5.509271;6.003025;4.180279;3.839346;3.411900;3.001974;2.138686;2.534747;4.006629;3.422739;4.747992;3.881183;4.165956;2.646994;3.396241;2.605468;5.455453;3.581202;4.997164;6.176961;6.080094;9.298631;5.595882;4.550718;9.090145;5.174093;4.719656;4.922590;7.486583;6.507200;7.186493;7.092358;8.893157;8.837808;7.035419;5.392267;5.060551;8.904753;5.298677;4.285578;8.225119;7.109032;6.059480;6.015096;6.514390;7.173118;8.997806;7.273585;7.079780;5.204322;7.904357;7.376358;8.734711;3.689050;4.253883;7.044219;8.426288;5.871404;6.699246;7.142275;8.833023;8.082242;9.362556;7.057621;3.267441;7.485866;4.492813;8.038128;3.784461;7.385779;8.644058;7.463233;5.070680;5.940267;5.917119;9.222138;8.550287;7.021080;3.654061
1.060000;-3.844502;3.098250;3.505759;3.537122;2.994481;3.374404;1.877181;3.187861;4.120238;1.583549;5.336331;1.714630;3.287892;2.339002;3.617397;4.079088;2.361312;1.889743;2.949075;3.811235;5.357420;2.819421;3.817266;4.134724;1.681553;3.904670;3.472250;2.709610;3.516174;2.974835;4.814400;3.016001;4.514348;4.897642;4.795300;1.910029;2.984993;1.340785;3.582500;5.700032;4.937571;1.511735;5.131531;1.923201;5.035805;3.271295;4.034961;4.408733;5.617027;3.660711;2.767986;5.401541;2.713659;1.817289;3.128731;3.382108;3.955230;4.754104;1.872707;5.123087;1.351754;2.715304;1.703654;2.601475;4.140314;4.812160;3.462447;4.108986;3.194919;4.763716;5.135535;3.789410;4.305966;3.263041;2.118180;4.562700;2.160520;1.531717;1.580520;5.055654;1.865813;2.528576;4.167610;4.829371;1.503186;4.136453;2.769198;1.695574;4.336032;4.791448;4.897823;3.174828;4.754989;1.475836;3.615346;3.966533;1.629834;5.567705;6.057367;4.187045;3.879871;3.436887;3.025712;2.164082;2.551825;4.027958;3.451812;4.761031;3.886141;4.200861;2.646994;3.419886;2.626372;5.481350;3.637348;5.251580;6.193674;6.080050;9.312832;5.598107;4.559942;9.119899;5.208099;4.728246;4.888611;7.470538;6.483593;7.261922;7.045605;8.938198;8.878912;7.049114;5.403755;5.103066;8.954231;5.298676;4.321149;8.195129;7.112940;6.072503;6.111701;6.556031;7.296926;9.014111;7.273589;7.082684;5.212415;7.952335;7.404474;8.773919;3.696565;4.292939;7.061788;8.447354;5.888694;6.839057;7.156267;8.842780;8.198508;9.392887;7.089947;3.267442;7.485369;4.587401;8.045911;3.807837;7.441528;8.707776;7.514818;5.080383;6.029644;5.957352;9.281486;8.608150;7.024963;3.654061
1.060000;-3.914390;3.070696;3.495810;3.528772;2.986729;3.359420;1.821905;3.155728;4.115704;1.574829;5.330280;1.707410;3.275084;2.329044;3.614688;4.059118;2.340888;1.876790;2.943243;3.794455;5.347836;2.807631;3.814075;4.126514;1.670158;3.895265;3.461887;2.684934;3.503756;2.966075;4.814399;2.997398;4.508383;4.892710;4.792428;1.911973;2.973478;1.336016;3.566133;5.673889;4.927422;1.508689;5.127131;1.917629;5.019077;3.266734;4.032637;4.403800;5.602573;3.656772;2.758245;5.386884;2.708729;1.811273;3.116566;3.370828;3.826380;4.868136;1.865090;5.111836;1.364231;2.700043;1.691682;2.579858;4.132497;4.800541;3.455677;4.093091;3.191079;4.763576;5.125474;3.698601;4.283347;3.247615;2.110402;4.545195;2.150666;1.839379;1.577657;5.041852;1.858107;2.442393;4.165248;4.823108;1.499776;4.120868;2.762436;1.686604;4.383291;4.765558;4.886508;3.160370;4.752434;1.475836;3.611001;3.959775;1.623029;5.543825;6.035213;4.184405;3.863498;3.375828;3.016267;2.153960;2.545079;4.019495;3.440184;4.755905;3.884213;4.186824;2.646994;3.410479;2.618076;5.471023;3.614431;5.811798;6.187076;6.079862;9.307242;5.597246;4.556331;9.107992;5.194433;4.724888;4.884989;7.462298;6.485041;7.230859;7.090716;8.919940;8.862300;7.043726;5.359566;5.085867;8.934113;5.298676;4.775065;8.202345;7.127302;6.067383;6.071679;6.539196;7.245451;9.007676;7.273582;7.081558;5.209253;7.932852;7.393239;8.736198;3.679280;4.277181;7.054843;8.438994;5.881861;6.780896;7.150756;8.838960;8.150197;9.380742;7.076975;3.267442;7.484342;4.548222;8.042872;3.798538;7.418779;8.681669;7.493820;5.076583;5.992678;5.941101;9.257222;8.584510;7.023455;3.654060
1.060000;-4.442885;2.946494;3.504736;3.536244;2.993659;3.372948;1.863296;3.185193;4.119733;1.582640;5.335676;1.713859;3.286616;2.334758;3.624188;4.077240;2.621968;1.888457;2.948439;3.809634;5.356429;2.818239;3.816902;4.133860;1.680404;3.868362;3.471193;2.707423;3.514935;2.973920;4.814400;3.014258;4.513699;4.897096;4.794969;1.906859;2.983831;1.340255;3.580931;5.697755;4.936529;1.511386;5.131040;1.922591;5.034207;3.270785;4.034692;4.408186;5.615620;3.660267;2.766982;5.400115;2.713114;1.816634;3.127514;3.380968;3.846244;4.580264;1.871898;5.121950;1.365648;2.713828;1.702452;2.579504;4.139486;4.810990;3.461719;4.107461;3.194485;4.763174;5.134504;3.791725;4.303925;3.261548;2.117358;4.561044;2.159505;1.609829;1.580190;5.054299;1.864996;2.441516;4.167337;4.828694;1.502798;4.134949;2.768474;1.961716;4.333958;4.789177;4.896678;3.173416;4.754693;1.901523;3.614860;3.965806;1.629105;5.565573;6.055360;4.186740;3.878304;3.507860;3.024733;2.163043;2.551099;4.027069;3.450642;4.760466;3.885915;4.199490;2.646994;3.418916;2.625498;5.480291;3.635283;5.090019;6.192963;6.080413;9.312222;5.598004;4.559532;9.118703;5.206753;4.727864;4.894041;7.472198;6.507362;7.259321;7.053322;8.936478;8.877322;7.048521;5.359841;5.101429;8.952367;5.298677;4.298327;8.223733;7.166857;6.071938;6.108626;6.554426;7.293457;9.013415;7.273589;7.082551;5.212054;7.950521;7.403336;8.733674;3.697807;4.291423;7.061045;8.446473;5.887958;6.835474;7.155660;8.842348;8.195126;9.391671;7.088657;3.267442;7.484259;4.584354;8.045562;3.806873;7.439475;8.705491;7.512894;5.079952;6.026709;5.955795;9.279327;8.606031;7.024785;3.654060
1.060000;-4.930253;2.885141;3.505486;3.536885;2.994262;3.374027;1.827513;3.187592;4.120106;1.583304;5.336158;1.714425;3.287550;2.341399;3.635204;4.078660;2.621968;1.889404;2.948906;3.810835;5.357152;2.819105;3.817173;4.134493;1.681246;3.962460;3.471969;2.709190;3.515846;2.974588;4.814400;3.015583;4.514176;4.897499;4.795215;2.011238;2.984682;1.340646;3.582103;5.699632;4.937292;1.511646;5.131402;1.923040;5.035405;3.271162;4.034894;4.408590;5.616662;3.660596;2.767718;5.401172;2.713516;1.817115;3.128409;3.381803;3.899525;4.627982;1.872491;5.122784;1.386164;2.714925;1.703335;2.581362;4.140094;4.811851;3.462252;4.108598;3.194807;4.746543;5.135259;3.798409;4.305532;3.262657;2.117961;4.562291;2.160247;1.781600;1.580437;5.055302;1.865594;2.441522;4.167542;4.829193;1.503087;4.136068;2.769008;1.747518;4.527354;4.791040;4.897517;3.174461;4.754914;1.484606;3.615219;3.966340;1.629640;5.567283;6.056937;4.186968;3.879474;3.378800;3.025447;2.163801;2.551632;4.027719;3.451500;4.760883;3.886084;4.200503;2.646994;3.419628;2.626136;5.481065;3.636916;5.006844;6.193485;6.080124;9.312670;5.598083;4.559836;9.119580;5.207745;4.728149;4.890903;7.454830;6.587980;7.261617;7.137260;8.937778;8.878510;7.048958;5.416748;5.102660;8.953795;5.298678;4.209574;8.296994;7.120772;6.072355;6.111800;6.555630;7.297988;9.013926;7.273582;7.082653;5.212326;7.951911;7.404172;8.798897;3.680248;4.292553;7.061589;8.447119;5.888497;6.840915;7.156106;8.842669;8.199254;9.392563;7.089605;3.267442;7.486775;4.587444;8.045822;3.807577;7.441098;8.707372;7.514386;5.080272;6.029571;5.956959;9.281067;8.607724;7.024919;3.654060
1.060000;-3.452413;3.238241;3.493584;3.526821;2.984889;3.356483;1.842647;3.151746;4.114530;1.572810;5.328776;1.705672;3.272431;2.328426;3.626563;4.055683;2.425782;1.874112;2.941784;3.791315;5.345668;2.805110;3.813219;4.124589;1.667704;3.867865;3.459592;2.681185;3.501154;2.964051;4.814400;2.994079;4.506896;4.891446;4.791650;1.908009;2.971004;1.334790;3.563038;5.670073;4.925162;1.507868;5.125990;1.916228;5.015940;3.265553;4.031997;4.402537;5.599700;3.655736;2.756053;5.383986;2.707467;1.809777;3.113995;3.368388;3.830897;4.594015;1.863273;5.109404;1.383956;2.697073;1.689140;2.791701;4.130644;4.798051;3.454030;4.090045;3.190064;4.776437;5.123229;3.685486;4.279718;3.244624;2.108557;4.541982;2.148451;1.602489;1.576880;5.039059;1.856277;2.442051;4.164601;4.821560;1.498865;4.117854;2.760788;1.711712;4.364274;4.761750;4.884065;3.157495;4.751737;1.475836;3.609871;3.958127;1.621372;5.540118;6.031611;4.183686;3.860404;3.401498;3.014124;2.151706;2.543434;4.017521;3.437693;4.754600;3.883676;4.184004;2.646994;3.408344;2.616137;5.468733;3.610782;4.987286;6.185461;6.086211;9.305835;5.596998;4.555375;9.105460;5.191662;4.723991;4.892403;7.567292;6.487043;7.226892;7.050035;8.916657;8.859182;7.042363;5.361725;5.082679;8.930671;5.298676;4.210157;8.206100;7.122184;6.066077;6.067735;6.536051;7.241990;9.006093;7.273585;7.081238;5.208405;7.929458;7.390808;8.773020;3.714314;4.274152;7.053158;8.437046;5.880198;6.777914;7.149371;8.837951;8.146563;9.378177;7.074297;3.267441;7.525659;4.544263;8.042051;3.796421;7.415144;8.677850;7.490302;5.075579;5.988689;5.938016;9.253494;8.580818;7.023031;3.654061
1.060000;-6.918563;3.220376;3.501580;3.533609;2.991218;3.368129;1.822019;3.174483;4.118321;1.579883;5.333780;1.711588;3.282520;2.330337;3.625092;4.070739;2.453411;1.884311;2.946615;3.804214;5.353393;2.814474;3.815914;4.131269;1.676773;3.869828;3.467899;2.699307;3.510968;2.971152;4.814400;3.008222;4.511830;4.895559;4.794081;1.921503;2.980162;1.338771;3.575649;5.689125;4.933309;1.510444;5.129672;1.920849;5.028804;3.269367;4.033975;4.406649;5.610975;3.659044;2.763895;5.395402;2.711578;1.814752;3.123626;3.377375;3.842199;4.583861;1.869500;5.118367;1.351670;2.708916;1.698631;2.596396;4.137025;4.807287;3.459596;4.102338;3.193294;4.756378;5.131310;3.798409;4.296515;3.256580;2.114907;4.555377;2.156379;1.558423;1.579306;5.049874;1.862569;2.484573;4.166609;4.826735;1.501741;4.129928;2.766349;1.709456;4.317387;4.780643;4.893075;3.168772;4.753904;1.472072;3.613508;3.963685;1.626967;5.557733;6.048111;4.185925;3.873021;3.374856;3.021743;2.159833;2.548981;4.024397;3.446937;4.758866;3.885322;4.194983;2.646994;3.415935;2.622881;5.477010;3.627776;5.166256;6.190893;6.080057;9.310474;5.597741;4.558413;9.114905;5.202374;4.726823;4.888779;7.459263;6.513938;7.248979;7.151212;8.930560;8.871961;7.046839;5.358466;5.095869;8.945818;5.298676;4.253562;8.210630;7.105812;6.070341;6.095105;6.548985;7.275758;9.011397;7.273585;7.082204;5.211075;7.944192;7.399757;8.821569;3.682616;4.286342;7.058863;8.443833;5.885816;6.815285;7.153942;8.841164;8.178587;9.387794;7.084509;3.267442;7.489272;4.571141;8.044622;3.803930;7.432027;8.696881;7.506044;5.078775;6.014285;5.950549;9.271357;8.598280;7.024323;3.654060
1.060000;-5.098875;2.877086;3.515825;3.545650;3.002426;3.389181;1.830477;3.217866;4.124978;1.592436;5.342600;1.722053;3.300653;2.331828;3.649084;4.098385;2.407196;1.902642;2.955124;3.827660;5.367136;2.831237;3.820633;4.143116;1.692994;4.031183;3.482718;2.733085;3.528576;2.983759;4.814399;3.034075;4.520529;4.902786;4.798336;1.917266;2.996549;1.345764;3.598544;5.724807;4.947830;1.514951;5.136134;1.928988;5.052184;3.276064;4.037427;4.413878;5.631323;3.664845;2.777856;5.416026;2.718800;1.823519;3.140896;3.393444;3.836505;4.764144;1.880521;5.134395;1.379848;2.730345;1.715639;2.579827;4.148324;4.823813;3.469423;4.124609;3.198953;4.742671;5.145711;3.787834;4.327616;3.278227;2.126152;4.579779;2.170497;1.549814;1.583548;5.069348;1.873712;2.539919;4.170116;4.835851;1.506779;4.151793;2.776171;1.702181;4.350238;4.815989;4.909189;3.189126;4.757694;1.475836;3.619892;3.973500;1.636850;5.590473;6.078614;4.189839;3.895918;3.373337;3.035298;2.174316;2.558779;4.036595;3.463477;4.766370;3.888193;4.214766;2.646994;3.429437;2.634839;5.491778;3.659263;5.266459;6.200481;6.098085;9.318636;5.599032;4.563737;9.131829;5.221663;4.731787;4.890801;7.474207;6.502369;7.290995;7.047140;8.955952;8.895180;7.054715;5.358492;5.119870;8.973654;5.298676;5.122323;8.198061;7.152824;6.077834;6.148636;6.572505;7.344131;9.020758;7.273589;7.083892;5.215753;7.971202;7.415765;8.752113;3.690492;4.308435;7.068940;8.455894;5.895736;6.892430;7.161985;8.846793;8.242846;9.405042;7.102864;3.267442;7.529363;4.623580;8.049120;3.817281;7.463300;8.732511;7.535033;5.084373;6.063889;5.973291;9.304597;8.630710;7.026574;3.654060
1.060000;-6.310910;3.013417;3.510900;3.541501;2.998569;3.381830;1.819201;3.202511;4.122711;1.588105;5.339581;1.718457;3.294345;2.328239;3.618076;4.088670;2.581184;1.896262;2.952212;3.819452;5.362386;2.825418;3.819032;4.139036;1.687364;3.897768;3.477587;2.721169;3.522454;2.979411;4.814399;3.025003;4.517553;4.900320;4.796895;2.012536;2.990862;1.343379;3.590533;5.712208;4.942806;1.513424;5.133933;1.926205;5.043998;3.273782;4.036261;4.411410;5.624222;3.662873;2.773027;5.408827;2.716336;1.820517;3.134899;3.387869;4.346873;4.931389;1.876731;5.128835;1.420481;2.722857;1.709734;2.586680;4.144436;4.818075;3.466051;4.116821;3.197030;4.784334;5.140731;3.798409;4.316664;3.270663;2.122283;4.571230;2.165615;1.800513;1.582112;5.062558;1.869880;2.480886;4.168931;4.832726;1.505069;4.144150;2.772803;1.803376;4.312822;4.803511;4.903600;3.182025;4.756413;1.530881;3.617719;3.970133;1.633459;5.578928;6.067875;4.188517;3.887904;3.373078;3.030615;2.169303;2.555418;4.032392;3.457734;4.763809;3.887224;4.207869;2.646994;3.424770;2.630723;5.486667;3.648171;4.961929;6.197195;6.135359;9.315845;5.598599;4.561930;9.125955;5.214943;4.730103;4.881999;7.493588;6.483575;7.276127;7.048121;8.947047;8.887055;7.052025;5.358780;5.111464;8.963884;5.298678;4.354939;8.194571;7.164572;6.075277;6.129673;6.564271;7.319954;9.017550;7.273585;7.083324;5.214167;7.961720;7.410217;8.746511;3.684864;4.300713;7.065479;8.451739;5.892330;6.865214;7.159236;8.844880;8.220108;9.399049;7.096479;3.267442;7.491344;4.605012;8.047596;3.812667;7.452285;8.719932;7.524835;5.082470;6.046317;5.965340;9.292879;8.619278;7.025814;3.654061
1.060000;-3.524985;3.203856;3.486806;3.521107;2.979576;3.346397;1.822466;3.130606;4.111392;1.566855;5.324608;1.700716;3.263772;2.335312;3.656074;4.042367;2.331677;1.865351;2.937764;3.780061;5.339133;2.797115;3.811001;4.118968;1.659971;3.868425;3.452538;2.664841;3.492747;2.958065;4.814400;2.981646;4.502781;4.888035;4.789652;1.999700;2.963191;1.331491;3.552054;5.652779;4.918251;1.505750;5.122945;1.912384;5.004716;3.262397;4.030378;4.399127;5.589962;3.653005;2.749415;5.374112;2.704061;1.805633;3.105753;3.360731;3.966201;4.669870;1.858051;5.101766;1.357092;2.686805;1.681028;2.586688;4.125287;4.790168;3.449379;4.079366;3.187401;4.741405;5.116378;3.798409;4.264696;3.234252;2.103226;4.530260;2.141733;1.529725;1.574889;5.029742;1.850994;2.467952;4.162954;4.817246;1.496496;4.107374;2.756140;1.742380;4.367692;4.744626;4.876383;3.147753;4.749959;1.646404;3.606863;3.953483;1.616695;5.524283;6.016887;4.181847;3.849421;3.372261;3.007680;2.144813;2.538797;4.011732;3.429805;4.751059;3.882330;4.174536;2.646994;3.401927;2.610462;5.461705;3.595571;4.960722;6.180923;6.081643;9.301979;5.596395;4.552869;9.097385;5.182438;4.721656;4.885538;7.507835;6.486641;7.206443;7.045504;8.904453;8.848042;7.038645;5.363046;5.071157;8.917261;5.298676;4.231356;8.220942;7.114762;6.062541;6.041485;6.524764;7.208156;9.001664;7.273585;7.080449;5.206206;7.916460;7.383180;8.734741;3.682594;4.263564;7.048389;8.431325;5.875504;6.739527;7.145568;8.835301;8.114839;9.369945;7.065526;3.267442;7.507743;4.518569;8.039938;3.790076;7.400039;8.660588;7.476328;5.072947;5.964426;5.927114;9.237414;8.565141;7.021976;3.654062
1.060000;-5.491678;2.885074;3.496047;3.528938;2.986874;3.359926;1.889177;3.157550;4.115751;1.575010;5.330367;1.707536;3.275469;2.328658;3.696896;4.059955;2.343113;1.877180;2.943323;3.795072;5.348054;2.807954;3.814096;4.126676;1.670464;3.877143;3.462142;2.686128;3.504118;2.966259;4.814400;2.998140;4.508468;4.892766;4.792443;1.933106;2.973789;1.336067;3.566726;5.675204;4.927666;1.508707;5.127176;1.917702;5.019689;3.266780;4.032646;4.403855;5.603048;3.656806;2.758473;5.387369;2.708786;1.811359;3.116916;3.371127;3.953193;4.700948;1.865228;5.112134;1.357573;2.700564;1.692018;2.580755;4.132644;4.800860;3.455788;4.093654;3.191109;4.783561;5.125715;3.774555;4.284382;3.248148;2.110547;4.545862;2.150898;1.567966;1.577672;5.042288;1.858248;2.466916;4.165258;4.823201;1.499800;4.121409;2.762548;1.796748;4.311338;4.766850;4.886808;3.160845;4.752446;1.475836;3.611045;3.959884;1.623139;5.544960;6.036211;4.184417;3.864094;3.377218;3.016480;2.154204;2.545188;4.019665;3.440500;4.755965;3.884218;4.187276;2.646994;3.410693;2.618242;5.471275;3.615486;4.965602;6.187178;6.081160;9.307316;5.597245;4.556360;9.108321;5.194864;4.724911;4.882842;7.518806;6.483676;7.232585;7.139789;8.920652;8.862909;7.043794;5.368033;5.086511;8.934958;5.298677;4.237332;8.232374;7.104457;6.067443;6.074214;6.539819;7.249086;9.007771;7.273582;7.081558;5.209273;7.933654;7.393534;8.742369;3.678292;4.277735;7.054961;8.439160;5.881974;6.785189;7.150827;8.838991;8.153522;9.381086;7.077364;3.267442;7.484287;4.550682;8.042888;3.798748;7.419824;8.682974;7.494731;5.076615;5.994932;5.941689;9.258383;8.585623;7.023457;3.654061
1.060000;-4.783828;2.896557;3.496788;3.529482;2.987350;3.361458;1.821845;3.163378;4.115937;1.575600;5.330676;1.707956;3.276626;2.354193;3.620434;4.062500;2.621968;1.878362;2.943612;3.796945;5.348748;2.808956;3.814199;4.127204;1.671409;3.872709;3.462939;2.689813;3.505213;2.966851;4.814399;3.000386;4.508766;4.892982;4.792531;1.902604;2.974750;1.336272;3.568516;5.679281;4.928434;1.508804;5.127352;1.917970;5.021553;3.266968;4.032708;4.404073;5.604486;3.656953;2.759186;5.388844;2.709001;1.811664;3.117968;3.372054;3.829882;4.697013;1.865691;5.113058;1.349660;2.702148;1.693046;2.588201;4.133127;4.801838;3.456163;4.095353;3.191251;4.741423;5.126474;3.798409;4.287547;3.249761;2.111028;4.547880;2.151624;1.561673;1.577759;5.043613;1.858723;2.478145;4.165321;4.823530;1.499915;4.123050;2.762921;1.709460;4.361567;4.770858;4.887742;3.162283;4.752518;1.473029;3.611217;3.960258;1.623519;5.548438;6.039265;4.184493;3.865885;3.372620;3.017155;2.154965;2.545561;4.020222;3.441479;4.756198;3.884264;4.188640;2.646994;3.411364;2.618780;5.472068;3.618728;5.395370;6.187540;6.082222;9.307585;5.597260;4.556487;9.109342;5.196166;4.725023;4.890938;7.450289;6.486135;7.238088;7.090942;8.922831;8.864748;7.044047;5.362142;5.088469;8.937541;5.298676;4.579734;8.226281;7.099162;6.067672;6.082718;6.541704;7.262115;9.008119;7.273582;7.081580;5.209376;7.936093;7.394458;8.755311;3.679360;4.279411;7.055353;8.439712;5.882356;6.801177;7.151092;8.839131;8.165236;9.382144;7.078555;3.267441;7.484982;4.558886;8.042983;3.799404;7.423023;8.687050;7.497515;5.076753;6.002356;5.943458;9.261964;8.589043;7.023489;3.654061
1.060000;-5.773436;2.915223;3.489919;3.523741;2.982031;3.350971;1.831930;3.139866;4.112854;1.569602;5.326542;1.703007;3.267721;2.332596;3.698622;4.048339;2.621968;1.869350;2.939631;3.785144;5.342137;2.800779;3.812038;4.121564;1.663508;3.864568;3.455775;2.672100;3.496586;2.960822;4.814399;2.987238;4.504692;4.889624;4.790589;1.902507;2.966766;1.333028;3.557021;5.660442;4.921423;1.506741;5.124364;1.914170;5.009785;3.263868;4.031138;4.400715;5.594385;3.654279;2.752467;5.378593;2.705646;1.807557;3.109516;3.364237;3.829158;4.660274;1.860464;5.105262;1.350646;2.691459;1.684736;2.587675;4.127761;4.793773;3.451533;4.084201;3.188645;4.768561;5.119524;3.798409;4.271395;3.238952;2.105688;4.535546;2.144819;1.546097;1.575821;5.033981;1.853435;2.443911;4.163726;4.819249;1.497604;4.112123;2.758294;1.689034;4.396436;4.752213;4.879899;3.152177;4.750791;1.465670;3.608266;3.955634;1.618860;5.531332;6.023462;4.182709;3.854387;3.372465;3.010644;2.147974;2.540944;4.014401;3.433414;4.752707;3.882962;4.178844;2.646994;3.404880;2.613079;5.464930;3.602350;5.064439;6.183025;6.083778;9.303770;5.596679;4.554039;9.101074;5.186635;4.722747;4.912282;7.450103;6.487886;7.215415;7.076818;8.909942;8.853070;7.040373;5.358585;5.076356;8.923268;5.298678;4.324128;8.246264;7.099939;6.064189;6.052837;6.529860;7.222558;9.003717;7.273589;7.080820;5.207233;7.922290;7.386668;8.746292;3.691461;4.268359;7.050597;8.433960;5.877677;6.755733;7.147335;8.836538;8.128398;9.373706;7.069528;3.267442;7.486085;4.529696;8.040928;3.792995;7.406769;8.668235;7.482579;5.074178;5.974962;5.932046;9.244560;8.572117;7.022470;3.654060
1.060000;-4.749187;2.898251;3.491321;3.525000;2.983228;3.352674;1.826152;3.141286;4.113653;1.570893;5.327546;1.704149;3.269321;2.339738;3.746390;4.050133;2.344096;1.870952;2.940606;3.786897;5.343509;2.802310;3.812631;4.122807;1.665020;3.941594;3.457213;2.673836;3.498161;2.962121;4.814400;2.989023;4.505685;4.890478;4.791129;1.917376;2.968283;1.333859;3.558763;5.662143;4.922842;1.507310;5.125144;1.915110;5.011542;3.264671;4.031585;4.401570;5.596061;3.654990;2.753851;5.380280;2.706500;1.808554;3.111078;3.365740;3.989171;4.666952;1.861648;5.106763;1.355424;2.693168;1.686282;2.579463;4.128966;4.795300;3.452623;4.085929;3.189341;4.758668;5.120935;3.754809;4.273172;3.240667;2.106889;4.537315;2.146215;1.784570;1.576361;5.035634;1.854629;2.494547;4.164180;4.820278;1.498232;4.113844;2.759385;1.722856;4.345600;4.753915;4.881405;3.153857;4.751279;1.475836;3.609037;3.956722;1.619954;5.533087;6.025245;4.183211;3.856129;3.386700;3.012004;2.149395;2.542032;4.015671;3.434940;4.753587;3.883339;4.180503;2.646994;3.406236;2.614335;5.466363;3.604120;4.960539;6.184092;6.091085;9.304715;5.596855;4.554699;9.102621;5.188279;4.723368;4.884031;7.490017;6.596577;7.216894;7.062496;8.911719;8.854820;7.041289;5.359681;5.078121;8.925062;5.298677;4.258152;8.215302;7.115738;6.065067;6.053686;6.531614;7.222271;9.004767;7.273582;7.081048;5.207822;7.924080;7.388170;8.734712;3.682472;4.270082;7.051705;8.435220;5.878774;6.754668;7.148268;8.837232;8.128450;9.375263;7.071130;3.267441;7.496278;4.530610;8.041494;3.794342;7.408547;8.669925;7.484371;5.074866;5.976058;5.933784;9.246306;8.573876;7.022770;3.654061
1.060000;-4.651600;2.911906;3.500616;3.532809;2.990478;3.366654;1.826363;3.171442;4.117901;1.579044;5.333210;1.710902;3.281272;2.331564;3.684159;4.068776;2.557771;1.883043;2.946067;3.802560;5.352466;2.813324;3.815622;4.130484;1.675666;3.965884;3.466893;2.696903;3.509752;2.970310;4.814400;3.006389;4.511269;4.895099;4.793820;1.904866;2.979039;1.338326;3.574038;5.686590;4.932326;1.510167;5.129264;1.920328;5.027153;3.268944;4.033765;4.406189;5.609555;3.658682;2.762952;5.393962;2.711117;1.814185;3.122438;3.376276;3.836088;4.741472;1.868774;5.117271;1.356500;2.707413;1.697465;2.681392;4.136277;4.806156;3.458953;4.100770;3.192939;4.743576;5.130337;3.767494;4.294302;3.255065;2.114163;4.553653;2.155428;1.879438;1.579046;5.048518;1.861835;2.484133;4.166394;4.826140;1.501430;4.128395;2.765708;1.702747;4.454505;4.778131;4.891973;3.167352;4.753674;1.475836;3.613107;3.963045;1.626323;5.555399;6.045941;4.185686;3.871407;3.393521;3.020831;2.158851;2.548343;4.023585;3.445801;4.758388;3.885149;4.193606;2.646994;3.415029;2.622087;5.476012;3.625533;6.359937;6.190269;6.085388;9.309949;5.597665;4.558083;9.113744;5.201033;4.726515;4.890105;7.455168;6.483479;7.246028;7.077761;8.928764;8.870325;7.046335;5.359769;5.094173;8.943842;5.298678;4.209889;8.196648;7.106338;6.069863;6.091489;6.547327;7.271497;9.010791;7.273589;7.082105;5.210788;7.942273;7.398664;8.733304;3.681737;4.284793;7.058204;8.443033;5.885166;6.810746;7.153425;8.840812;8.174485;9.386608;7.083243;3.267442;7.498600;4.567586;8.044346;3.803033;7.429801;8.694343;7.503983;5.078426;6.010880;5.948947;9.268990;8.595969;7.024188;3.654061
1.060000;-4.645062;2.911952;3.492378;3.525838;2.983987;3.354543;1.819303;3.147119;4.114038;1.571781;5.328096;1.704842;3.270811;2.331157;3.647287;4.052977;2.621968;1.872471;2.941133;3.789102;5.344514;2.803648;3.812885;4.123627;1.666294;3.886334;3.458330;2.677738;3.499597;2.963013;4.814400;2.991585;4.506225;4.890906;4.791353;1.960103;2.969578;1.334270;3.560890;5.666390;4.923930;1.507551;5.125515;1.915609;5.013736;3.265059;4.031762;4.401996;5.597840;3.655315;2.754879;5.382094;2.706927;1.809103;3.112473;3.366997;4.175723;4.580382;1.862389;5.108015;1.370487;2.695090;1.687649;2.621786;4.129733;4.796611;3.453258;4.087965;3.189655;4.752841;5.122010;3.776462;4.276593;3.242618;2.107651;4.539660;2.147260;1.602705;1.576585;5.037294;1.855380;2.448625;4.164358;4.820853;1.498505;4.115819;2.760017;1.695792;4.343178;4.758111;4.882668;3.155637;4.751475;1.475836;3.609403;3.957357;1.620594;5.536797;6.028562;4.183415;3.858254;3.394034;3.012992;2.150477;2.542665;4.016523;3.436246;4.754036;3.883482;4.182206;2.646994;3.407212;2.615163;5.467476;3.607616;4.960648;6.184711;6.082157;9.305215;5.596915;4.554992;9.103976;5.189921;4.723637;4.924194;7.453903;6.493828;7.222440;7.084395;8.914222;8.856992;7.041767;5.363789;5.080408;8.927940;5.298676;4.356853;8.196071;7.131473;6.065516;6.061906;6.533831;7.234507;9.005362;7.273574;7.081128;5.208074;7.926831;7.389423;8.733438;3.691424;4.272097;7.052365;8.436062;5.879419;6.769564;7.148759;8.837546;8.139517;9.376656;7.072659;3.267440;7.581855;4.538568;8.041735;3.795309;7.412000;8.674183;7.487437;5.075177;5.983317;5.935894;9.250113;8.577538;7.022882;3.654061
1.060000;-6.400962;3.041559;3.501521;3.533548;2.991159;3.368115;1.822012;3.175224;4.118279;1.579820;5.333728;1.711530;3.282481;2.328243;3.677224;4.070849;2.621968;1.884272;2.946563;3.804235;5.353329;2.814421;3.815883;4.131209;1.676720;3.874211;3.467840;2.699605;3.510917;2.971091;4.814400;3.008288;4.511776;4.895511;4.794054;2.201338;2.980109;1.338726;3.575664;5.689500;4.933250;1.510414;5.129630;1.920799;5.028824;3.269323;4.033952;4.406603;5.610951;3.659006;2.763834;5.395385;2.711530;1.814699;3.123581;3.377323;3.863501;4.639395;1.869441;5.118313;1.363111;2.708906;1.698583;2.718346;4.136965;4.807236;3.459539;4.102336;3.193256;4.748161;5.131252;3.771432;4.296723;3.256575;2.114848;4.555417;2.156314;1.627154;1.579277;5.049839;1.862511;2.441805;4.166585;4.826675;1.501709;4.129924;2.766294;1.813680;4.359634;4.780999;4.893023;3.168752;4.753880;1.693897;3.613466;3.963629;1.626911;5.557993;6.048299;4.185900;3.873030;3.381346;3.021683;2.159773;2.548926;4.024337;3.446883;4.758819;3.885302;4.194955;2.646994;3.415876;2.622821;5.476954;3.627993;5.315192;6.190837;6.103523;9.310423;5.597733;4.558378;9.114859;5.202343;4.726790;4.882514;7.452126;6.485044;7.249650;7.068929;8.930622;8.871980;7.046790;5.361969;5.095901;8.945935;5.298678;4.211926;8.194717;7.157688;6.070295;6.096521;6.549012;7.278499;9.011344;7.273585;7.082195;5.211045;7.944290;7.399704;8.733320;3.724850;4.286345;7.058805;8.443779;5.885761;6.818995;7.153890;8.841125;8.180925;9.387747;7.084470;3.267442;7.508163;4.572483;8.044593;3.803869;7.432240;8.697253;7.506188;5.078738;6.015419;5.950562;9.271636;8.598529;7.024306;3.654063
1.060000;-3.796693;3.105263;3.481506;3.516616;2.975392;3.338655;1.819728;3.115664;4.108899;1.562172;5.321308;1.696806;3.257061;2.366815;3.677346;4.032359;2.621968;1.858572;2.934581;3.771483;5.334017;2.790899;3.809232;4.114549;1.653952;3.882416;3.447027;2.652823;3.486227;2.953365;4.814400;2.972239;4.499527;4.885329;4.788060;1.978276;2.957113;1.328872;3.543669;5.640149;4.912848;1.504060;5.120525;1.909339;4.996162;3.259888;4.029084;4.396420;5.582465;3.650831;2.744218;5.366521;2.701354;1.802353;3.099354;3.354769;3.924752;4.584872;1.853935;5.095817;1.358661;2.678929;1.674726;2.585368;4.121068;4.784042;3.445705;4.071188;3.185279;4.750493;5.111022;3.798409;4.253539;3.226302;2.099027;4.521353;2.136477;1.571977;1.573299;5.022557;1.846834;2.466615;4.161640;4.813835;1.494608;4.099348;2.752469;1.687573;4.319471;4.732114;4.870405;3.140257;4.748538;1.475836;3.604472;3.949814;1.612999;5.512597;6.005931;4.180382;3.841029;3.374914;3.002633;2.139423;2.535135;4.007182;3.423670;4.748249;3.881254;4.167243;2.646994;3.396896;2.606002;5.456215;3.584294;4.960881;6.177337;6.080708;9.298925;5.595911;4.550875;9.091117;5.175321;4.719799;4.913551;7.527061;6.488455;7.191911;7.050155;8.895213;8.839542;7.035697;5.364916;5.062392;8.907208;5.298678;4.235487;8.206155;7.100185;6.059739;6.023774;6.516161;7.186961;8.998167;7.273585;7.079817;5.204453;7.906664;7.377242;8.736564;3.699096;4.255457;7.044624;8.426831;5.871798;6.716608;7.142563;8.833192;8.094550;9.363563;7.058748;3.267442;7.544716;4.501152;8.038252;3.785105;7.388832;8.647993;7.465866;5.070848;5.947753;5.918787;9.225572;8.553558;7.021132;3.654061
1.060000;-3.298797;3.305652;3.495219;3.528188;2.986158;3.358968;1.847467;3.157282;4.115265;1.574241;5.329763;1.706852;3.274543;2.328382;3.614730;4.059035;2.425319;1.876251;2.942734;3.794112;5.347242;2.807057;3.813734;4.125933;1.669582;3.876163;3.461299;2.685369;3.503207;2.965487;4.814399;2.997192;4.507865;4.892247;4.792114;1.904485;2.972903;1.335564;3.565765;5.674508;4.926830;1.508360;5.126703;1.917134;5.018729;3.266293;4.032373;4.403337;5.602098;3.656374;2.757653;5.386419;2.708268;1.810757;3.116005;3.370249;4.155593;4.580997;1.864519;5.111259;1.353921;2.699610;1.691118;2.664666;4.131920;4.799973;3.455134;4.092690;3.190687;4.743742;5.124884;3.798409;4.283534;3.247187;2.109829;4.544905;2.150072;1.577567;1.577344;5.041346;1.857536;2.447636;4.164982;4.822582;1.499417;4.120451;2.761893;1.885917;4.354851;4.766150;4.885929;3.159895;4.752148;1.475836;3.610576;3.959230;1.622480;5.544161;6.035349;4.184113;3.863131;3.393713;3.015674;2.153368;2.544534;4.018908;3.439611;4.755433;3.883986;4.186330;2.646994;3.409888;2.617495;5.470431;3.614656;5.040162;6.186536;6.086179;9.306746;5.597138;4.555959;9.107422;5.193926;4.724534;4.891199;7.460977;6.513702;7.232237;7.066164;8.919710;8.861952;7.043239;5.360391;5.085551;8.934047;5.298676;4.248771;8.233375;7.121626;6.066914;6.074758;6.538858;7.251263;9.007143;7.273585;7.081419;5.208916;7.932724;7.392656;8.744411;3.679372;4.276775;7.054294;8.438413;5.881316;6.788545;7.150265;8.838571;8.155199;9.380183;7.076440;3.267441;7.492296;4.551122;8.042542;3.797945;7.418983;8.682296;7.493839;5.076194;5.995126;5.940729;9.257608;8.584819;7.023272;3.654061
1.060000;-3.313467;3.302243;3.498921;3.531293;2.989038;3.364557;1.820116;3.169261;4.116946;1.577484;5.332010;1.709534;3.279314;2.328622;3.645943;4.066487;2.621968;1.881079;2.944897;3.800372;5.350805;2.811450;3.814916;4.128986;1.673821;3.891850;3.465155;2.694578;3.507831;2.968745;4.814399;3.004134;4.510082;4.894075;4.793176;1.908496;2.977191;1.337331;3.571869;5.684273;4.930608;1.509487;5.128334;1.919201;5.024969;3.267985;4.033233;4.405168;5.607488;3.657832;2.761277;5.391884;2.710095;1.812990;3.120539;3.374449;3.845406;4.579243;1.867350;5.115448;1.384929;2.705300;1.695578;2.583728;4.134828;4.804296;3.457648;4.098620;3.192109;4.741621;5.128629;3.798409;4.291976;3.252941;2.112720;4.551435;2.153740;1.534463;1.578403;5.046492;1.860400;2.451882;4.165854;4.824907;1.500679;4.126261;2.764405;1.721960;4.544249;4.775811;4.890143;3.165284;4.753094;1.480508;3.612186;3.961740;1.625009;5.553070;6.043619;4.185089;3.869238;3.372165;3.019188;2.157134;2.547039;4.022055;3.443941;4.757334;3.884700;4.191562;2.646994;3.413388;2.620578;5.474275;3.623204;5.160412;6.188984;6.080690;9.308820;5.597456;4.557296;9.111860;5.199017;4.725777;4.908779;7.525132;6.634405;7.243816;7.053222;8.926514;8.868141;7.045238;5.360607;5.091969;8.941545;5.298678;4.223546;8.197745;7.170079;6.068808;6.089660;6.545137;7.270391;9.009532;7.273578;7.081835;5.210084;7.939997;7.396843;8.739188;3.690740;4.282652;7.056871;8.441515;5.883852;6.810128;7.152308;8.839984;8.173160;9.384703;7.081274;3.267442;7.489919;4.565710;8.043669;3.801404;7.427474;8.692029;7.501673;5.077603;6.008897;5.946786;9.266659;8.593639;7.023831;3.654061
1.060000;-5.671351;2.903412;3.482119;3.517192;2.975951;3.339233;1.849793;3.114787;4.109298;1.562764;5.321794;1.697347;3.257680;2.339634;3.667914;4.032711;2.297242;1.859197;2.935056;3.772001;5.334622;2.791525;3.809535;4.115123;1.654577;3.913879;3.447646;2.652808;3.486851;2.953953;4.814400;2.972676;4.500013;4.885754;4.788337;1.904235;2.957737;1.329286;3.544202;5.639999;4.913465;1.504352;5.120915;1.909800;4.996684;3.260289;4.029317;4.396846;5.583063;3.651190;2.744827;5.367109;2.701779;1.802838;3.099978;3.355393;3.866643;4.642827;1.854489;5.096441;1.350939;2.679500;1.675349;2.582932;4.121629;4.784669;3.446228;4.071745;3.185632;4.741398;5.111634;3.798409;4.253702;3.226866;2.099587;4.521840;2.137090;1.549411;1.573576;5.023166;1.847391;2.443743;4.161875;4.814333;1.494928;4.099909;2.752988;1.691592;4.323837;4.731977;4.871027;3.140849;4.748789;1.503831;3.604858;3.950333;1.613522;5.512654;6.006130;4.180640;3.841565;3.381679;3.003237;2.140038;2.535654;4.007761;3.424295;4.748685;3.881450;4.167842;2.646994;3.397501;2.606577;5.456832;3.584434;5.201195;6.177850;6.143079;9.299388;5.596004;4.551208;9.091738;5.175927;4.720114;4.883281;7.458921;6.507101;7.191171;7.047496;8.895655;8.840069;7.036148;5.359194;5.062889;8.907527;5.298676;4.338390;8.195362;7.098359;6.060173;6.021662;6.516677;7.182563;8.998671;7.273582;7.079937;5.204753;7.907041;7.377861;8.735039;3.683652;4.256012;7.045150;8.427410;5.872319;6.710633;7.143017;8.833542;8.090837;9.364183;7.059361;3.267442;7.485852;4.499183;8.038545;3.785704;7.388984;8.647836;7.466151;5.071197;5.946154;5.919321;9.225591;8.553633;7.021290;3.654061
1.060000;-5.777104;2.912504;3.499707;3.532013;2.989727;3.365430;1.820914;3.169402;4.117419;1.578221;5.332598;1.710194;3.280174;2.328247;3.669538;4.067285;2.621968;1.881941;2.945471;3.801235;5.351581;2.812290;3.815271;4.129700;1.674655;3.910700;3.465955;2.695190;3.508681;2.969483;4.814400;3.004968;4.510663;4.894582;4.793501;2.021980;2.978024;1.337825;3.572734;5.684808;4.931401;1.509829;5.128797;1.919754;5.025833;3.268461;4.033502;4.405674;5.608357;3.658256;2.762056;5.392755;2.710602;1.813575;3.121381;3.375275;3.828854;4.688901;1.868033;5.116272;1.362218;2.706170;1.696419;2.591486;4.135521;4.805132;3.458281;4.099492;3.192524;4.757112;5.129418;3.758176;4.292681;3.253812;2.113411;4.552288;2.154520;1.560784;1.578726;5.047358;1.861086;2.450684;4.166128;4.825509;1.501056;4.127132;2.765037;2.077260;4.459974;4.776363;4.890969;3.166155;4.753386;1.475836;3.612644;3.962371;1.625647;5.553727;6.044344;4.185389;3.870103;3.376381;3.019954;2.157929;2.547672;4.022781;3.444776;4.757855;3.884927;4.192437;2.646994;3.414158;2.621297;5.475075;3.623897;5.841282;6.189609;6.080846;9.309372;5.597561;4.557689;9.112698;5.199884;4.726148;4.925373;7.450409;6.484119;7.244033;7.107818;8.927358;8.869006;7.045778;5.358537;5.092824;8.942342;5.298677;4.223894;8.221660;7.206871;6.069330;6.089115;6.545998;7.268649;9.010143;7.273582;7.081972;5.210437;7.940802;7.397666;8.748553;3.697385;4.283522;7.057516;8.442236;5.884490;6.807623;7.152859;8.840398;8.171769;9.385550;7.082131;3.267441;7.612905;4.565249;8.044007;3.802168;7.428175;8.692569;7.502439;5.078014;6.008643;5.947653;9.267296;8.594301;7.024013;3.654061
1.060000;-6.014664;2.957573;3.482147;3.517238;2.976002;3.339179;1.845657;3.114199;4.109354;1.562803;5.321850;1.697397;3.257672;2.338867;3.614993;4.032542;2.525285;1.859178;2.935112;3.771911;5.334655;2.791531;3.809583;4.115169;1.654586;3.864731;3.447669;2.652496;3.486846;2.953996;4.814400;2.972543;4.500066;4.885809;4.788381;2.185186;2.957747;1.329342;3.544124;5.639641;4.913492;1.504399;5.120970;1.909857;4.996595;3.260342;4.029355;4.396901;5.583016;3.651243;2.744859;5.367064;2.701836;1.802894;3.099980;3.355405;3.860536;4.623746;1.854539;5.096454;1.364288;2.679444;1.675353;2.625346;4.121678;4.784677;3.446278;4.071674;3.185684;4.774098;5.111663;3.798409;4.253456;3.226807;2.099636;4.521733;2.137121;1.727522;1.573620;5.023135;1.847440;2.649602;4.161913;4.814387;1.494977;4.099847;2.753040;1.702227;4.374458;4.731626;4.871041;3.140807;4.748830;1.465469;3.604913;3.950387;1.613577;5.512373;6.005897;4.180683;3.841484;3.393105;3.003272;2.140067;2.535708;4.007807;3.424303;4.748742;3.881484;4.167808;2.646994;3.397534;2.606623;5.456856;3.584179;4.980702;6.177904;6.080367;9.299443;5.596021;4.551260;9.091743;5.175904;4.720163;4.884444;7.452148;6.571849;7.190629;7.074940;8.895535;8.839985;7.036204;5.361040;5.062791;8.907366;5.298678;4.298461;8.194655;7.288308;6.060229;6.020701;6.516587;7.180911;8.998726;7.273589;7.079959;5.204802;7.906889;7.377876;8.779881;3.688790;4.255946;7.045205;8.427454;5.872375;6.708472;7.143075;8.833594;8.089391;9.364189;7.059350;3.267441;7.504083;4.498268;8.038590;3.785740;7.388734;8.647478;7.465950;5.071250;5.945352;5.919244;9.225291;8.553357;7.021317;3.654061
1.060000;-7.195492;3.332794;3.510746;3.541315;2.998376;3.381911;1.828130;3.204484;4.122527;1.587925;5.339382;1.718259;3.294302;2.360166;3.615643;4.089149;2.396492;1.896232;2.952014;3.819660;5.362224;2.825331;3.818883;4.138847;1.687264;3.891847;3.477453;2.722145;3.522393;2.979231;4.814400;3.025354;4.517353;4.900132;4.796754;1.912333;2.990763;1.343193;3.590710;5.713356;4.942662;1.513279;5.133753;1.926009;5.044201;3.273599;4.036141;4.411222;5.624272;3.662702;2.772871;5.408891;2.716147;1.820316;3.134826;3.387762;3.845212;4.839489;1.876535;5.128726;1.349565;2.722958;1.709653;2.581876;4.144242;4.817984;3.465850;4.116961;3.196862;4.765749;5.140581;3.798409;4.317408;3.270775;2.122090;4.571494;2.165461;1.545838;1.581971;5.062570;1.869686;2.500064;4.168809;4.832526;1.504914;4.144276;2.772600;1.686036;4.321568;4.804631;4.903493;3.182075;4.756284;1.540905;3.617539;3.969932;1.633259;5.579816;6.068570;4.188385;3.888082;3.380209;3.030450;2.169157;2.555218;4.032206;3.457641;4.763617;3.887122;4.207893;2.646994;3.424606;2.630531;5.486526;3.648945;5.076006;6.196997;6.080158;9.315650;5.598548;4.561768;9.125868;5.214946;4.729947;4.942077;7.501132;6.515339;7.277949;7.065840;8.947375;8.887249;7.051830;5.361967;5.111703;8.964365;5.298677;4.402972;8.196969;7.335298;6.075084;6.132924;6.564482;7.325355;9.017348;7.273585;7.083260;5.214018;7.962149;7.410107;8.733555;3.748336;4.300848;7.065282;8.451551;5.892131;6.871992;7.159039;8.844712;8.224883;9.398981;7.096446;3.267442;7.513808;4.608113;8.047453;3.812501;7.453044;8.721084;7.525415;5.082304;6.049049;5.965508;9.293804;8.620135;7.025731;3.654060
1.060000;-5.547327;2.889096;3.492488;3.525930;2.984074;3.354693;1.825510;3.147265;4.114090;1.571876;5.328166;1.704922;3.270951;2.328249;3.618883;4.053146;2.426724;1.872607;2.941197;3.789258;5.344619;2.803777;3.812921;4.123717;1.666414;3.883833;3.458441;2.677905;3.499727;2.963109;4.814400;2.991750;4.506295;4.890962;4.791386;1.903067;2.969698;1.334323;3.561044;5.666561;4.924039;1.507586;5.125565;1.915672;5.013892;3.265110;4.031787;4.402053;5.597983;3.655360;2.754984;5.382238;2.706982;1.809170;3.112602;3.367116;3.828332;4.668059;1.862475;5.108136;1.363894;2.695238;1.687774;2.604051;4.129820;4.796739;3.453336;4.088119;3.189699;4.744294;5.122120;3.798409;4.276766;3.242767;2.107738;4.539818;2.147369;1.589129;1.576616;5.037438;1.855468;2.502188;4.164387;4.820925;1.498544;4.115977;2.760091;1.801877;4.333091;4.758281;4.882786;3.155779;4.751504;1.666596;3.609452;3.957432;1.620671;5.536973;6.028734;4.183444;3.858412;3.495677;3.013092;2.150586;2.542741;4.016618;3.436373;4.754094;3.883505;4.182350;2.646994;3.407320;2.615255;5.467588;3.607786;5.330910;6.184782;6.079888;9.305277;5.596926;4.555033;9.104099;5.190059;4.723675;4.886297;7.471764;6.492192;7.222584;7.078593;8.914377;8.857151;7.041829;5.376828;5.080563;8.928107;5.298676;4.450740;8.194674;7.098453;6.065572;6.061956;6.533988;7.234352;9.005437;7.273589;7.081140;5.208110;7.926992;7.389539;8.739131;3.681497;4.272248;7.052444;8.436151;5.879493;6.769203;7.148818;8.837588;8.139430;9.376784;7.072788;3.267441;7.502992;4.538630;8.041769;3.795408;7.412172;8.674346;7.487604;5.075219;5.983412;5.936044;9.250280;8.577707;7.022898;3.654060
1.060000;-5.076030;2.877112;3.499567;3.531853;2.989566;3.365428;1.889482;3.170578;4.117277;1.578066;5.332437;1.710030;3.280095;2.385082;3.614800;4.067532;2.621968;1.881865;2.945313;3.801312;5.351434;2.812187;3.815155;4.129538;1.674542;3.895697;3.465822;2.695749;3.508596;2.969327;4.814400;3.005136;4.510504;4.894433;4.793393;1.913448;2.977913;1.337679;3.572793;5.685484;4.931263;1.509718;5.128655;1.919598;5.025911;3.268317;4.033411;4.405524;5.608337;3.658124;2.761912;5.392742;2.710453;1.813414;3.121287;3.375159;3.832761;4.591102;1.867871;5.116157;1.370689;2.706181;1.696319;2.593946;4.135361;4.805030;3.458118;4.099529;3.192394;4.762261;5.129277;3.686692;4.293099;3.253830;2.113249;4.552401;2.154379;1.582826;1.578620;5.047317;1.860924;2.496145;4.166035;4.825350;1.500935;4.127155;2.764873;1.915860;4.330359;4.777013;4.890854;3.166136;4.753288;1.747815;3.612504;3.962210;1.625483;5.554225;6.044726;4.185288;3.870162;3.373006;3.019807;2.157790;2.547509;4.022623;3.444670;4.757703;3.884849;4.192398;2.646994;3.414005;2.621134;5.474940;3.624335;5.749575;6.189447;6.104567;9.309217;5.597525;4.557563;9.112602;5.199837;4.726029;4.882677;7.458800;6.525972;7.245113;7.045755;8.927505;8.869079;7.045625;5.368581;5.092923;8.942592;5.298677;4.232700;8.198066;7.213832;6.069180;6.091067;6.546079;7.271851;9.009979;7.273585;7.081923;5.210324;7.941027;7.397554;8.735185;3.691959;4.283554;7.057354;8.442080;5.884328;6.811582;7.152702;8.840268;8.174608;9.385459;7.082061;3.267442;7.487247;4.567109;8.043896;3.802016;7.428593;8.693241;7.502747;5.077885;6.010274;5.947704;9.267823;8.594786;7.023948;3.654061
1.060000;-6.799386;3.178827;3.491530;3.525171;2.983386;3.353015;1.823110;3.142520;4.113746;1.571069;5.327667;1.704294;3.269597;2.331765;3.636718;4.050664;2.592963;1.871238;2.940725;3.787305;5.343705;2.802562;3.812697;4.122974;1.665266;3.868788;3.457424;2.674595;3.498431;2.962300;4.814400;2.989502;4.505805;4.890578;4.791188;1.914575;2.968529;1.333956;3.559156;5.662976;4.923053;1.507373;5.125233;1.915224;5.011946;3.264764;4.031635;4.401669;5.596391;3.655071;2.754053;5.380615;2.706601;1.808676;3.111341;3.365979;3.889070;4.635985;1.861803;5.107001;1.368550;2.693521;1.686541;2.586339;4.129125;4.795551;3.452759;4.086305;3.189418;4.751067;5.121146;3.798409;4.273821;3.241026;2.107047;4.537749;2.146422;1.747970;1.576421;5.035942;1.854784;2.446556;4.164229;4.820404;1.498303;4.114208;2.759515;1.982954;4.317139;4.754743;4.881645;3.154184;4.751332;1.475836;3.609125;3.956859;1.620092;5.533802;6.025878;4.183267;3.856518;3.390034;3.012198;2.149604;2.542167;4.015843;3.435189;4.753692;3.883381;4.180817;2.646994;3.406426;2.614503;5.466579;3.604796;5.324001;6.184228;6.087205;9.304831;5.596873;4.554774;9.102877;5.188582;4.723437;4.892104;7.455325;6.517251;7.218060;7.149903;8.912189;8.855225;7.041399;5.360084;5.078545;8.925605;5.298678;4.209572;8.209312;7.107644;6.065173;6.055591;6.532025;7.225440;9.004896;7.273582;7.081072;5.207889;7.924596;7.388408;8.765221;3.741258;4.270454;7.051849;8.435392;5.878913;6.758740;7.148380;8.837310;8.131237;9.375529;7.071419;3.267442;7.484189;4.532443;8.041558;3.794533;7.409211;8.670777;7.484952;5.074945;5.977692;5.934172;9.247048;8.574585;7.022803;3.654061
1.060000;-6.041081;2.953976;3.506231;3.537510;2.994838;3.375171;1.821721;3.190119;4.120437;1.583956;5.336606;1.714959;3.288521;2.328247;3.621372;4.080201;2.621968;1.890386;2.949337;3.812121;5.357870;2.820000;3.817404;4.135107;1.682105;4.012752;3.472747;2.711110;3.516783;2.975244;4.814399;3.017015;4.514616;4.897861;4.795423;1.902555;2.985553;1.340996;3.583357;5.701671;4.938056;1.511866;5.131724;1.923449;5.036687;3.271495;4.035060;4.408952;5.617762;3.660882;2.768448;5.402289;2.713878;1.817558;3.129326;3.382655;3.849031;4.603751;1.873057;5.123634;1.363748;2.716088;1.704242;2.652575;4.140675;4.812726;3.462754;4.109816;3.195086;4.757803;5.136017;3.691424;4.307287;3.263836;2.118541;4.563634;2.160989;1.578585;1.580643;5.056349;1.866168;2.445499;4.167710;4.829657;1.503333;4.137258;2.769511;1.689968;4.362276;4.793059;4.898370;3.175563;4.755097;1.475836;3.615536;3.966839;1.630146;5.569131;6.058655;4.187158;3.880727;3.374307;3.026157;2.164565;2.552131;4.028351;3.452379;4.761260;3.886223;4.201568;2.646994;3.420332;2.626755;5.481843;3.638693;4.965042;6.193972;6.079862;9.313083;5.598144;4.560098;9.120481;5.208785;4.728392;4.898831;7.459211;6.485021;7.264061;7.060688;8.939184;8.879785;7.049354;5.358445;5.103980;8.955351;5.298678;4.218228;8.239580;7.123791;6.072731;6.114992;6.556921;7.302196;9.014401;7.273593;7.082732;5.212553;7.953412;7.405019;8.736129;3.685280;4.293758;7.062106;8.447745;5.889004;6.845744;7.156507;8.842946;8.203172;9.393488;7.090592;3.267442;7.518370;4.590568;8.046041;3.808273;7.442863;8.709407;7.516009;5.080547;6.032514;5.958202;9.282950;8.609559;7.025025;3.654062
1.060000;-6.144145;2.977842;3.499511;3.531842;2.989569;3.365171;1.819324;3.169245;4.117324;1.578047;5.332470;1.710044;3.279935;2.333863;3.764227;4.067011;2.363623;1.881702;2.945347;3.800967;5.351391;2.812068;3.815202;4.129531;1.674438;3.864361;3.465756;2.694935;3.508450;2.969306;4.814400;3.004695;4.510540;4.894478;4.793441;1.903594;2.977805;1.337725;3.572469;5.684566;4.931201;1.509764;5.128703;1.919637;5.025567;3.268363;4.033453;4.405570;5.608107;3.658172;2.761863;5.392502;2.710496;1.813448;3.121158;3.375061;3.842987;4.670390;1.867876;5.116059;1.354056;2.705913;1.696194;2.630050;4.135361;4.804913;3.458140;4.099230;3.192443;4.743913;5.129220;3.711495;4.292412;3.253553;2.113252;4.552018;2.154324;1.758382;1.578666;5.047115;1.860928;2.441846;4.166077;4.825376;1.500983;4.126878;2.764897;1.687659;4.312982;4.776116;4.890754;3.165904;4.753333;1.475835;3.612551;3.962232;1.625503;5.553463;6.044075;4.185333;3.869840;3.375004;3.019767;2.157732;2.547531;4.022610;3.444556;4.757747;3.884886;4.192183;2.646994;3.413970;2.621125;5.474873;3.623631;5.298862;6.189473;6.080835;9.309254;5.597545;4.557612;9.112477;5.199638;4.726077;4.895704;7.455753;6.492879;7.243859;7.051783;8.927084;8.868740;7.045664;5.358644;5.092556;8.942072;5.298676;4.242501;8.238521;7.105109;6.069221;6.089143;6.545731;7.269046;9.010009;7.273585;7.081949;5.210371;7.940532;7.397454;8.740942;3.678362;4.283261;7.057372;8.442068;5.884347;6.808272;7.152740;8.840316;8.172050;9.385324;7.081897;3.267442;7.518727;4.565249;8.043944;3.801982;7.427904;8.692327;7.502165;5.077933;6.008583;5.947388;9.267035;8.594040;7.023980;3.654061
1.060000;-5.237488;2.875336;3.486054;3.520558;2.979098;3.344837;1.897205;3.124949;4.111212;1.566260;5.324303;1.700295;3.262587;2.340610;3.730686;4.039800;2.399044;1.864145;2.937479;3.778157;5.338428;2.796094;3.810905;4.118439;1.659010;3.927720;3.451727;2.661168;3.491628;2.957466;4.814400;2.979372;4.502483;4.887826;4.789573;1.951375;2.962213;1.331293;3.550232;5.648737;4.917471;1.505663;5.122776;1.912121;5.002825;3.262215;4.030324;4.398918;5.588494;3.652865;2.748690;5.372610;2.703851;1.805331;3.104672;3.359785;4.308443;4.611756;1.857585;5.100826;1.349399;2.685190;1.679977;2.598696;4.124801;4.789180;3.449005;4.077631;3.187267;4.757495;5.115609;3.756363;4.261518;3.232608;2.102743;4.528211;2.140994;1.571836;1.574810;5.028391;1.850521;2.710240;4.162899;4.816922;1.496388;4.105702;2.755766;1.757350;4.311064;4.740648;4.875434;3.146285;4.749895;1.484767;3.606697;3.953109;1.616316;5.520810;6.013822;4.181782;3.847599;3.420833;3.006995;2.144035;2.538425;4.011170;3.428811;4.750834;3.882291;4.173150;2.646994;3.401248;2.609923;5.460901;3.592327;4.981150;6.180564;6.080245;9.301718;5.596384;4.552749;9.096345;5.181112;4.721553;4.881902;7.650699;6.525032;7.201083;7.069903;8.902245;8.846170;7.038397;5.369616;5.069172;8.914660;5.298676;4.325171;8.194571;7.106580;6.062318;6.033474;6.522848;7.196411;9.001325;7.273582;7.080433;5.206112;7.913991;7.382240;8.734475;3.682186;4.261857;7.047998;8.430777;5.875124;6.725475;7.145316;8.835170;8.104164;9.368868;7.064318;3.267442;7.508250;4.510827;8.039850;3.789408;7.396833;8.656554;7.473524;5.072816;5.957355;5.925316;9.233842;8.561723;7.021950;3.654060
1.060000;-5.653542;2.898850;3.496043;3.529004;2.986960;3.359597;1.829416;3.155555;4.115891;1.575063;5.330496;1.707637;3.275294;2.374747;3.684820;4.059203;2.621968;1.876995;2.943454;3.794601;5.348066;2.807845;3.814225;4.126747;1.670380;3.864868;3.462117;2.684916;3.503972;2.966310;4.814400;2.997507;4.508593;4.892903;4.792568;1.988215;2.973699;1.336208;3.566289;5.673834;4.927654;1.508834;5.127317;1.917838;5.019223;3.266920;4.032756;4.403996;5.602762;3.656943;2.758478;5.387069;2.708925;1.811488;3.116778;3.371052;3.865609;4.604313;1.865319;5.112062;1.364150;2.700216;1.691900;2.586416;4.132728;4.800759;3.455902;4.093253;3.191247;4.742809;5.125708;3.798409;4.283372;3.247785;2.110634;4.545331;2.150898;1.536141;1.577796;5.042047;1.858338;2.482666;4.165369;4.823327;1.499932;4.121031;2.762658;1.686908;4.351112;4.765513;4.886733;3.160558;4.752562;1.467284;3.611185;3.959999;1.623251;5.543827;6.035248;4.184536;3.863656;3.401974;3.016499;2.154192;2.545302;4.019725;3.440403;4.756105;3.884315;4.187015;2.646994;3.410713;2.618310;5.471252;3.614456;5.060527;6.187299;6.081201;9.307450;5.597297;4.556495;9.108211;5.194635;4.725043;4.883528;7.450658;6.508040;7.230711;7.052673;8.920068;8.862455;7.043931;5.366912;5.086008;8.934198;5.298676;4.229661;8.213332;7.105500;6.067584;6.071391;6.539344;7.245098;9.007896;7.273593;7.081621;5.209403;7.932953;7.393466;8.733359;3.686411;4.277347;7.055068;8.439228;5.882087;6.780573;7.150967;8.839128;8.149849;9.380958;7.077186;3.267442;7.484176;4.547946;8.043016;3.798772;7.418806;8.681623;7.493886;5.076753;5.992431;5.941267;9.257216;8.584517;7.023537;3.654061
1.060000;-5.376309;2.879112;3.488108;3.522259;2.980669;3.348058;1.833940;3.132695;4.112105;1.568039;5.325510;1.701751;3.265291;2.337364;3.797398;4.044261;2.539974;1.866891;2.938639;3.781821;5.340402;2.798568;3.811525;4.120107;1.661391;3.979388;3.453875;2.666862;3.494247;2.959257;4.814400;2.983485;4.503676;4.888801;4.790129;1.958790;2.964622;1.332233;3.553795;5.654819;4.919570;1.506254;5.123639;1.913228;5.006474;3.263112;4.030772;4.399891;5.591593;3.653636;2.750699;5.375757;2.704823;1.806531;3.107235;3.362145;3.850000;4.578212;1.859128;5.103177;1.354047;2.688483;1.682493;2.615370;4.126385;4.791609;3.450364;4.081078;3.188019;4.742354;5.117690;3.798409;4.266666;3.235941;2.104319;4.532055;2.143028;1.603537;1.575366;5.031338;1.852080;2.482131;4.163355;4.818177;1.497053;4.109070;2.757120;1.749318;4.374961;4.746666;4.877799;3.149387;4.750388;1.475836;3.607551;3.954466;1.617684;5.526289;6.018850;4.182292;3.851160;3.419200;3.008937;2.146127;2.539780;4.012895;3.431244;4.751847;3.882662;4.176144;2.646994;3.403175;2.611609;5.463041;3.597554;4.973855;6.181887;6.083004;9.302827;5.596550;4.553454;9.098847;5.184023;4.722207;4.884486;7.498206;6.555326;7.208535;7.045546;8.906281;8.849792;7.039464;5.366444;5.072940;8.919167;5.298676;4.419417;8.204104;7.100384;6.063331;6.043519;6.526526;7.209944;9.002615;7.273582;7.080647;5.206727;7.918336;7.384588;8.737229;3.683123;4.265271;7.049394;8.432470;5.876497;6.741123;7.146410;8.835917;8.116713;9.371427;7.067070;3.267442;7.525895;4.520617;8.040441;3.791321;7.402019;8.662643;7.478257;5.073556;5.966496;5.928848;9.239431;8.567142;7.022237;3.654061
1.060000;-5.516645;2.886797;3.489366;3.523203;2.981506;3.350515;1.828855;3.141142;4.112463;1.569054;5.326074;1.702497;3.267194;2.350223;3.635684;4.048186;2.431492;1.868824;2.939172;3.784775;5.341582;2.800224;3.811735;4.121026;1.662962;3.864882;3.455221;2.672390;3.496052;2.960278;4.814400;2.986985;4.504226;4.889208;4.790311;1.942431;2.966218;1.332622;3.556629;5.660899;4.920869;1.506450;5.123981;1.913722;5.009417;3.263473;4.030905;4.400299;5.593909;3.653924;2.751911;5.378126;2.705232;1.807089;3.108980;3.363686;3.826335;4.579445;1.859942;5.104712;1.349448;2.691014;1.684193;2.579613;4.127235;4.793231;3.451036;4.083786;3.188296;4.742030;5.118969;3.798409;4.271471;3.238515;2.105162;4.535221;2.144264;1.535611;1.575544;5.033487;1.852910;2.442239;4.163490;4.818769;1.497285;4.111693;2.757798;1.686036;4.333105;4.752644;4.879348;3.151703;4.750540;1.469019;3.607886;3.955137;1.618361;5.531537;6.023496;4.182451;3.853998;3.386594;3.010091;2.147421;2.540450;4.013862;3.432867;4.752280;3.882764;4.178353;2.646994;3.404324;2.612545;5.464375;3.602460;4.960588;6.182535;6.080429;9.303322;5.596585;4.553707;9.100533;5.186133;4.722433;4.907894;7.459588;6.492527;7.216531;7.101403;8.909666;8.852693;7.039935;5.369932;5.076014;8.923125;5.298677;4.502079;8.221077;7.100217;6.063759;6.055484;6.529497;7.227707;9.003234;7.273585;7.080698;5.206935;7.922101;7.386118;8.734274;3.744285;4.267937;7.050094;8.433420;5.877181;6.762583;7.146893;8.836191;8.132795;9.373167;7.069003;3.267442;7.485959;4.532175;8.040636;3.792443;7.406862;8.668685;7.482511;5.073831;5.977049;5.931651;9.244810;8.572301;7.022312;3.654060
1.060000;-4.460670;2.941453;3.496732;3.529439;2.987314;3.361345;1.819549;3.162940;4.115920;1.575554;5.330650;1.707922;3.276541;2.330330;3.668858;4.062311;2.621968;1.878271;2.943587;3.796807;5.348695;2.808880;3.814188;4.127163;1.671336;3.864554;3.462880;2.689537;3.505137;2.966805;4.814400;3.000217;4.508740;4.892961;4.792521;1.921148;2.974676;1.336254;3.568384;5.678977;4.928376;1.508793;5.127337;1.917947;5.021415;3.266951;4.032701;4.404053;5.604380;3.656937;2.759132;5.388735;2.708982;1.811638;3.117890;3.371986;3.841244;4.652976;1.865654;5.112988;1.350514;2.702032;1.692970;2.600043;4.133089;4.801760;3.456132;4.095230;3.191237;4.744303;5.126416;3.775156;4.287305;3.249640;2.110988;4.547731;2.151569;1.762845;1.577748;5.043516;1.858686;2.445281;4.165313;4.823502;1.499903;4.122929;2.762889;1.731576;4.483572;4.770556;4.887671;3.162176;4.752509;1.466107;3.611201;3.960228;1.623491;5.548178;6.039034;4.184484;3.865754;3.372768;3.017104;2.154911;2.545531;4.020179;3.441404;4.756176;3.884257;4.188539;2.646994;3.411311;2.618739;5.472008;3.618481;5.022204;6.187510;6.081790;9.307561;5.597257;4.556473;9.109268;5.196066;4.725013;4.881922;7.558774;6.488484;7.237670;7.071502;8.922667;8.864610;7.044024;5.359662;5.088321;8.937350;5.298678;4.221957;8.194825;7.102174;6.067653;6.082081;6.541563;7.261158;9.008089;7.273593;7.081574;5.209364;7.935908;7.394388;8.733304;3.678344;4.279287;7.055319;8.439663;5.882324;6.800018;7.151069;8.839116;8.164365;9.382062;7.078467;3.267442;7.486851;4.558258;8.042973;3.799352;7.422781;8.686729;7.497303;5.076739;6.001792;5.943329;9.261695;8.588787;7.023483;3.654061
1.060000;-6.008673;2.947960;3.508446;3.539380;2.996579;3.378446;1.819202;3.196742;4.121469;1.585907;5.337975;1.716584;3.291345;2.333160;3.614590;4.084493;2.621968;1.893236;2.950660;3.815768;5.360008;2.822607;3.818135;4.136946;1.684631;3.892006;3.475056;2.716330;3.519529;2.977204;4.814399;3.021032;4.515967;4.898981;4.796080;1.904415;2.988101;1.342080;3.586917;5.707182;4.940314;1.512564;5.132725;1.924712;5.040323;3.272533;4.035594;4.410072;5.620929;3.661781;2.770618;5.405498;2.714996;1.818919;3.132017;3.385154;3.826539;4.942230;1.874769;5.126127;1.350794;2.719426;1.706886;2.590564;4.142430;4.815300;3.464280;4.113284;3.195963;4.761385;5.138254;3.696228;4.312106;3.267206;2.120286;4.567429;2.163183;1.550869;1.581298;5.059377;1.867899;2.445246;4.168254;4.831070;1.504114;4.140665;2.771031;1.689763;4.314196;4.798512;4.900878;3.178730;4.755684;1.487374;3.616525;3.968363;1.631678;5.574203;6.063380;4.187764;3.884288;3.420730;3.028264;2.166816;2.553651;4.030247;3.454952;4.762423;3.886667;4.204648;2.646994;3.422432;2.628613;5.484138;3.643567;5.452237;6.195462;6.079965;9.314348;5.598344;4.560922;9.123116;5.211788;4.729160;4.884145;7.456911;6.492744;7.270482;7.045598;8.943130;8.883396;7.050575;5.358436;5.107711;8.959675;5.298676;4.281301;8.235120;7.174597;6.073892;6.122998;6.560578;7.312010;9.015855;7.273589;7.082993;5.213276;7.957610;7.407509;8.742819;3.737100;4.297195;7.063669;8.449615;5.890543;6.856503;7.157758;8.843818;8.212517;9.396169;7.093446;3.267442;7.558312;4.598427;8.046740;3.810351;7.447705;8.714907;7.520509;5.081414;6.039984;5.961739;9.288091;8.614577;7.025375;3.654060
1.060000;-6.707633;3.139792;3.502824;3.534684;2.992228;3.369861;1.840188;3.177583;4.118948;1.580997;5.334594;1.712538;3.284051;2.331623;3.629736;4.072906;2.361769;1.885855;2.947402;3.806108;5.354599;2.815909;3.816369;4.132330;1.678165;3.920774;3.469191;2.701854;3.512458;2.972271;4.814400;3.010274;4.512634;4.896237;4.794493;1.921158;2.981567;1.339427;3.577509;5.691787;4.934574;1.510879;5.130281;1.921605;5.030696;3.269997;4.034312;4.407327;5.612659;3.659597;2.765119;5.397107;2.712253;1.815559;3.125096;3.378757;3.842159;4.753520;1.870494;5.119745;1.355641;2.710676;1.700084;2.616464;4.138041;4.808704;3.460495;4.104151;3.193833;4.745986;5.132569;3.798409;4.298900;3.258355;2.115919;4.557335;2.157616;2.034220;1.579717;5.051495;1.863573;2.450156;4.166951;4.827571;1.502225;4.131717;2.767246;1.778155;4.335854;4.783280;4.894460;3.170457;4.754273;1.475836;3.614112;3.964581;1.627869;5.560217;6.050457;4.186306;3.874879;3.381845;3.022936;2.161094;2.549877;4.025485;3.448351;4.759568;3.885605;4.196628;2.646994;3.417125;2.623950;5.478298;3.630181;5.715222;6.191772;6.103377;9.311233;5.597871;4.558922;9.116350;5.203988;4.727301;4.888433;7.472334;6.522633;7.252005;7.047252;8.932580;8.873840;7.047573;5.367650;5.097800;8.948002;5.298677;4.213624;8.195294;7.292192;6.071037;6.098776;6.550886;7.280258;9.012257;7.273585;7.082374;5.211525;7.946314;7.401136;8.733500;3.690773;4.288148;7.059781;8.444916;5.886720;6.820282;7.154689;8.841699;8.182858;9.389264;7.086053;3.267441;7.492261;4.574754;8.045057;3.805105;7.434421;8.699532;7.508295;5.079309;6.017737;5.952397;9.273866;8.600742;7.024544;3.654060
1.060000;-6.796890;3.178241;3.491704;3.525253;2.983438;3.353597;1.843864;3.145314;4.113698;1.571172;5.327655;1.704326;3.269981;2.345226;3.636627;4.051784;2.621968;1.871633;2.940705;3.788066;5.343856;2.802868;3.812638;4.123050;1.665537;3.990466;3.457628;2.676315;3.498782;2.962404;4.814400;2.990460;4.505789;4.890538;4.791130;1.905452;2.968813;1.333913;3.559873;5.664900;4.923241;1.507315;5.125183;1.915197;5.012700;3.264714;4.031579;4.401628;5.596922;3.655015;2.754214;5.381166;2.706558;1.808663;3.111673;3.366244;4.042011;5.104496;1.861850;5.107265;1.377069;2.694128;1.686858;2.579520;4.129180;4.795842;3.452771;4.086974;3.189363;4.754307;5.121325;3.778013;4.275272;3.241649;2.107101;4.538585;2.146589;1.551742;1.576362;5.036407;1.854835;2.498020;4.164174;4.820398;1.498243;4.114844;2.759526;1.916152;4.443995;4.756629;4.881914;3.154715;4.751275;1.475835;3.609073;3.956870;1.620106;5.535415;6.027266;4.183208;3.857236;3.484185;3.012342;2.149788;2.542178;4.015930;3.435479;4.753654;3.883330;4.181310;2.646994;3.406569;2.614582;5.466777;3.606280;5.090971;6.184235;6.079904;9.304802;5.596845;4.554717;9.103190;5.189042;4.723378;4.904557;7.450320;6.483899;7.220686;7.117089;8.913108;8.855968;7.041368;5.358371;5.079350;8.926742;5.298678;4.246851;8.195580;7.109555;6.065134;6.059608;6.532791;7.231302;9.004900;7.273582;7.081037;5.207830;7.925661;7.388670;8.749054;3.678372;4.271111;7.051866;8.435475;5.878927;6.765671;7.148354;8.837253;8.136597;9.375856;7.071815;3.267442;7.628611;4.536325;8.041498;3.794669;7.410675;8.672689;7.486192;5.074887;5.981223;5.934881;9.248711;8.576164;7.022760;3.654061
1.060000;-6.473149;3.076053;3.475631;3.511753;2.970903;3.329426;1.820250;3.093321;4.106353;1.557079;5.317859;1.692645;3.249315;2.336054;3.668601;4.019573;2.303751;1.850725;2.931263;3.760995;5.328374;2.783822;3.807465;4.109777;1.647136;3.916532;3.440882;2.636484;3.478742;2.948245;4.814400;2.960452;4.496130;4.882548;4.786473;2.024704;2.950219;1.326188;3.533474;5.622674;4.906844;1.502376;5.118058;1.906178;4.985713;3.257326;4.027809;4.393640;5.573600;3.648631;2.738476;5.357513;2.698575;1.798926;3.092032;3.348028;3.854162;4.610149;1.849528;5.089096;1.358005;2.669505;1.667530;2.647533;4.116540;4.777079;3.441822;4.061323;3.183138;4.747217;5.105072;3.798409;4.238775;3.216762;2.094521;4.510351;2.130665;1.579956;1.571718;5.014134;1.842375;2.497045;4.160343;4.810258;1.492715;4.089697;2.748585;1.688368;4.352584;4.714827;4.863641;3.131386;4.747132;1.655960;3.602037;3.945936;1.609091;5.496876;5.991518;4.178928;3.830836;3.434037;2.997079;2.133437;2.531265;4.002248;3.416701;4.745353;3.880200;4.158661;2.646994;3.391364;2.601176;5.450096;3.569306;5.271721;6.173556;6.082913;9.295755;5.595444;4.548866;9.083961;5.166995;4.717933;4.882003;7.453928;6.483512;7.170453;7.052810;8.883669;8.829179;7.032644;5.358564;5.051605;8.894303;5.298678;4.239956;8.262568;7.101389;6.056843;5.994593;6.505634;7.147064;8.994482;7.273582;7.079207;5.202703;7.894231;7.370525;8.743552;3.682352;4.245687;7.040631;8.421961;5.867872;6.670033;7.139437;8.831062;8.057702;9.356251;7.050888;3.267441;7.487621;4.472734;8.036572;3.779642;7.373969;8.630538;7.452319;5.068731;5.921281;5.908670;9.209546;8.538018;7.020311;3.654060
1.060000;-4.472345;2.935485;3.480788;3.515978;2.974788;3.337728;1.823402;3.114495;4.108504;1.561517;5.320808;1.696234;3.256219;2.336636;3.663216;4.031307;2.621968;1.857725;2.934095;3.770508;5.333312;2.790097;3.808941;4.113920;1.653164;3.887522;3.446288;2.651701;3.485403;2.952705;4.814400;2.971219;4.499034;4.884906;4.787794;2.015249;2.956322;1.328461;3.542704;5.639019;4.912120;1.503781;5.120140;1.908871;4.995190;3.259492;4.028866;4.395997;5.581562;3.650481;2.743508;5.365610;2.700932;1.801856;3.098537;3.353987;3.835152;4.616899;1.853341;5.095037;1.349574;2.677998;1.673914;2.612650;4.120460;4.783239;3.445162;4.070241;3.184937;4.766620;5.110295;3.798409;4.252443;3.225364;2.098423;4.520357;2.135762;1.541249;1.573035;5.021677;1.846233;2.441813;4.161417;4.813323;1.494300;4.098403;2.751920;1.688479;4.361244;4.730975;4.869623;3.139353;4.748300;1.469079;3.604091;3.949269;1.612454;5.511484;6.004839;4.180137;3.840066;3.387233;3.001936;2.138695;2.534592;4.006539;3.422874;4.747812;3.881069;4.166351;2.646994;3.396204;2.605368;5.455478;3.583193;5.285841;6.176802;6.091692;9.298457;5.595825;4.550550;9.090306;5.174446;4.719492;4.881908;7.455560;6.499443;7.190742;7.067026;8.894191;8.838573;7.035241;5.365413;5.061402;8.906139;5.298678;4.285642;8.216338;7.143852;6.059301;6.022614;6.515183;7.185883;8.997641;7.273585;7.079705;5.204165;7.905619;7.376460;8.735229;3.678395;4.254512;7.044066;8.426194;5.871249;6.715576;7.142097;8.832852;8.093444;9.362742;7.057897;3.267442;7.504795;4.499986;8.037974;3.784416;7.387731;8.646855;7.464796;5.070509;5.946586;5.917822;9.224449;8.552446;7.020987;3.654060
1.060000;-6.216972;2.995830;3.497901;3.530523;2.988354;3.362584;1.853883;3.162639;4.116649;1.576661;5.331545;1.708922;3.277784;2.351791;3.693116;4.063361;2.435463;1.879520;2.944461;3.798007;5.349847;2.810116;3.814739;4.128236;1.672557;3.865129;3.464070;2.690202;3.506371;2.967913;4.814400;3.001342;4.509627;4.893738;4.793025;2.021880;2.975902;1.337013;3.569596;5.679476;4.929556;1.509323;5.128051;1.918794;5.022618;3.267684;4.033119;4.404830;5.605628;3.657593;2.760292;5.389982;2.709759;1.812531;3.119130;3.373203;3.831558;4.640866;1.866685;5.114206;1.365527;2.703267;1.694204;2.584319;4.134136;4.802989;3.457098;4.096452;3.191878;4.794382;5.127591;3.798409;4.288161;3.250877;2.112033;4.548906;2.152731;1.530046;1.578253;5.044761;1.859723;2.455016;4.165739;4.824418;1.500486;4.124165;2.763852;1.688530;4.330965;4.771090;4.888890;3.163425;4.752965;1.503574;3.611908;3.961190;1.624454;5.548917;6.039928;4.184955;3.866965;3.392707;3.018252;2.156086;2.546491;4.021269;3.442632;4.756975;3.884613;4.189790;2.646994;3.412459;2.619815;5.473193;3.619312;5.152851;6.188457;6.088858;9.308411;5.597424;4.557085;9.110500;5.197321;4.725587;4.882226;7.455127;6.507754;7.237538;7.045101;8.923813;8.865823;7.044851;5.359326;5.089509;8.938395;5.298678;4.480538;8.225864;7.098353;6.068452;6.080377;6.542763;7.256822;9.009023;7.273585;7.081792;5.209912;7.936992;7.395606;8.790851;3.712870;4.280516;7.056299;8.440744;5.883293;6.793883;7.151909;8.839755;8.160816;9.383300;7.079715;3.267442;7.484668;4.556729;8.043505;3.800493;7.423629;8.687256;7.498287;5.077375;6.000681;5.944542;9.262401;8.589552;7.023767;3.654061
1.060000;-4.533004;2.930182;3.505356;3.536775;2.994156;3.373831;1.821227;3.186858;4.120038;1.583188;5.336074;1.714326;3.287389;2.329185;3.641738;4.078367;2.621968;1.889239;2.948823;3.810609;5.357029;2.818954;3.817122;4.134384;1.681101;3.871315;3.471835;2.708765;3.515685;2.974474;4.814400;3.015320;4.514091;4.897427;4.795169;1.933418;2.984535;1.340577;3.581885;5.699164;4.937160;1.511597;5.131337;1.922960;5.035181;3.271094;4.034854;4.408518;5.616473;3.660535;2.767590;5.400980;2.713441;1.817030;3.128252;3.381659;3.877013;4.625055;1.872388;5.122641;1.351834;2.714726;1.703181;2.585211;4.139987;4.811705;3.462157;4.108389;3.194747;4.747488;5.135129;3.798409;4.305173;3.262454;2.117856;4.562051;2.160119;1.542311;1.580389;5.055123;1.865490;2.478000;4.167502;4.829105;1.503032;4.135863;2.768912;1.686612;4.349964;4.790574;4.897371;3.174273;4.754871;1.472784;3.615153;3.966246;1.629549;5.566884;6.056587;4.186923;3.879256;3.375639;3.025327;2.163671;2.551539;4.027607;3.451353;4.760807;3.886051;4.200319;2.646994;3.419505;2.626024;5.480933;3.636543;5.258700;6.193392;6.080120;9.312591;5.598067;4.559779;9.119430;5.207569;4.728092;4.888517;7.460547;6.483653;7.260938;7.118405;8.937526;8.878285;7.048880;5.377137;5.102425;8.953497;5.298676;4.233909;8.199828;7.152129;6.072279;6.110589;6.555402;7.295784;9.013836;7.273589;7.082632;5.212273;7.951629;7.404027;8.733954;3.701105;4.292345;7.061494;8.447007;5.888403;6.837962;7.156026;8.842608;8.197361;9.392411;7.089441;3.267442;7.498791;4.586281;8.045774;3.807454;7.440731;8.706897;7.514072;5.080211;6.028562;5.956741;9.280652;8.607328;7.024892;3.654061
1.060000;-3.456839;3.233601;3.488234;3.522326;2.980717;3.348464;1.820949;3.135081;4.112088;1.568120;5.325518;1.701784;3.265562;2.341818;3.885334;4.045084;2.621968;1.867164;2.938643;3.782363;5.340514;2.798782;3.811501;4.120169;1.661585;3.866657;3.454018;2.668197;3.494492;2.959338;4.814399;2.984183;4.503682;4.888790;4.790106;1.939987;2.964821;1.332221;3.554302;5.656339;4.919706;1.506229;5.123622;1.913227;5.007016;3.263097;4.030749;4.399879;5.591962;3.653615;2.750815;5.376142;2.704811;1.806537;3.107467;3.362332;3.829538;4.578408;1.859173;5.103362;1.375462;2.688911;1.682716;2.580074;4.126436;4.791814;3.450387;4.081552;3.187997;4.759999;5.117820;3.798409;4.267763;3.236379;2.104370;4.532655;2.143152;1.598186;1.575340;5.031667;1.852129;2.441855;4.163330;4.818186;1.497029;4.109522;2.757147;1.742983;4.317361;4.748154;4.877988;3.149759;4.750362;1.475836;3.607533;3.954489;1.617707;5.527528;6.019895;4.182267;3.851666;3.408360;3.009043;2.146264;2.539802;4.012965;3.431448;4.751839;3.882640;4.176492;2.646994;3.403285;2.611675;5.463183;3.598686;5.036644;6.181908;6.100566;9.302824;5.596536;4.553432;9.099066;5.184344;4.722183;4.884358;7.457515;6.562619;7.210747;7.053082;8.906945;8.850323;7.039462;5.362359;5.073514;8.920002;5.298678;4.210454;8.198503;7.120548;6.063322;6.047325;6.527072;7.216369;9.002626;7.273585;7.080632;5.206702;7.919111;7.384772;8.734093;3.682693;4.265734;7.049420;8.432546;5.876522;6.749364;7.146405;8.835896;8.122353;9.371660;7.067345;3.267442;7.567161;4.524252;8.040415;3.791419;7.403125;8.664152;7.479177;5.073536;5.969715;5.929345;9.240713;8.568352;7.022220;3.654061
1.060000;-4.869203;2.887688;3.493543;3.526834;2.984918;3.356174;1.825558;3.149610;4.114603;1.572814;5.328838;1.705715;3.272252;2.333342;3.616430;4.054976;2.542099;1.873926;2.941848;3.790877;5.345641;2.804990;3.813287;4.124605;1.667601;3.864373;3.459536;2.679998;3.501000;2.964051;4.814400;2.993494;4.506957;4.891518;4.791717;1.911650;2.970896;1.334862;3.562632;5.668713;4.925113;1.507936;5.126064;1.916294;5.015505;3.265626;4.032057;4.402608;5.599428;3.655808;2.756021;5.383698;2.707539;1.809839;3.113855;3.368292;3.868047;4.650067;1.863306;5.109307;1.351335;2.696744;1.689010;2.584208;4.130671;4.797939;3.454080;4.089674;3.190137;4.755295;5.123185;3.798409;4.278754;3.244283;2.108586;4.541488;2.148416;1.549514;1.576947;5.038824;1.856307;2.448318;4.164659;4.821618;1.498935;4.117504;2.760837;1.695631;4.334440;4.760424;4.883965;3.157222;4.751798;1.710323;3.609944;3.958179;1.621422;5.539022;6.030694;4.183749;3.859998;3.418950;3.014100;2.151656;2.543485;4.017531;3.437579;4.754670;3.883729;4.183756;2.646994;3.408320;2.616153;5.468678;3.609786;5.098522;6.185512;6.084851;9.305902;5.597027;4.555447;9.105326;5.191437;4.724061;4.936924;7.477135;6.488216;7.224906;7.062338;8.916101;8.858753;7.042431;5.379329;5.082210;8.929952;5.298676;4.227564;8.195177;7.103461;6.066150;6.064370;6.535608;7.236487;9.006149;7.273582;7.081272;5.208472;7.928796;7.390712;8.733513;3.678751;4.273790;7.053208;8.437057;5.880249;6.770977;7.149436;8.838025;8.141690;9.378035;7.074113;3.267442;7.484853;4.541049;8.042118;3.796402;7.414165;8.676497;7.489501;5.075652;5.985827;5.937624;9.252350;8.579745;7.023074;3.654060
1.060000;-2.685019;3.620278;3.492351;3.525875;2.984045;3.354171;1.850368;3.144376;4.114147;1.571803;5.328193;1.704914;3.270613;2.419127;3.742593;4.052092;2.583616;1.872262;2.941233;3.788562;5.344502;2.803511;3.812984;4.123668;1.666185;3.884754;3.458277;2.676231;3.499420;2.963036;4.814399;2.990857;4.506323;4.891013;4.791449;1.903582;2.969461;1.334378;3.560391;5.664660;4.923890;1.507648;5.125624;1.915711;5.013203;3.265168;4.031846;4.402105;5.597512;3.655422;2.754859;5.381750;2.707034;1.809199;3.112313;3.366894;3.895092;4.836382;1.862451;5.107916;1.349449;2.694692;1.687504;2.600405;4.129789;4.796483;3.453342;4.087513;3.189762;4.760579;5.121974;3.760297;4.275374;3.242207;2.107708;4.539047;2.147235;1.762504;1.576680;5.037019;1.855440;2.468601;4.164444;4.820946;1.498609;4.115399;2.760103;1.688151;4.333724;4.756423;4.882563;3.155308;4.751564;1.475836;3.609511;3.957441;1.620677;5.535409;6.027406;4.183506;3.857758;3.432073;3.012983;2.150438;2.542749;4.016556;3.436126;4.754142;3.883557;4.181911;2.646994;3.407214;2.615201;5.467428;3.606353;5.342634;6.184796;6.081435;9.305316;5.596955;4.555097;9.103833;5.189656;4.723740;4.881907;7.470966;6.487442;7.219891;7.102255;8.913531;8.856474;7.041872;5.367803;5.079826;8.927040;5.298678;4.209627;8.214685;7.118453;6.065623;6.057528;6.533288;7.227231;9.005455;7.273593;7.081177;5.208174;7.926000;7.389322;8.783729;3.701635;4.271655;7.052444;8.436096;5.879501;6.760283;7.148864;8.837651;8.133105;9.376499;7.072447;3.267442;7.533506;4.534381;8.041832;3.795310;7.410764;8.672453;7.486426;5.075284;5.979613;5.935401;9.248666;8.576178;7.022943;3.654061
1.060000;-6.161921;2.984448;3.494578;3.527709;2.985735;3.357706;1.840088;3.153079;4.115094;1.573730;5.329484;1.706477;3.273570;2.332716;3.644569;4.057033;2.528666;1.875257;2.942472;3.792597;5.346640;2.806205;3.813638;4.125466;1.668777;3.883960;3.460609;2.682573;3.502278;2.964968;4.814400;2.995400;4.507593;4.892048;4.792033;1.909107;2.972085;1.335376;3.564310;5.671457;4.926167;1.508271;5.126539;1.916891;5.017220;3.266119;4.032315;4.403141;5.600909;3.656238;2.757034;5.385202;2.708069;1.810481;3.115111;3.369458;3.849991;4.661071;1.864110;5.110470;1.354903;2.698308;1.690245;2.597466;4.131494;4.799140;3.454798;4.091303;3.190556;4.764148;5.124231;3.798409;4.281092;3.245868;2.109404;4.543285;2.149440;1.560928;1.577262;5.040241;1.857119;2.442908;4.164922;4.822287;1.499310;4.119102;2.761556;1.719684;4.351163;4.763139;4.885135;3.158705;4.752082;1.475836;3.610416;3.958895;1.622143;5.541502;6.032988;4.184042;3.861676;3.383411;3.015086;2.152709;2.544201;4.018419;3.438778;4.755222;3.883943;4.185194;2.646994;3.409302;2.617023;5.469748;3.612165;5.164817;6.186214;6.085205;9.306499;5.597123;4.555839;9.106561;5.192842;4.724429;4.923806;7.450127;6.489447;7.228246;7.048127;8.917971;8.860463;7.043010;5.374615;5.083977;8.932028;5.298676;4.460537;8.210495;7.110710;6.066701;6.068913;6.537335;7.242782;9.006834;7.273585;7.081400;5.208819;7.930805;7.391877;8.744448;3.682907;4.275406;7.053942;8.437934;5.880972;6.778411;7.150029;8.838440;8.147472;9.379291;7.075446;3.267442;7.502530;4.545465;8.042454;3.797375;7.416526;8.679242;7.491672;5.076068;5.989942;5.939296;9.254887;8.582205;7.023243;3.654061
1.060000;-5.061283;2.877301;3.491107;3.524710;2.982920;3.352914;1.827150;3.145118;4.113343;1.570617;5.327215;1.703829;3.269321;2.329101;3.614932;4.051129;2.621968;1.870970;2.940276;3.787380;5.343275;2.802225;3.812372;4.122512;1.664903;3.867516;3.457021;2.675773;3.498132;2.961847;4.814400;2.989787;4.505354;4.890159;4.790885;2.064671;2.968177;1.333543;3.559188;5.664408;4.922638;1.507057;5.124837;1.914783;5.012015;3.264359;4.031376;4.401250;5.596243;3.654697;2.753623;5.380484;2.706180;1.808224;3.111025;3.365614;3.930259;4.579668;1.861337;5.106635;1.350657;2.693447;1.686214;2.617270;4.128659;4.795202;3.452296;4.086290;3.189052;4.750209;5.120726;3.798409;4.274671;3.240966;2.106580;4.537905;2.145996;1.645978;1.576119;5.035740;1.854318;2.461755;4.163969;4.819945;1.497962;4.114158;2.759055;1.726561;4.363870;4.756130;4.881282;3.154037;4.751055;1.834069;3.608731;3.956395;1.619629;5.534849;6.026650;4.182982;3.856555;3.391091;3.011761;2.149189;2.541703;4.015385;3.434840;4.753264;3.883158;4.180635;2.646994;3.405990;2.614041;5.466170;3.605684;5.097701;6.183766;6.081243;9.304389;5.596766;4.554421;9.102547;5.188372;4.723100;4.884048;7.453574;6.483456;7.220434;7.065518;8.912429;8.855279;7.040962;5.358629;5.078666;8.926082;5.298676;4.553423;8.196243;7.108604;6.064745;6.059993;6.532106;7.232915;9.004436;7.273585;7.080932;5.207564;7.924994;7.388038;8.773349;3.683255;4.270425;7.051381;8.434931;5.878446;6.768201;7.147942;8.836944;8.137821;9.375207;7.071155;3.267442;7.586474;4.536635;8.041245;3.794091;7.410073;8.672189;7.485554;5.074579;5.981361;5.934193;9.248156;8.575590;7.022624;3.654061
1.060000;-5.517162;2.888089;3.481757;3.516854;2.975624;3.338876;1.819210;3.115235;4.109069;1.562413;5.321514;1.697031;3.257307;2.328400;3.619964;4.032475;2.621968;1.858820;2.934781;3.771674;5.334261;2.791150;3.809363;4.114785;1.654206;3.883595;3.447277;2.652775;3.486475;2.953606;4.814399;2.972391;4.499732;4.885510;4.788180;2.109255;2.957363;1.329048;3.543867;5.640045;4.913100;1.504188;5.120691;1.909534;4.996356;3.260060;4.029185;4.396601;5.582694;3.650985;2.744466;5.366748;2.701536;1.802557;3.099604;3.355020;3.940560;4.589928;1.854165;5.096068;1.349496;2.679146;1.674974;2.702730;4.121301;4.784288;3.445923;4.071402;3.185431;4.748001;5.111270;3.766391;4.253568;3.226517;2.099260;4.521529;2.136731;1.590255;1.573419;5.022799;1.847066;2.505085;4.161741;4.814045;1.494746;4.099563;2.752681;1.708722;4.399447;4.732011;4.870656;3.140486;4.748647;1.465459;3.604637;3.950031;1.613218;5.512583;6.005976;4.180494;3.841230;3.380854;3.002879;2.139675;2.535352;4.007422;3.423920;4.748435;3.881339;4.167473;2.646994;3.397142;2.606241;5.456465;3.584311;5.134453;6.177551;6.102850;9.299121;5.595952;4.551019;9.091365;5.175559;4.719932;4.882126;7.471364;6.488278;7.191540;7.046089;8.895367;8.839739;7.035887;5.358443;5.062573;8.907304;5.298677;4.210691;8.214911;7.120748;6.059922;6.022791;6.516352;7.184915;8.998380;7.273589;7.079870;5.204584;7.906793;7.377490;8.738365;3.678288;4.255667;7.044843;8.427070;5.872013;6.713799;7.142755;8.833344;8.092827;9.363811;7.058988;3.267441;7.555479;4.500221;8.038380;3.785347;7.388849;8.647885;7.465953;5.070998;5.947001;5.918986;9.225537;8.553549;7.021202;3.654061
1.060000;-5.983121;2.944065;3.507685;3.538752;2.995999;3.377245;1.843047;3.193845;4.121141;1.585248;5.337527;1.716047;3.290338;2.329596;3.622304;4.082828;2.507897;1.892217;2.950229;3.814403;5.359276;2.821686;3.817908;4.136327;1.683743;3.867817;3.474257;2.714206;3.518550;2.976540;4.814400;3.019496;4.515528;4.898623;4.795878;1.908702;2.987205;1.341735;3.585590;5.704899;4.939535;1.512348;5.132409;1.924304;5.038962;3.272205;4.035431;4.409715;5.619773;3.661498;2.769873;5.404327;2.714638;1.818477;3.131063;3.384280;4.102255;4.792961;1.874200;5.125255;1.392487;2.718198;1.705951;2.586577;4.141844;4.814394;3.463779;4.111996;3.195688;4.747300;5.137483;3.798409;4.310185;3.265962;2.119704;4.565997;2.162427;1.611547;1.581098;5.058284;1.867323;2.573804;4.168089;4.830610;1.503871;4.139410;2.770533;1.710668;4.317264;4.796266;4.900001;3.177577;4.755503;1.661051;3.616213;3.967863;1.631175;5.572155;6.061507;4.187578;3.882963;3.373469;3.027544;2.166040;2.553153;4.029609;3.454047;4.762050;3.886532;4.203535;2.646994;3.421714;2.627988;5.483344;3.641619;5.946902;6.194977;6.081149;9.313941;5.598284;4.560666;9.122185;5.210704;4.728922;4.907988;7.454801;6.533106;7.267701;7.074006;8.941634;8.882050;7.050182;5.360585;5.106308;8.957997;5.298676;4.333976;8.196010;7.158139;6.073520;6.119233;6.559207;7.306894;9.015381;7.273585;7.082915;5.213052;7.955992;7.406637;8.736873;3.679200;4.295924;7.063152;8.448984;5.890038;6.850561;7.157357;8.843545;8.207784;9.395218;7.092424;3.267442;7.500079;4.594759;8.046524;3.809642;7.445773;8.712631;7.518746;5.081143;6.036566;5.960424;9.286008;8.612556;7.025271;3.654060
1.060000;-5.440979;2.881903;3.490818;3.524499;2.982734;3.352321;1.823321;3.142815;4.113271;1.570389;5.327095;1.703667;3.268872;2.334997;3.624245;4.050138;2.621968;1.870511;2.940165;3.786654;5.343003;2.801833;3.812333;4.122307;1.664535;3.865623;3.456711;2.674332;3.497700;2.961615;4.814400;2.988910;4.505236;4.890076;4.790853;1.937553;2.967804;1.333465;3.558493;5.662810;4.922340;1.507023;5.124769;1.914680;5.011289;3.264287;4.031354;4.401166;5.595683;3.654642;2.753347;5.379910;2.706097;1.808105;3.110612;3.365253;3.829625;4.578022;1.861156;5.106276;1.432981;2.692827;1.685812;2.579598;4.128471;4.794830;3.452151;4.085627;3.188998;4.745878;5.120434;3.798409;4.273433;3.240337;2.106394;4.537120;2.145715;1.610132;1.576086;5.035223;1.854135;2.477006;4.163945;4.819820;1.497918;4.113522;2.758908;1.696835;4.386893;4.754560;4.880918;3.153477;4.751028;1.593940;3.608665;3.956250;1.619480;5.533488;6.025460;4.182954;3.855855;3.481780;3.011499;2.148890;2.541559;4.015169;3.434461;4.753176;3.883142;4.180104;2.646994;3.405724;2.613834;5.465863;3.604421;5.001957;6.183628;6.105264;9.304281;5.596759;4.554372;9.102152;5.187864;4.723058;4.883191;7.458906;6.527689;7.218266;7.069582;8.911592;8.854566;7.040866;5.361301;5.077904;8.925085;5.298677;4.230893;8.215302;7.191597;6.064656;6.056601;6.531374;7.227594;9.004307;7.273582;7.080925;5.207526;7.924049;7.387683;8.735135;3.712092;4.269774;7.051230;8.434717;5.878303;6.761590;7.147840;8.836891;8.133073;9.374804;7.070692;3.267443;7.487316;4.533373;8.041209;3.793837;7.408827;8.670603;7.484476;5.074527;5.978415;5.933506;9.246756;8.574256;7.022612;3.654061
1.060000;-4.344922;2.963976;3.498909;3.531350;2.989115;3.364223;1.867804;3.167089;4.117074;1.577525;5.332126;1.709625;3.279139;2.330916;3.762995;4.065711;2.354496;1.880896;2.945019;3.799892;5.350815;2.811341;3.815034;4.129047;1.673735;3.876591;3.465123;2.693302;3.507679;2.968786;4.814399;3.003488;4.510200;4.894203;4.793288;1.902358;2.977096;1.337459;3.571422;5.682820;4.930587;1.509602;5.128460;1.919324;5.024491;3.268113;4.033332;4.405294;5.607195;3.657959;2.761276;5.391575;2.710223;1.813106;3.120403;3.374370;3.930807;4.603025;1.867431;5.115369;1.365139;2.704943;1.695455;2.595303;4.134903;4.804194;3.457752;4.098214;3.192235;4.746811;5.128612;3.798409;4.290926;3.252572;2.112796;4.550892;2.153732;1.530762;1.578515;5.046250;1.860478;2.475077;4.165956;4.825021;1.500801;4.125878;2.764506;1.714701;4.333420;4.774397;4.890060;3.164993;4.753200;1.490353;3.612314;3.961843;1.625112;5.551885;6.042620;4.185196;3.868791;3.371992;3.019199;2.157116;2.547143;4.022106;3.443842;4.757461;3.884788;4.191300;2.646994;3.413402;2.620638;5.474247;3.622126;5.133789;6.189093;6.080406;9.308941;5.597502;4.557418;9.111739;5.198785;4.725897;4.903830;7.450672;6.544412;7.241779;7.064527;8.925908;8.867681;7.045362;5.371153;5.091452;8.940760;5.298678;4.212938;8.197160;7.121353;6.068937;6.086444;6.544652;7.265557;9.009640;7.273585;7.081892;5.210204;7.939267;7.396767;8.741999;3.678286;4.282259;7.056970;8.441576;5.883955;6.804342;7.152433;8.840111;8.168783;9.384576;7.081090;3.267442;7.532572;4.562609;8.043785;3.801424;7.426410;8.690597;7.500794;5.077728;6.006094;5.946354;9.265434;8.592482;7.023904;3.654061
1.060000;-4.686603;2.906327;3.495373;3.528391;2.986372;3.358852;1.860703;3.155415;4.115484;1.574432;5.329994;1.707074;3.274562;2.396766;3.620952;4.058510;2.621968;1.876265;2.942965;3.793859;5.347408;2.807131;3.813920;4.126139;1.669675;3.916640;3.461434;2.684370;3.503244;2.965680;4.814400;2.996787;4.508098;4.892471;4.792288;1.903075;2.972991;1.335788;3.565544;5.673347;4.926976;1.508540;5.126920;1.917363;5.018480;3.266513;4.032524;4.403563;5.602014;3.656581;2.757814;5.386321;2.708492;1.810986;3.116058;3.370347;3.899526;4.578594;1.864737;5.111357;1.349348;2.699469;1.691182;2.640035;4.132135;4.800050;3.455360;4.092504;3.190892;4.751844;5.125034;3.798409;4.282752;3.247038;2.110044;4.544595;2.150228;1.555421;1.577517;5.041303;1.857753;2.446959;4.165133;4.822812;1.499608;4.120284;2.762118;1.733862;4.390654;4.765022;4.886026;3.159812;4.752311;1.475836;3.610792;3.959459;1.622709;5.543249;6.034611;4.184276;3.862911;3.379692;3.015845;2.153514;2.544763;4.019108;3.439694;4.755660;3.884119;4.186275;2.646994;3.410063;2.617697;5.470572;3.613841;5.346393;6.186767;6.106460;9.306977;5.597203;4.556157;9.107492;5.193894;4.724726;4.891015;7.453954;6.484122;7.230501;7.069741;8.919340;8.861709;7.043469;5.363030;5.085271;8.933510;5.298678;4.432840;8.205708;7.130336;6.067140;6.071869;6.538603;7.246763;9.007373;7.273585;7.081504;5.209099;7.932249;7.392762;8.733311;3.683085;4.276601;7.054520;8.438611;5.881544;6.783079;7.150495;8.838775;8.151155;9.380239;7.076454;3.267442;7.484792;4.548355;8.042723;3.798125;7.418189;8.681140;7.493217;5.076401;5.992651;5.940519;9.256651;8.583933;7.023380;3.654062
1.060000;-5.193016;2.875007;3.503516;3.535177;2.992653;3.371355;1.825110;3.183280;4.119095;1.581534;5.334855;1.712910;3.285168;2.342683;3.636267;4.075424;2.370560;1.886996;2.947646;3.807947;5.355242;2.816862;3.816440;4.132807;1.679065;3.880563;3.469938;2.705500;3.513515;2.972813;4.814400;3.012488;4.512887;4.896410;4.794552;1.936216;2.982481;1.339589;3.579265;5.695820;4.935293;1.510944;5.130419;1.921827;5.032522;3.270146;4.034348;4.407501;5.614058;3.659706;2.765782;5.398542;2.712428;1.815819;3.126111;3.379636;3.840763;4.956052;1.870907;5.120619;1.379068;2.712219;1.701066;2.591680;4.138474;4.809629;3.460818;4.105819;3.193937;4.742482;5.133275;3.798409;4.302030;3.259933;2.116349;4.559320;2.158294;1.786133;1.579774;5.052781;1.863996;2.442687;4.166989;4.827851;1.502308;4.133328;2.767571;1.700337;4.403316;4.787241;4.895344;3.171857;4.754319;1.867895;3.614247;3.964906;1.628199;5.563662;6.053480;4.186354;3.876631;3.390019;3.023563;2.161812;2.550201;4.025991;3.449281;4.759756;3.885628;4.197952;2.646994;3.417741;2.624436;5.479041;3.633387;4.961545;6.192080;6.086216;9.311457;5.597873;4.559015;9.117322;5.205246;4.727379;4.891023;7.450024;6.483586;7.257394;7.142615;8.934720;8.875641;7.047781;5.359541;5.099723;8.950546;5.298677;4.679052;8.210814;7.168903;6.071226;6.106899;6.552736;7.292196;9.012552;7.273578;7.082381;5.211596;7.948725;7.402010;8.742515;3.686566;4.289788;7.060125;8.445412;5.887053;6.834536;7.154906;8.841803;8.193721;9.390273;7.087198;3.267441;7.487826;4.582608;8.045121;3.805714;7.437584;8.703553;7.511048;5.079411;6.024900;5.954131;9.277411;8.604127;7.024559;3.654060
1.060000;-4.099220;3.017549;3.490486;3.524229;2.982487;3.351776;1.867142;3.141365;4.113134;1.570106;5.326907;1.703435;3.268426;2.372845;3.626610;4.049358;2.621968;1.870059;2.939984;3.786029;5.342688;2.801430;3.812239;4.122043;1.664149;3.951205;3.456362;2.673310;3.497272;2.961331;4.814400;2.988201;4.505052;4.889926;4.790770;1.976919;2.967409;1.333320;3.557886;5.661701;4.922001;1.506933;5.124637;1.914509;5.010673;3.264148;4.031287;4.401016;5.595162;3.654524;2.753023;5.379383;2.705948;1.807920;3.110192;3.364870;3.826111;4.913265;1.860913;5.105893;1.351271;2.692276;1.685401;2.627963;4.128221;4.794423;3.451937;4.085043;3.188884;4.741554;5.120098;3.798409;4.272522;3.239776;2.106145;4.536460;2.145385;1.930011;1.576002;5.034734;1.853890;2.551050;4.163877;4.819625;1.497818;4.112952;2.758695;1.692515;4.311309;4.753469;4.880533;3.152959;4.750953;1.757817;3.608534;3.956038;1.619266;5.532511;6.024570;4.182877;3.855253;3.381878;3.011187;2.148553;2.541348;4.014894;3.434063;4.753018;3.883086;4.179600;2.646993;3.405416;2.613566;5.465516;3.603488;4.978004;6.183418;6.080960;9.304110;5.596737;4.554265;9.101735;5.187378;4.722958;4.899263;7.450332;6.488201;7.216872;7.056088;8.910887;8.853950;7.040701;5.366658;5.077258;8.924298;5.298678;4.221534;8.213550;7.128052;6.064501;6.054633;6.530746;7.224799;9.004101;7.273585;7.080894;5.207434;7.923288;7.387301;8.734428;3.686274;4.269197;7.051011;8.434452;5.878086;6.758241;7.147669;8.836776;8.130512;9.374373;7.070238;3.267441;7.486256;4.531458;8.041119;3.793530;7.407904;8.669491;7.483643;5.074414;5.976644;5.932906;9.245754;8.573285;7.022569;3.654062
1.060000;-4.710795;2.908056;3.518894;3.548173;3.004748;3.394077;1.824470;3.229625;4.126268;1.595081;5.344366;1.724199;3.304741;2.328377;3.614636;4.105192;2.621968;1.906786;2.956820;3.833233;5.370080;2.834962;3.821520;4.145593;1.696574;3.927047;3.485937;2.741771;3.532521;2.986421;4.814400;3.040346;4.522271;4.904200;4.799127;1.944888;3.000172;1.347127;3.603958;5.734077;4.950973;1.515795;5.137383;1.930601;5.057738;3.277362;4.038062;4.415291;5.636018;3.665955;2.780852;5.420796;2.720213;1.825274;3.144756;3.396983;3.891246;4.805479;1.882798;5.137924;1.413955;2.735341;1.719428;2.607604;4.150667;4.827477;3.471418;4.129850;3.200033;4.743857;5.148823;3.769347;4.335477;3.283286;2.128484;4.585630;2.173540;1.547522;1.584338;5.073801;1.876019;2.558646;4.170761;4.837687;1.507730;4.156909;2.778168;1.707936;4.323690;4.825169;4.912741;3.193823;4.758394;1.839064;3.621125;3.975495;1.638863;5.598842;6.086289;4.190565;3.901335;3.442391;3.038195;2.177444;2.560770;4.039158;3.467139;4.767845;3.888716;4.219310;2.646994;3.432323;2.637345;5.494980;3.667241;5.004941;6.202428;6.085641;9.320259;5.599261;4.564748;9.135595;5.226066;4.732723;4.882081;7.450052;6.748863;7.302305;7.051409;8.962090;8.900683;7.056273;5.367442;5.125606;8.980511;5.298678;4.220054;8.200736;7.246253;6.079309;6.163714;6.578098;7.364062;9.022649;7.273589;7.084191;5.216629;7.977817;7.419291;8.733757;3.706763;4.313620;7.070997;8.458414;5.897754;6.915198;7.163581;8.847866;8.261436;9.408892;7.107011;3.267442;7.519794;4.638299;8.049963;3.820125;7.471210;8.741772;7.542252;5.085440;6.077676;5.978663;9.313123;8.638978;7.026978;3.654061
1.060000;-5.861323;2.928897;3.482620;3.517551;2.976261;3.340310;1.820845;3.118756;4.109404;1.563151;5.321983;1.697616;3.258487;2.328671;3.620226;4.034508;2.621968;1.860020;2.935231;3.773323;5.335090;2.792219;3.809585;4.115470;1.655226;4.029956;3.448184;2.655385;3.487613;2.954346;4.814400;2.974259;4.500195;4.885879;4.788376;1.929913;2.958401;1.329403;3.545466;5.642834;4.913986;1.504396;5.121013;1.909960;4.997995;3.260394;4.029340;4.396970;5.584068;3.651267;2.745310;5.368145;2.701903;1.803026;3.100713;3.356030;3.868360;4.635913;1.854788;5.097076;1.354844;2.680614;1.676063;2.580051;4.121944;4.785338;3.446463;4.072946;3.185706;4.741399;5.112148;3.798409;4.255926;3.228002;2.099900;4.523264;2.137584;1.604994;1.573615;5.024095;1.847698;2.499462;4.161899;4.814537;1.494984;4.101067;2.753225;1.687838;4.446871;4.734772;4.871670;3.141859;4.748819;1.471332;3.604955;3.950570;1.613760;5.515097;6.008278;4.180671;3.842829;3.514819;3.003691;2.140559;2.535889;4.008130;3.424972;4.748820;3.881466;4.168800;2.646994;3.397949;2.606931;5.457373;3.586703;5.435036;6.178072;6.091773;9.299549;5.596004;4.551274;9.092445;5.176839;4.720167;4.887300;7.459684;6.497612;7.194932;7.055745;8.897186;8.841366;7.036297;5.360362;5.064270;8.909358;5.298677;4.353703;8.251886;7.139116;6.060305;6.027244;6.518006;7.190634;8.998886;7.273589;7.079941;5.204803;7.908762;7.378497;8.737177;3.678675;4.257193;7.045400;8.427768;5.872563;6.720189;7.143174;8.833615;8.098209;9.364917;7.060188;3.267442;7.488181;4.504585;8.038586;3.786143;7.391229;8.650667;7.468109;5.071269;5.951099;5.920575;9.228099;8.556032;7.021297;3.654061
1.060000;-5.939427;2.940994;3.488628;3.522662;2.981031;3.349002;1.820851;3.135576;4.112278;1.568474;5.325768;1.702078;3.266041;2.328385;3.634397;4.045692;2.621968;1.867651;2.938884;3.782928;5.340893;2.799233;3.811635;4.120500;1.662024;3.869556;3.454426;2.668813;3.494962;2.959688;4.814400;2.984776;4.503929;4.888995;4.790228;1.940519;2.965261;1.332420;3.554862;5.656954;4.920103;1.506358;5.123806;1.913458;5.007579;3.263287;4.030846;4.400085;5.592484;3.653780;2.751200;5.376664;2.705018;1.806786;3.107929;3.362764;3.843830;4.971959;1.859483;5.103794;1.360340;2.689448;1.683170;2.580585;4.126753;4.792259;3.450666;4.082101;3.188158;4.742200;5.118216;3.676414;4.268385;3.236919;2.104684;4.533232;2.143538;1.550246;1.575461;5.032169;1.852441;2.465744;4.163429;4.818445;1.497172;4.110068;2.757423;1.752081;4.386424;4.748762;4.878422;3.150277;4.750471;1.475836;3.607714;3.954766;1.617986;5.528153;6.020516;4.182379;3.852227;3.423969;3.009418;2.146662;2.540078;4.013308;3.431894;4.752052;3.882720;4.177002;2.646994;3.403658;2.612010;5.463587;3.599303;5.039607;6.182178;6.090322;9.303058;5.596571;4.553583;9.099513;5.184843;4.722324;4.883420;7.460057;6.505046;7.211264;7.048596;8.907530;8.850878;7.039685;5.368890;5.074085;8.920609;5.298677;4.213151;8.272196;7.168521;6.063535;6.047485;6.527637;7.215715;9.002892;7.273589;7.080679;5.206836;7.919709;7.385203;8.738027;3.680302;4.266280;7.049704;8.432884;5.876798;6.748041;7.146632;8.836057;8.121960;9.372117;7.067821;3.267442;7.507728;4.524457;8.040545;3.791787;7.403744;8.664747;7.479792;5.073695;5.970028;5.929900;9.241326;8.568972;7.022283;3.654061
1.060000;-2.476319;3.758799;3.497759;3.530368;2.988199;3.362555;1.819791;3.163743;4.116518;1.576505;5.331397;1.708768;3.277691;2.331302;3.616082;4.063550;2.621968;1.879431;2.944314;3.798045;5.349701;2.809999;3.814635;4.128081;1.672436;4.083008;3.463927;2.690682;3.506274;2.967761;4.814400;3.001463;4.509479;4.893600;4.792928;1.902303;2.975783;1.336877;3.569618;5.680065;4.929416;1.509222;5.127920;1.918649;5.022651;3.267553;4.033039;4.404690;5.605581;3.657472;2.760148;5.389941;2.709620;1.812381;3.119019;3.373079;3.860703;4.716937;1.866529;5.114082;1.433657;2.703249;1.694093;2.597196;4.133979;4.802871;3.456940;4.096454;3.191758;4.750206;5.127449;3.798409;4.288504;3.250862;2.111877;4.548974;2.152591;1.680928;1.578155;5.044697;1.859568;2.446234;4.165655;4.824267;1.500376;4.124149;2.763698;1.746145;4.534166;4.771658;4.888766;3.163379;4.752878;1.475836;3.611779;3.961036;1.624300;5.549342;6.040244;4.184864;3.866986;3.400038;3.018102;2.155948;2.546337;4.021115;3.442515;4.756836;3.884542;4.189728;2.646994;3.412307;2.619662;5.473053;3.619676;5.320760;6.188304;6.090615;9.308265;5.597389;4.556969;9.110383;5.197248;4.725479;4.882383;7.468585;6.485137;7.238538;7.053178;8.923914;8.865852;7.044708;5.363191;5.089566;8.938586;5.298677;4.212785;8.318117;7.269300;6.068312;6.082323;6.542801;7.260281;9.008869;7.273582;7.081748;5.209808;7.937156;7.395479;8.755660;3.682144;4.280512;7.056144;8.440591;5.883137;6.798352;7.151764;8.839637;8.163826;9.383193;7.079625;3.267441;7.500356;4.558578;8.043404;3.800344;7.423976;8.687841;7.498535;5.077258;6.002276;5.944560;9.262853;8.589961;7.023711;3.654059
1.060000;-5.375268;2.879098;3.486769;3.521104;2.979584;3.346181;1.819517;3.129156;4.111430;1.566843;5.324638;1.700732;3.263641;2.335094;3.614837;4.041880;2.321270;1.865220;2.937795;3.779754;5.339104;2.797022;3.811038;4.118969;1.659890;3.893658;3.452488;2.664028;3.492634;2.958054;4.814400;2.981240;4.502813;4.888072;4.789690;1.902366;2.963105;1.331530;3.551769;5.651852;4.918206;1.505787;5.122983;1.912418;5.004413;3.262435;4.030410;4.399164;5.589766;3.653043;2.749381;5.373907;2.704097;1.805662;3.105645;3.360655;3.834245;4.602096;1.858060;5.101688;1.359453;2.686571;1.680927;2.579409;4.125294;4.790087;3.449402;4.079103;3.187440;4.746705;5.116335;3.798409;4.264035;3.234011;2.103233;4.529915;2.141697;1.559855;1.574924;5.029578;1.851003;2.449638;4.162987;4.817275;1.496534;4.107126;2.756161;1.893163;4.768783;4.743717;4.876306;3.147557;4.749992;1.511420;3.606903;3.953505;1.616714;5.523534;6.016257;4.181884;3.849135;3.415708;3.007652;2.144766;2.538819;4.011728;3.429716;4.751095;3.882359;4.174358;2.646994;3.401902;2.610463;5.461657;3.594887;5.615377;6.180947;6.136006;9.302013;5.596409;4.552907;9.097290;5.182275;4.721693;4.881972;7.456254;6.519093;7.205091;7.046449;8.904059;8.847743;7.038679;5.371184;5.070829;8.916767;5.298677;4.403561;8.195408;7.119344;6.062577;6.039224;6.524453;7.204537;9.001691;7.273589;7.080466;5.206243;7.915996;7.383101;8.755159;3.678345;4.263308;7.048407;8.431315;5.875527;6.735031;7.145603;8.835341;8.111619;9.369844;7.065390;3.267442;7.493724;4.516403;8.039975;3.790052;7.399367;8.659661;7.475772;5.072985;5.962497;5.926835;9.236629;8.564405;7.021999;3.654060
1.060000;-4.078465;3.023283;3.493376;3.526710;2.984811;3.355842;1.820736;3.148569;4.114563;1.572678;5.328769;1.705620;3.271996;2.328244;3.614575;4.054455;2.543744;1.873662;2.941786;3.790478;5.345483;2.804767;3.813267;4.124487;1.667387;3.922617;3.459353;2.679284;3.500754;2.963917;4.814400;2.993026;4.506890;4.891471;4.791701;1.941354;2.970680;1.334818;3.562249;5.667943;4.924940;1.507918;5.126027;1.916236;5.015109;3.265586;4.032047;4.402562;5.599112;3.655778;2.755860;5.383378;2.707492;1.809771;3.113618;3.368084;3.828031;4.623403;1.863202;5.109101;1.354005;2.696402;1.688780;2.601474;4.130562;4.797729;3.453996;4.089303;3.190109;4.753848;5.123013;3.798409;4.278125;3.243938;2.108477;4.541062;2.148252;2.254962;1.576931;5.038535;1.856200;2.526338;4.164649;4.821545;1.498914;4.117150;2.760755;1.689114;4.460608;4.759656;4.883756;3.156908;4.751787;1.475836;3.609907;3.958095;1.621334;5.538341;6.030087;4.183736;3.859616;3.377396;3.013949;2.151485;2.543401;4.017406;3.437361;4.754621;3.883722;4.183456;2.646994;3.408173;2.616029;5.468498;3.609148;5.037218;6.185433;6.081781;9.305845;5.597025;4.555421;9.105101;5.191150;4.724039;4.883038;7.472997;6.483465;7.223911;7.068928;8.915650;8.858361;7.042375;5.384514;5.081799;8.929420;5.298677;5.032655;8.292124;7.098362;6.066100;6.062964;6.535209;7.234504;9.006068;7.273589;7.081270;5.208454;7.928297;7.390506;8.733942;3.679729;4.273430;7.053118;8.436934;5.880165;6.768628;7.149380;8.837996;8.139867;9.377802;7.073853;3.267440;7.487058;4.539679;8.042101;3.796255;7.413532;8.675725;7.488938;5.075625;5.984565;5.937243;9.251658;8.579077;7.023069;3.654061
1.060000;-5.012998;2.879943;3.505605;3.537005;2.994377;3.374139;1.819609;3.187441;4.120193;1.583425;5.336262;1.714537;3.287676;2.330413;3.641580;4.078727;2.207397;1.889525;2.949008;3.810935;5.357277;2.819228;3.817239;4.134612;1.681370;4.067987;3.472094;2.709191;3.515967;2.974710;4.814400;3.015665;4.514279;4.897591;4.795278;1.980474;2.984807;1.340736;3.582205;5.699608;4.937418;1.511710;5.131489;1.923138;5.035505;3.271249;4.034945;4.408682;5.616778;3.660674;2.767840;5.401285;2.713608;1.817217;3.128531;3.381928;3.827268;4.614017;1.872606;5.122908;1.355331;2.715037;1.703459;2.579383;4.140209;4.811972;3.462365;4.108706;3.194884;4.743189;5.135384;3.798409;4.305568;3.262766;2.118078;4.562385;2.160372;1.786848;1.580497;5.055418;1.865709;2.649858;4.167593;4.829299;1.503158;4.136174;2.769116;1.688100;4.311851;4.791020;4.897641;3.174576;4.754969;1.475837;3.615303;3.966449;1.629749;5.567295;6.056976;4.187025;3.879574;3.384319;3.025572;2.163925;2.551741;4.027838;3.451624;4.760976;3.886129;4.200617;2.646994;3.419752;2.626255;5.481189;3.636943;5.092557;6.193594;6.081647;9.312767;5.598104;4.559909;9.119704;5.207866;4.728216;4.896028;7.481347;6.521572;7.261494;7.088592;8.937860;8.878612;7.049054;5.360703;5.102753;8.953866;5.298677;4.520389;8.203532;7.106522;6.072448;6.111439;6.555728;7.297213;9.014031;7.273585;7.082680;5.212390;7.951982;7.404296;8.733407;3.678586;4.292659;7.061700;8.447239;5.888609;6.839855;7.156201;8.842745;8.198606;9.392689;7.089724;3.267441;7.596663;4.587102;8.045886;3.807699;7.441128;8.707348;7.514439;5.080348;6.029298;5.957061;9.281071;8.607739;7.024955;3.654061
1.060000;-4.740535;2.899649;3.493824;3.527087;2.985159;3.356511;1.861877;3.149892;4.114763;1.573075;5.329041;1.705942;3.272575;2.329779;3.614632;4.055329;2.344974;1.874248;2.942045;3.791223;5.345916;2.805299;3.813406;4.124856;1.667900;3.945388;3.459823;2.680336;3.501315;2.964313;4.814400;2.993845;4.507157;4.891690;4.791825;1.960788;2.971198;1.335029;3.562976;5.669047;4.925397;1.508050;5.126219;1.916482;5.015851;3.265787;4.032146;4.402780;5.599759;3.655951;2.756299;5.384032;2.707710;1.810040;3.114164;3.368593;3.829070;4.600463;1.863544;5.109608;1.377312;2.697082;1.689319;2.579980;4.130914;4.798246;3.454299;4.090014;3.190277;4.766798;5.123468;3.798409;4.279098;3.244624;2.108828;4.541837;2.148694;1.531148;1.577054;5.039156;1.856543;2.446906;4.164750;4.821826;1.499062;4.117842;2.761060;1.713304;4.312884;4.760755;4.884266;3.157555;4.751896;1.471836;3.610100;3.958396;1.621640;5.539364;6.031044;4.183851;3.860344;3.405054;3.014374;2.151941;2.543703;4.017786;3.437885;4.754848;3.883804;4.184086;2.646994;3.408592;2.616404;5.468964;3.610133;5.040126;6.185728;6.081654;9.306092;5.597061;4.555578;9.105639;5.191764;4.724184;4.922642;7.451520;6.484003;7.225197;7.123198;8.916455;8.859103;7.042614;5.361282;5.082561;8.930302;5.298676;4.293838;8.195918;7.098567;6.066325;6.064578;6.535955;7.236583;9.006360;7.273585;7.081316;5.208591;7.929149;7.391014;8.753420;3.679538;4.274133;7.053430;8.437310;5.880466;6.771032;7.149628;8.838161;8.141807;9.378347;7.074431;3.267441;7.546354;4.541251;8.042233;3.796674;7.414511;8.676832;7.489851;5.075791;5.986061;5.937968;9.252694;8.580090;7.023133;3.654061
1.060000;-4.512039;2.934601;3.509302;3.540145;2.997305;3.379517;1.846121;3.197939;4.121951;1.586693;5.338580;1.717273;3.292338;2.345881;3.620760;4.085677;2.621968;1.894235;2.951246;3.816885;5.360844;2.823552;3.818493;4.137702;1.685558;3.932802;3.475932;2.717558;3.520498;2.977993;4.814399;3.022190;4.516565;4.899498;4.796406;1.959556;2.989035;1.342582;3.588026;5.708407;4.941181;1.512907;5.133196;1.925281;5.041441;3.273018;4.035865;4.410589;5.621979;3.662210;2.771463;5.406556;2.715512;1.819522;3.132978;3.386078;3.829960;4.847584;1.875486;5.127047;1.381616;2.720501;1.707841;2.618196;4.143160;4.816237;3.464937;4.114383;3.196383;4.751493;5.139118;3.776149;4.313319;3.268285;2.121015;4.568564;2.164034;1.678962;1.581625;5.060409;1.868622;2.450266;4.168529;4.831692;1.504495;4.141748;2.771687;1.686682;4.322485;4.799743;4.901803;3.179781;4.755978;1.592039;3.616990;3.969021;1.632337;5.575426;6.064591;4.188067;3.885396;3.373091;3.029094;2.167684;2.554308;4.031017;3.455890;4.762955;3.886895;4.205685;2.646994;3.423262;2.629374;5.485014;3.644785;5.217863;6.196111;6.081348;9.314919;5.598450;4.561320;9.124069;5.212811;4.729533;4.905156;7.493874;6.506902;7.271694;7.079559;8.944283;8.884511;7.051129;5.358753;5.108842;8.960853;5.298679;4.209620;8.223632;7.325612;6.074424;6.124063;6.561699;7.312714;9.016489;7.273589;7.083131;5.213631;7.958787;7.408431;8.734198;3.678377;4.298287;7.064342;8.450384;5.891208;6.856932;7.158322;8.844235;8.213331;9.397130;7.094439;3.267442;7.484310;4.599506;8.047081;3.811170;7.448924;8.716127;7.521708;5.081831;6.041112;5.962842;9.289319;8.615800;7.025556;3.654059
1.060000;-5.094517;2.876597;3.502228;3.534149;2.991720;3.369131;1.820274;3.176853;4.118611;1.580449;5.334170;1.712054;3.283365;2.328497;3.739798;4.072114;2.621968;1.885168;2.946989;3.805347;5.354014;2.815251;3.816117;4.131802;1.677521;3.876774;3.468576;2.701057;3.511785;2.971720;4.814400;3.009492;4.512213;4.895874;4.794265;2.041596;2.980917;1.339075;3.576751;5.690992;4.933971;1.510639;5.129952;1.921206;5.029934;3.269659;4.034122;4.406965;5.611936;3.659296;2.764528;5.396382;2.711893;1.815137;3.124432;3.378114;3.857103;4.603990;1.869992;5.119104;1.349313;2.709938;1.699422;2.579520;4.137529;4.808050;3.460029;4.103403;3.193539;4.746017;5.131968;3.768874;4.298099;3.257616;2.115410;4.556565;2.157021;1.619761;1.579488;5.050788;1.863068;2.476112;4.166758;4.827134;1.501957;4.130973;2.766786;1.696741;4.482723;4.782490;4.893818;3.169737;4.754067;1.465699;3.613786;3.964120;1.627406;5.559418;6.049657;4.186091;3.874123;3.386097;3.022357;2.160493;2.549417;4.024945;3.447698;4.759195;3.885445;4.195915;2.646994;3.416548;2.623418;5.477688;3.629383;5.054772;6.191319;6.079901;9.310831;5.597796;4.558643;9.115688;5.203281;4.727037;4.939178;7.489495;6.773852;7.251265;7.059128;8.931808;8.873082;7.047184;5.359061;5.097035;8.947207;5.298676;4.424310;8.199387;7.150494;6.070670;6.098181;6.550124;7.279916;9.011812;7.273589;7.082278;5.211277;7.945529;7.400501;8.737073;3.678289;4.287402;7.059310;8.444382;5.886254;6.820114;7.154295;8.841408;8.182447;9.388597;7.085368;3.267442;7.488887;4.574143;8.044815;3.804533;7.433620;8.698737;7.507498;5.079018;6.017091;5.951649;9.273072;8.599943;7.024418;3.654061
1.060000;-5.960673;2.945856;3.486646;3.520989;2.979473;3.346061;1.827790;3.129490;4.111355;1.566725;5.324543;1.700625;3.263517;2.330643;3.772574;4.041826;2.419107;1.865094;2.937704;3.779653;5.338980;2.796896;3.810981;4.118854;1.659763;3.888875;3.452362;2.664083;3.492506;2.957936;4.814400;2.981167;4.502723;4.887992;4.789638;2.136416;2.962979;1.331450;3.551665;5.651952;4.918081;1.505733;5.122910;1.912328;5.004317;3.262358;4.030368;4.399082;5.589648;3.652975;2.749257;5.373789;2.704015;1.805569;3.105517;3.360527;3.894362;4.662748;1.857951;5.101562;1.355397;2.686458;1.680801;2.581248;4.125182;4.789963;3.449301;4.078993;3.187373;4.741971;5.116212;3.798409;4.264031;3.233898;2.103122;4.529824;2.141577;1.589676;1.574872;5.029456;1.850893;2.453511;4.162943;4.817179;1.496474;4.107022;2.756059;1.950340;4.430683;4.743811;4.876179;3.147437;4.749945;1.546489;3.606829;3.953403;1.616612;5.523569;6.016247;4.181836;3.849029;3.388031;3.007532;2.144645;2.538718;4.011611;3.429590;4.751011;3.882323;4.174239;2.646994;3.401782;2.610347;5.461531;3.594897;4.986440;6.180844;6.122469;9.301924;5.596394;4.552845;9.097161;5.182151;4.721636;4.886710;7.463907;6.528837;7.205373;7.122022;8.903978;8.847639;7.038593;5.377419;5.070733;8.916709;5.298678;4.248640;8.194765;7.235757;6.062496;6.039979;6.524353;7.206126;9.001591;7.273593;7.080447;5.206186;7.915933;7.382973;8.743434;3.687184;4.263198;7.048305;8.431207;5.875424;6.737220;7.145516;8.835275;8.112953;9.369713;7.065270;3.267442;7.498763;4.517109;8.039922;3.789929;7.399369;8.659761;7.475736;5.072919;5.963068;5.926726;9.236673;8.564432;7.021972;3.654061
1.060000;-4.565443;2.923951;3.499518;3.531860;2.989588;3.365132;1.836678;3.168855;4.117349;1.578061;5.332494;1.710066;3.279916;2.354886;3.615753;4.066900;2.621968;1.881683;2.945372;3.800904;5.351403;2.812062;3.815226;4.129547;1.674433;3.903603;3.465756;2.694735;3.508436;2.969321;4.814400;3.004601;4.510561;4.894503;4.793462;1.919688;2.977800;1.337749;3.572412;5.684335;4.931208;1.509787;5.128729;1.919662;5.025504;3.268388;4.033470;4.405595;5.608072;3.658197;2.761871;5.392465;2.710522;1.813473;3.121149;3.375057;3.925875;4.586561;1.867896;5.116055;1.394823;2.705869;1.696186;2.579350;4.135381;4.804905;3.458163;4.099179;3.192467;4.742147;5.129227;3.771451;4.292257;3.253510;2.113271;4.551945;2.154334;1.542056;1.578687;5.047086;1.860949;2.461971;4.166096;4.825399;1.501007;4.126827;2.764920;1.694554;4.388368;4.775891;4.890751;3.165871;4.753352;1.547612;3.612577;3.962255;1.625529;5.553279;6.043924;4.185353;3.869777;3.415042;3.019778;2.157736;2.547554;4.022624;3.444551;4.757771;3.884903;4.192156;2.646994;3.413978;2.621143;5.474875;3.623471;5.061326;6.189493;6.079967;9.309280;5.597554;4.557636;9.112472;5.199615;4.726098;4.895606;7.450043;6.588838;7.243504;7.056943;8.927006;8.868682;7.045690;5.358565;5.092487;8.941958;5.298678;4.261667;8.207730;7.133099;6.069246;6.088484;6.545669;7.267835;9.010035;7.273582;7.081960;5.210395;7.940431;7.397450;8.781180;3.681876;4.283212;7.057396;8.442091;5.884371;6.806647;7.152767;8.840341;8.171013;9.385318;7.081877;3.267440;7.484404;4.564628;8.043966;3.801993;7.427745;8.692100;7.502036;5.077957;6.008043;5.947335;9.266845;8.593863;7.023994;3.654061
1.060000;-5.188681;2.874960;3.495808;3.528728;2.986676;3.359621;1.867528;3.157322;4.115624;1.574794;5.330206;1.707349;3.275185;2.329860;3.619137;4.059628;2.621968;1.876895;2.943167;3.794755;5.347821;2.807688;3.814005;4.126468;1.670201;3.867648;3.461897;2.685813;3.503840;2.966042;4.814400;2.997813;4.508306;4.892630;4.792360;1.903831;2.973526;1.335937;3.566410;5.674901;4.927425;1.508621;5.127055;1.917552;5.019372;3.266654;4.032580;4.403721;5.602750;3.656695;2.758237;5.387068;2.708652;1.811198;3.116636;3.370867;3.863413;4.582986;1.865033;5.111876;1.362500;2.700259;1.691748;2.691020;4.132445;4.800600;3.455612;4.093338;3.191002;4.772320;5.125475;3.746943;4.284053;3.247839;2.110350;4.545541;2.150658;1.529754;1.577591;5.041996;1.858054;2.455154;4.165190;4.823032;1.499703;4.121094;2.762369;1.697937;4.452404;4.766543;4.886549;3.160545;4.752373;1.467137;3.610924;3.959707;1.622962;5.544637;6.035885;4.184343;3.863777;3.375961;3.016250;2.153960;2.545011;4.019453;3.440234;4.755826;3.884161;4.186980;2.646994;3.410462;2.618035;5.471031;3.615164;5.019622;6.187006;6.084641;9.307165;5.597221;4.556258;9.108050;5.194572;4.724817;4.890853;7.474679;6.494246;7.232344;7.051159;8.920337;8.862594;7.043648;5.379352;5.086194;8.934634;5.298678;4.476684;8.197769;7.115870;6.067306;6.074160;6.539500;7.249407;9.007605;7.273589;7.081524;5.209185;7.933332;7.393277;8.741364;3.678610;4.277424;7.054779;8.438953;5.881795;6.785769;7.150680;8.838884;8.153735;9.380814;7.077084;3.267441;7.638144;4.550608;8.042803;3.798517;7.419499;8.682673;7.494404;5.076509;5.994807;5.941376;9.258065;8.585303;7.023412;3.654060
1.060000;-6.488455;3.067740;3.499716;3.531950;2.989645;3.365811;1.827513;3.172449;4.117293;1.578172;5.332477;1.710096;3.280365;2.333138;3.662838;4.068244;2.621968;1.882146;2.945349;3.801803;5.351571;2.812409;3.815156;4.129632;1.674751;3.933918;3.465989;2.696854;3.508847;2.969437;4.814400;3.005750;4.510541;4.894454;4.793393;1.967591;2.978123;1.337697;3.573258;5.686723;4.931420;1.509718;5.128669;1.919630;5.026395;3.268333;4.033406;4.405546;5.608693;3.658132;2.762055;5.393108;2.710473;1.813454;3.121527;3.375362;3.843113;4.588362;1.867947;5.116356;1.353802;2.706582;1.696552;2.580782;4.135442;4.805241;3.458174;4.099966;3.192400;4.741889;5.129434;3.798409;4.294020;3.254240;2.113329;4.552938;2.154525;1.608048;1.578619;5.047635;1.861004;2.534700;4.166032;4.825392;1.500939;4.127577;2.764932;1.726058;4.332391;4.778229;4.891056;3.166490;4.753287;2.032529;3.612518;3.962265;1.625538;5.555259;6.045610;4.185286;3.870631;3.416703;3.019940;2.157947;2.547564;4.022723;3.444886;4.757727;3.884844;4.192734;2.646994;3.414138;2.621230;5.475104;3.625279;5.088618;6.189498;6.079934;9.309249;5.597521;4.557568;9.112827;5.200148;4.726032;4.882636;7.468438;6.493791;7.246862;7.046985;8.928096;8.869559;7.045652;5.373569;5.093439;8.943322;5.298677;4.211889;8.236304;7.100805;6.069200;6.093920;6.546574;7.276396;9.010031;7.273585;7.081919;5.210324;7.941700;7.397749;8.736889;3.696680;4.283982;7.057412;8.442180;5.884382;6.817241;7.152732;8.840276;8.178663;9.385694;7.082340;3.267441;7.484436;4.569842;8.043898;3.802142;7.429529;8.694468;7.503537;5.077891;6.012726;5.948163;9.268887;8.595796;7.023942;3.654060
1.060000;-4.592908;2.920786;3.499634;3.531909;2.989614;3.365550;1.821238;3.170971;4.117305;1.578125;5.332476;1.710077;3.280193;2.349181;3.728520;4.067717;2.621968;1.881962;2.945349;3.801455;5.351499;2.812271;3.815174;4.129593;1.674626;3.952147;3.465897;2.696006;3.508684;2.969386;4.814400;3.005303;4.510540;4.894463;4.793410;1.939498;2.977998;1.337707;3.572929;5.685761;4.931335;1.509735;5.128681;1.919633;5.026049;3.268344;4.033425;4.405556;5.608451;3.658148;2.761980;5.392860;2.710482;1.813452;3.121379;3.375243;3.878512;4.679113;1.867920;5.116239;1.369617;2.706306;1.696409;2.670464;4.135411;4.805104;3.458160;4.099659;3.192417;4.741527;5.129349;3.798409;4.293322;3.253956;2.113300;4.552553;2.154447;1.542172;1.578636;5.047426;1.860975;2.441519;4.166050;4.825387;1.500956;4.127284;2.764914;1.692110;4.311256;4.777290;4.890936;3.166251;4.753304;1.477512;3.612531;3.962253;1.625526;5.554469;6.044946;4.185305;3.870299;3.371807;3.019872;2.157861;2.547552;4.022678;3.444755;4.757735;3.884860;4.192500;2.646994;3.414073;2.621190;5.475013;3.624564;5.125805;6.189488;6.088601;9.309255;5.597530;4.557586;9.112688;5.199943;4.726049;4.883118;7.456649;6.529646;7.245491;7.046004;8.927674;8.869219;7.045658;5.358499;5.093070;8.942791;5.298678;4.288160;8.214682;7.130224;6.069208;6.091626;6.546224;7.272700;9.010024;7.273585;7.081932;5.210343;7.941212;7.397630;8.753042;3.690453;4.283686;7.057400;8.442137;5.884371;6.812653;7.152734;8.840292;8.175378;9.385549;7.082162;3.267442;7.535686;4.567653;8.043916;3.802079;7.428826;8.693522;7.502948;5.077909;6.010769;5.947845;9.268077;8.595028;7.023957;3.654061
1.060000;-5.407096;2.880379;3.489517;3.523396;2.981708;3.350409;1.830067;3.138957;4.112659;1.569238;5.326286;1.702706;3.267221;2.330675;3.729796;4.047642;2.529684;1.868843;2.939382;3.784529;5.341748;2.800309;3.811898;4.121222;1.663057;3.902800;3.455359;2.671301;3.496098;2.960463;4.814399;2.986576;4.504438;4.889410;4.790462;1.911241;2.966308;1.332822;3.556416;5.659613;4.921013;1.506608;5.124174;1.913931;5.009173;3.263671;4.031035;4.400502;5.593835;3.654108;2.752069;5.378038;2.705434;1.807301;3.109038;3.363788;3.882822;4.587143;1.860147;5.104814;1.349301;2.690885;1.684263;2.627512;4.127436;4.793319;3.451247;4.083608;3.188478;4.751109;5.119117;3.764453;4.270636;3.238374;2.105365;4.534910;2.144423;1.650202;1.575696;5.033453;1.853114;2.514604;4.163622;4.818984;1.497454;4.111542;2.758006;1.697425;4.320562;4.751394;4.879448;3.151628;4.750679;1.475836;3.608078;3.955350;1.618574;5.530547;6.022714;4.182594;3.853781;3.394575;3.010259;2.147566;2.540659;4.014053;3.432952;4.752485;3.882876;4.178306;2.646994;3.404487;2.612738;5.464513;3.601590;5.207362;6.182747;6.081095;9.303534;5.596641;4.553882;9.100606;5.186109;4.722599;4.881914;7.452729;6.486039;7.214519;7.058365;8.909286;8.852462;7.040143;5.371552;5.075731;8.922567;5.298676;4.210739;8.202848;7.115135;6.063964;6.051869;6.529243;7.221608;9.003443;7.273578;7.080770;5.207096;7.921605;7.386223;8.733554;3.702203;4.267772;7.050307;8.433616;5.877390;6.754838;7.147103;8.836373;8.127428;9.373225;7.069022;3.267442;7.487899;4.528731;8.040794;3.792614;7.406012;8.667410;7.481857;5.074011;5.974013;5.931446;9.243771;8.571341;7.022404;3.654061
1.060000;-5.686578;2.902060;3.496276;3.529143;2.987068;3.360236;1.834222;3.158419;4.115883;1.575222;5.330531;1.707722;3.275742;2.328872;3.617589;4.060363;2.444831;1.877452;2.943483;3.795411;5.348276;2.808211;3.814196;4.126880;1.670717;3.942284;3.462378;2.686667;3.504383;2.966470;4.814400;2.998514;4.508631;4.892908;4.792537;1.922943;2.974042;1.336206;3.567056;5.675788;4.927900;1.508805;5.127306;1.917857;5.020030;3.266914;4.032723;4.403998;5.603346;3.656924;2.758699;5.387672;2.708927;1.811523;3.117173;3.371377;3.852939;4.891651;1.865421;5.112385;1.349436;2.700879;1.692277;2.584025;4.132839;4.801121;3.455967;4.093977;3.191226;4.750092;5.125948;3.798409;4.284854;3.248460;2.110743;4.546216;2.151123;1.536161;1.577764;5.042578;1.858444;2.468632;4.165336;4.823369;1.499905;4.121725;2.762726;1.784992;4.312289;4.767431;4.887058;3.161143;4.752530;1.490744;3.611173;3.960062;1.623319;5.545472;6.036672;4.184505;3.864425;3.411394;3.016701;2.154435;2.545365;4.019870;3.440756;4.756112;3.884283;4.187572;2.646994;3.410915;2.618445;5.471511;3.615970;4.987926;6.187354;6.080185;9.307467;5.597276;4.556469;9.108581;5.195148;4.725015;4.896967;7.460135;6.490530;7.233397;7.048337;8.921019;8.863248;7.043944;5.401383;5.086856;8.935370;5.298678;4.235056;8.239810;7.098645;6.067590;6.075630;6.540159;7.251720;9.007947;7.273589;7.081597;5.209373;7.934051;7.393782;8.737418;3.679387;4.278055;7.055140;8.439366;5.882149;6.788790;7.150983;8.839108;8.155767;9.381348;7.077639;3.267441;7.484408;4.552026;8.042986;3.798964;7.420301;8.683565;7.495161;5.076730;5.996106;5.942016;9.258910;8.586127;7.023509;3.654061
1.060000;-6.243198;3.006077;3.493336;3.526661;2.984759;3.355848;1.826099;3.148767;4.114511;1.572634;5.328715;1.705565;3.271980;2.408756;3.710860;4.054520;2.621968;1.873648;2.941729;3.790505;5.345440;2.804743;3.813223;4.124436;1.667360;3.869751;3.459318;2.679404;3.500732;2.963872;4.814399;2.993074;4.506835;4.891418;4.791659;1.982399;2.970652;1.334766;3.562270;5.668079;4.924900;1.507874;5.125975;1.916181;5.015136;3.265534;4.032011;4.402508;5.599113;3.655729;2.755817;5.383379;2.707439;1.809715;3.113593;3.368054;3.930216;4.638127;1.863149;5.109070;1.351598;2.696409;1.688756;2.587844;4.130511;4.797690;3.453942;4.089323;3.190059;4.741466;5.122974;3.757450;4.278222;3.243948;2.108425;4.541097;2.148208;1.702740;1.576889;5.038531;1.856148;2.442096;4.164612;4.821490;1.498866;4.117166;2.760701;1.690935;4.314408;4.759792;4.883727;3.156908;4.751747;1.771666;3.609857;3.958040;1.621281;5.538451;6.030177;4.183697;3.859637;3.376244;3.013905;2.151444;2.543346;4.017356;3.437335;4.754566;3.883689;4.183453;2.646994;3.408124;2.615981;5.468461;3.609247;5.137223;6.185380;6.082634;9.305791;5.597009;4.555373;9.105082;5.191143;4.723991;4.882333;7.465780;6.544031;7.224108;7.275973;8.915693;8.858390;7.042322;5.362566;5.081830;8.929485;5.298677;4.299212;8.215861;7.104261;6.066045;6.063238;6.535237;7.234846;9.006018;7.273585;7.081250;5.208410;7.928349;7.390473;8.741771;3.689408;4.273445;7.053064;8.436883;5.880109;6.769001;7.149326;8.837948;8.140191;9.377782;7.073837;3.267442;7.496952;4.539947;8.042059;3.796211;7.413629;8.675864;7.489014;5.075576;5.984808;5.937265;9.251771;8.579183;7.023045;3.654061
1.060000;-3.786212;3.115265;3.495162;3.528137;2.986109;3.358901;1.822442;3.157293;4.115236;1.574189;5.329723;1.706807;3.274476;2.338245;3.651470;4.058968;2.621968;1.876187;2.942698;3.794041;5.347186;2.806997;3.813712;4.125884;1.669520;3.921192;3.461239;2.685319;3.503141;2.965435;4.814400;2.997124;4.507828;4.892215;4.792096;1.984253;2.972839;1.335532;3.565694;5.674472;4.926773;1.508340;5.126675;1.917098;5.018657;3.266264;4.032358;4.403306;5.602030;3.656348;2.757597;5.386348;2.708236;1.810718;3.115941;3.370186;3.896404;4.679357;1.864473;5.111197;1.358311;2.699538;1.691054;2.665710;4.131875;4.799911;3.455091;4.092624;3.190661;4.749917;5.124827;3.693721;4.283473;3.247119;2.109782;4.544837;2.150018;1.577473;1.577324;5.041280;1.857490;2.622676;4.164964;4.822542;1.499393;4.120378;2.761850;1.726210;4.415333;4.766109;4.885868;3.159827;4.752132;1.475836;3.610548;3.959188;1.622441;5.544109;6.035291;4.184095;3.863060;3.371808;3.015619;2.153310;2.544492;4.018857;3.439549;4.755399;3.883974;4.186260;2.646994;3.409835;2.617445;5.470372;3.614596;4.967111;6.186494;6.086021;9.306708;5.597131;4.555934;9.107360;5.193857;4.724512;4.901299;7.451928;6.493201;7.232231;7.055791;8.919644;8.861876;7.043205;5.385652;5.085483;8.933985;5.298678;4.357604;8.213783;7.100830;6.066877;6.074886;6.538789;7.251667;9.007100;7.273589;7.081412;5.208893;7.932655;7.392594;8.735590;3.705235;4.276704;7.054250;8.438362;5.881269;6.789176;7.150230;8.838544;8.155515;9.380119;7.076376;3.267442;7.524338;4.551239;8.042522;3.797892;7.418925;8.682249;7.493773;5.076170;5.995204;5.940657;9.257555;8.584763;7.023263;3.654061
1.060000;-5.342710;2.877160;3.497986;3.530562;2.988379;3.362873;1.838128;3.164073;4.116625;1.576706;5.331539;1.708936;3.277975;2.333813;3.634146;4.063922;2.595118;1.879715;2.944453;3.798385;5.349921;2.810260;3.814709;4.128272;1.672689;3.865502;3.464165;2.691069;3.506553;2.967964;4.814400;3.001823;4.509622;4.893717;4.792997;2.013448;2.976040;1.336989;3.569953;5.680447;4.929646;1.509293;5.128025;1.918779;5.022994;3.267661;4.033093;4.404809;5.605889;3.657565;2.760370;5.390251;2.709738;1.812523;3.119290;3.373332;3.887795;4.602589;1.866707;5.114336;1.360484;2.703569;1.694360;2.586159;4.134161;4.803133;3.457101;4.096787;3.191850;4.753171;5.127678;3.798409;4.288892;3.251185;2.112058;4.549323;2.152817;1.582586;1.578224;5.044995;1.859747;2.596549;4.165712;4.824414;1.500454;4.124477;2.763854;1.806549;4.316343;4.772046;4.889020;3.163687;4.752937;2.658303;3.611882;3.961194;1.624459;5.549732;6.040627;4.184927;3.867321;3.418352;3.018320;2.156176;2.546495;4.021311;3.442775;4.756957;3.884588;4.190032;2.646994;3.412525;2.619853;5.473290;3.620064;4.994580;6.188457;6.090446;9.308395;5.597411;4.557055;9.110654;5.197546;4.725556;4.883494;7.450111;6.490026;7.238879;7.142909;8.924273;8.866189;7.044836;5.361067;5.089906;8.938952;5.298678;4.433739;8.219505;7.098415;6.068434;6.082455;6.543142;7.259908;9.009021;7.273589;7.081775;5.209883;7.937521;7.395727;8.748998;3.692854;4.280841;7.056305;8.440784;5.883299;6.797548;7.151892;8.839727;8.163622;9.383464;7.079908;3.267442;7.512337;4.558737;8.043475;3.800554;7.424365;8.688224;7.498909;5.077347;6.002500;5.944895;9.263237;8.590348;7.023746;3.654060
1.060000;-7.823853;3.689172;3.493717;3.526927;2.984986;3.356732;1.854322;3.152762;4.114583;1.572925;5.328850;1.705760;3.272621;2.332931;3.693592;4.056098;2.621968;1.874309;2.941854;3.791619;5.345794;2.805287;3.813255;4.124693;1.667867;4.001487;3.459734;2.681799;3.501341;2.964164;4.814400;2.994446;4.506964;4.891502;4.791685;2.252420;2.971169;1.334845;3.563329;5.670761;4.925299;1.507904;5.126041;1.916293;5.016243;3.265607;4.032026;4.402595;5.599939;3.655782;2.756184;5.384227;2.707525;1.809850;3.114176;3.368551;4.003358;4.587470;1.863368;5.109564;1.352045;2.697332;1.689317;2.579360;4.130742;4.798230;3.454112;4.090323;3.190109;4.754099;5.123366;3.768893;4.280235;3.244888;2.108653;4.542310;2.148585;1.563984;1.576914;5.039281;1.856372;2.475823;4.164628;4.821636;1.498905;4.118125;2.760870;1.703407;4.311785;4.762422;4.884225;3.157732;4.751767;1.475836;3.609921;3.958209;1.621455;5.540697;6.032115;4.183718;3.860698;3.380201;3.014248;2.151844;2.543515;4.017630;3.437860;4.754659;3.883698;4.184230;2.646994;3.408468;2.616244;5.468875;3.611317;5.007713;6.185540;6.094148;9.305902;5.597009;4.555415;9.105633;5.191875;4.724029;4.885487;7.457295;6.502555;7.227842;7.064575;8.917006;8.859480;7.042427;5.359135;5.083001;8.931090;5.298676;4.225715;8.202145;7.098681;6.066141;6.069281;6.536358;7.244470;9.006169;7.273589;7.081251;5.208440;7.929855;7.390967;8.739475;3.678315;4.274427;7.053244;8.437151;5.880281;6.780998;7.149437;8.837996;8.148766;9.378357;7.074492;3.267441;7.605293;4.545744;8.042089;3.796544;7.415671;8.678535;7.490757;5.075625;5.990017;5.938308;9.254089;8.581386;7.023048;3.654062
1.060000;-6.582235;3.097348;3.501112;3.533175;2.990800;3.367641;1.819421;3.174655;4.118028;1.579439;5.333420;1.711187;3.282031;2.342839;3.656458;4.070343;2.611008;1.883818;2.946263;3.803745;5.352931;2.813983;3.815693;4.130841;1.676288;3.875941;3.467427;2.699081;3.510473;2.970707;4.814400;3.007787;4.511474;4.895246;4.793879;2.253280;2.979674;1.338466;3.575175;5.688964;4.932837;1.510231;5.129386;1.920509;5.028337;3.269072;4.033806;4.406337;5.610482;3.658781;2.763429;5.394912;2.711265;1.814393;3.123138;3.376890;3.941551;4.592098;1.869086;5.117882;1.356640;2.708430;1.698141;2.587627;4.136604;4.806801;3.459207;4.101853;3.193035;4.741584;5.130842;3.798409;4.296204;3.256097;2.114488;4.554922;2.155913;1.599442;1.579104;5.049379;1.862154;2.487749;4.166438;4.826363;1.501509;4.129447;2.765966;1.724984;4.313381;4.780469;4.892589;3.168279;4.753722;1.520067;3.613225;3.963299;1.626579;5.557477;6.047786;4.185738;3.872545;3.402823;3.021284;2.159358;2.548596;4.023961;3.446447;4.758544;3.885180;4.194490;2.646994;3.415475;2.622448;5.476539;3.627473;5.191761;6.190512;6.080805;9.310133;5.597674;4.558168;9.114412;5.201879;4.726592;4.886037;7.454850;6.486469;7.249081;7.061986;8.930118;8.871489;7.046506;5.360256;5.095407;8.945418;5.298676;4.326406;8.205171;7.100730;6.070020;6.095825;6.548520;7.277448;9.011022;7.273593;7.082119;5.210857;7.943775;7.399272;8.780015;3.738847;4.285862;7.058470;8.443403;5.885424;6.817601;7.153601;8.840907;8.179999;9.387300;7.084012;3.267442;7.485203;4.571795;8.044410;3.803473;7.431720;8.696713;7.505676;5.078520;6.014778;5.950075;9.271108;8.598005;7.024208;3.654060
1.060000;-6.563677;3.094854;3.491799;3.525351;2.983536;3.353666;1.842745;3.145113;4.113773;1.571271;5.327744;1.704420;3.270070;2.329932;3.616092;4.051794;2.621968;1.871719;2.940792;3.788117;5.343957;2.802962;3.812698;4.123147;1.665630;3.913711;3.457725;2.676251;3.498875;2.962502;4.814399;2.990489;4.505877;4.890618;4.791185;1.902452;2.968906;1.333991;3.559931;5.664803;4.923339;1.507372;5.125258;1.915283;5.012754;3.264791;4.031625;4.401708;5.596996;3.655084;2.754312;5.381237;2.706639;1.808751;3.111764;3.366340;3.846917;4.604525;1.861945;5.107359;1.352970;2.694196;1.686950;2.581049;4.129279;4.795936;3.452864;4.087034;3.189431;4.746051;5.121423;3.798409;4.275243;3.241715;2.107198;4.538630;2.146688;1.561821;1.576416;5.036493;1.854931;2.454044;4.164220;4.820488;1.498307;4.114910;2.759620;1.746194;4.433304;4.756543;4.882007;3.154791;4.751325;1.489358;3.609150;3.956961;1.620199;5.535365;6.027241;4.183260;3.857294;3.468921;3.012441;2.149885;2.542271;4.016030;3.435573;4.753736;3.883369;4.181395;2.646994;3.406670;2.614679;5.466874;3.606245;5.133259;6.184324;6.079918;9.304889;5.596865;4.554781;9.103280;5.189121;4.723439;4.887124;7.450226;6.489972;7.220507;7.055792;8.913136;8.856020;7.041451;5.369137;5.079397;8.926749;5.298676;4.653477;8.210516;7.098738;6.065214;6.059259;6.532842;7.230813;9.004989;7.273578;7.081060;5.207888;7.925676;7.388767;8.769334;3.686174;4.271173;7.051960;8.435573;5.879020;6.765131;7.148436;8.837321;8.136127;9.375946;7.071900;3.267442;7.484228;4.535995;8.041557;3.794766;7.410642;8.672596;7.486186;5.074955;5.980930;5.934939;9.248654;8.576118;7.022792;3.654061
1.060000;-5.603264;2.895326;3.486627;3.520993;2.979484;3.345935;1.839940;3.128575;4.111383;1.566725;5.324567;1.700641;3.263436;2.398132;3.690627;4.041526;2.328035;1.865015;2.937729;3.779467;5.338969;2.796850;3.811008;4.118858;1.659719;3.915770;3.452339;2.663575;3.492437;2.957934;4.814400;2.980916;4.502745;4.888020;4.789663;2.037603;2.962932;1.331478;3.551492;5.651373;4.918061;1.505760;5.122939;1.912355;5.004129;3.262386;4.030390;4.399110;5.589528;3.653005;2.749243;5.373666;2.704044;1.805593;3.105459;3.360484;3.901622;4.577989;1.857963;5.101520;1.353820;2.686319;1.680744;2.590321;4.125193;4.789913;3.449319;4.078835;3.187401;4.742031;5.116192;3.703186;4.263622;3.233755;2.103133;4.529613;2.141558;1.609985;1.574898;5.029358;1.850905;2.506083;4.162966;4.817200;1.496502;4.106868;2.756076;1.733565;4.326332;4.743244;4.876135;3.147321;4.749969;1.477206;3.606858;3.953423;1.616631;5.523096;6.015856;4.181860;3.848857;3.382597;3.007521;2.144622;2.538737;4.011614;3.429538;4.751039;3.882343;4.174134;2.646994;3.401769;2.610351;5.461506;3.594471;4.996784;6.180867;6.086964;9.301948;5.596405;4.552873;9.097105;5.182056;4.721663;4.883609;7.459216;6.483570;7.204525;7.110043;8.903739;8.847457;7.038619;5.360856;5.070532;8.916404;5.298677;4.210982;8.204079;7.110297;6.062521;6.038550;6.524167;7.203842;9.001614;7.273597;7.080459;5.206213;7.915653;7.382935;8.737082;3.714515;4.263044;7.048322;8.431207;5.875442;6.734402;7.145541;8.835303;8.110914;9.369655;7.065187;3.267441;7.484424;4.515735;8.039946;3.789920;7.398953;8.659179;7.475392;5.072948;5.961850;5.926558;9.236188;8.563974;7.021989;3.654061
1.060000;-4.464740;2.940888;3.501030;3.533149;2.990791;3.367299;1.845256;3.172875;4.118076;1.579399;5.333447;1.711191;3.281812;2.361070;3.640660;4.069654;2.621968;1.883593;2.946297;3.803289;5.352861;2.813821;3.815744;4.130818;1.676141;3.899040;3.467330;2.698003;3.510278;2.970668;4.814399;3.007203;4.511504;4.895290;4.793930;2.034261;2.979522;1.338512;3.574746;5.687756;4.932745;1.510282;5.129434;1.920546;5.027883;3.269120;4.033851;4.406382;5.610175;3.658833;2.763355;5.394591;2.711309;1.814423;3.122958;3.376749;3.829738;4.645865;1.869081;5.117743;1.355685;2.708071;1.697968;2.587267;4.136594;4.806649;3.459222;4.101456;3.193087;4.750005;5.130754;3.798409;4.295304;3.255729;2.114479;4.554415;2.155833;1.677430;1.579154;5.049107;1.862145;2.441525;4.166483;4.826388;1.501560;4.129067;2.765978;1.687441;4.317089;4.779283;4.892447;3.167970;4.753770;1.468526;3.613275;3.963314;1.626594;5.556463;6.046922;4.185784;3.872115;3.471939;3.021220;2.159272;2.548613;4.023930;3.446291;4.758588;3.885221;4.194204;2.646994;3.415416;2.622424;5.476442;3.626548;5.020652;6.190531;6.101948;9.310167;5.597697;4.558220;9.114243;5.201614;4.726642;4.881928;7.450062;6.483853;7.247414;7.107931;8.929563;8.871045;7.046546;5.376749;5.094924;8.944730;5.298676;4.221252;8.195403;7.102737;6.070062;6.093247;6.548059;7.273671;9.011046;7.273589;7.082146;5.210907;7.943128;7.399137;8.747865;3.679344;4.285473;7.058482;8.443372;5.885440;6.813122;7.153639;8.840957;8.176557;9.387120;7.083789;3.267442;7.667530;4.569314;8.044459;3.803415;7.430806;8.695504;7.504907;5.078570;6.012518;5.949653;9.270067;8.597018;7.024242;3.654062
1.060000;-3.861519;3.088054;3.496425;3.529269;2.987186;3.360425;1.819495;3.158282;4.115948;1.575355;5.330622;1.707829;3.275921;2.338845;3.614582;4.060544;2.428127;1.877633;2.943570;3.795607;5.348424;2.808383;3.814239;4.127002;1.670881;4.040954;3.462536;2.686778;3.504559;2.966602;4.814400;2.998705;4.508716;4.892978;4.792574;1.957387;2.974208;1.336275;3.567251;5.675870;4.928051;1.508846;5.127368;1.917939;5.020222;3.266978;4.032754;4.404069;5.603537;3.656980;2.758843;5.387863;2.708998;1.811612;3.117345;3.371540;3.828401;4.596696;1.865535;5.112549;1.355636;2.701072;1.692447;2.647597;4.132957;4.801289;3.456069;4.094172;3.191280;4.742228;5.126098;3.798409;4.285002;3.248657;2.110860;4.546409;2.151269;1.554868;1.577802;5.042763;1.858560;2.496624;4.165367;4.823464;1.499954;4.121920;2.762825;1.686187;4.432297;4.767515;4.887223;3.161333;4.752563;1.475836;3.611235;3.960163;1.623420;5.545599;6.036831;4.184540;3.864620;3.381043;3.016843;2.154587;2.545466;4.020000;3.440923;4.756186;3.884307;4.187751;2.646994;3.411060;2.618570;5.471666;3.616115;4.961381;6.187454;6.085125;9.307554;5.597286;4.556521;9.108751;5.195337;4.725060;4.883908;7.463220;6.494872;7.233305;7.045101;8.921217;8.863441;7.044024;5.358490;5.087054;8.935550;5.298677;4.299181;8.236328;7.107178;6.067662;6.075028;6.540354;7.250071;9.008039;7.273582;7.081612;5.209416;7.934236;7.393949;8.733649;3.704497;4.278250;7.055244;8.439495;5.882252;6.786310;7.151064;8.839161;8.154451;9.381520;7.077826;3.267441;7.500014;4.551492;8.043026;3.799105;7.420451;8.683651;7.495337;5.076784;5.995714;5.942213;9.259031;8.586260;7.023528;3.654061
1.060000;-4.168516;3.003375;3.498332;3.530826;2.988615;3.363546;1.821220;3.166479;4.116730;1.576993;5.331699;1.709146;3.278498;2.332597;3.626011;4.065000;2.387607;1.880250;2.944604;3.799195;5.350253;2.810718;3.814774;4.128530;1.673125;4.088601;3.464534;2.692608;3.507044;2.968248;4.814400;3.002784;4.509778;4.893836;4.793052;1.903135;2.976480;1.337101;3.570730;5.682148;4.930006;1.509354;5.128126;1.918922;5.023798;3.267767;4.033134;4.404928;5.606525;3.657651;2.760708;5.390901;2.709856;1.812682;3.119772;3.373757;3.837258;4.636987;1.866936;5.114757;1.349303;2.704263;1.694827;2.641349;4.134401;4.803577;3.457291;4.097527;3.191932;4.747985;5.128033;3.798409;4.290221;3.251891;2.112296;4.550189;2.153157;1.558913;1.578278;5.045588;1.859981;2.515109;4.165754;4.824586;1.500527;4.125195;2.764047;1.698186;4.311827;4.773711;4.889447;3.164321;4.752985;1.475837;3.611981;3.961384;1.624649;5.551190;6.041910;4.184976;3.868100;3.371932;3.018640;2.156537;2.546685;4.021581;3.443222;4.757082;3.884621;4.190637;2.646994;3.412845;2.620118;5.473659;3.621417;4.994168;6.188644;6.080156;9.308539;5.597424;4.557132;9.111116;5.198124;4.725627;4.884173;7.600988;6.594298;7.241150;7.053980;8.925198;8.866983;7.044971;5.358667;5.090753;8.940045;5.298677;4.302132;8.206969;7.129025;6.068558;6.085973;6.543956;7.265369;9.009196;7.273593;7.081791;5.209945;7.938558;7.396154;8.738030;3.678288;4.281570;7.056504;8.441052;5.883492;6.804323;7.152037;8.839809;8.168511;9.383940;7.080439;3.267442;7.578723;4.562125;8.043533;3.800870;7.425705;8.689901;7.500078;5.077429;6.005569;5.945660;9.264731;8.591777;7.023769;3.654061
1.060000;-5.850332;2.922316;3.503510;3.535264;2.992768;3.370890;1.854066;3.180046;4.119275;1.581601;5.335022;1.713042;3.284929;2.329569;3.631834;4.074300;2.621968;1.886743;2.947815;3.807265;5.355260;2.816715;3.816601;4.132902;1.678947;3.909266;3.469903;2.703628;3.513313;2.972878;4.814400;3.011565;4.513056;4.896589;4.794705;1.925458;2.982356;1.339769;3.578634;5.693684;4.935273;1.511103;5.130599;1.922001;5.031846;3.270326;4.034484;4.407680;5.613650;3.659882;2.765790;5.398113;2.712605;1.815985;3.125933;3.379532;3.841362;4.858571;1.871025;5.120519;1.391325;2.711723;1.700905;2.591278;4.138585;4.809500;3.460968;4.105247;3.194111;4.761105;5.133262;3.786382;4.300502;3.259414;2.116462;4.558545;2.158297;1.547117;1.579926;5.052442;1.864111;2.448893;4.167126;4.828012;1.502474;4.132783;2.767725;1.686214;4.407465;4.785160;4.895236;3.171449;4.754463;1.475837;3.614425;3.965056;1.628347;5.561921;6.052022;4.186499;3.876003;3.416366;3.023587;2.161790;2.550350;4.026072;3.449149;4.759934;3.885747;4.197592;2.646994;3.417776;2.624526;5.479006;3.631809;5.196958;6.192235;6.079861;9.311627;5.597937;4.559184;9.117166;5.204924;4.727545;4.894551;7.466483;6.501840;7.254365;7.047550;8.933850;8.874986;7.047955;5.362204;5.098989;8.949409;5.298677;4.211123;8.194567;7.122504;6.071407;6.102092;6.552048;7.285040;9.012712;7.273585;7.082458;5.211758;7.947676;7.401908;8.749634;3.679240;4.289230;7.060267;8.445497;5.887198;6.826051;7.155077;8.841977;8.187204;9.390097;7.086943;3.267441;7.667861;4.577966;8.045280;3.805750;7.436035;8.701436;7.509768;5.079584;6.020709;5.953518;9.275605;8.602430;7.024658;3.654060
1.060000;-5.173283;2.875059;3.495981;3.528841;2.986769;3.360047;1.828357;3.159079;4.115640;1.574923;5.330253;1.707425;3.275496;2.329611;3.628066;4.060370;2.434642;1.877209;2.943206;3.795287;5.347980;2.807945;3.814002;4.126578;1.670439;3.939222;3.462094;2.686912;3.504124;2.966169;4.814399;2.998463;4.508348;4.892653;4.792357;1.949837;2.973769;1.335956;3.566916;5.676124;4.927606;1.508617;5.127068;1.917588;5.019903;3.266670;4.032570;4.403743;5.603141;3.656702;2.758404;5.387474;2.708671;1.811243;3.116913;3.371099;3.964967;4.939844;1.865124;5.112107;1.349369;2.700699;1.692011;2.608582;4.132540;4.800841;3.455676;4.093819;3.191007;4.743715;5.125655;3.776358;4.284994;3.248288;2.110443;4.546117;2.150827;1.763021;1.577585;5.042353;1.858146;2.744486;4.165183;4.823087;1.499704;4.121557;2.762434;1.708009;4.313089;4.767742;4.886781;3.160937;4.752366;1.620765;3.610936;3.959772;1.623028;5.545674;6.036787;4.184335;3.864285;3.372089;3.016406;2.154143;2.545074;4.019570;3.440483;4.755852;3.884152;4.187350;2.646994;3.410614;2.618146;5.471220;3.616124;5.046643;6.187066;6.081006;9.307199;5.597212;4.556260;9.108314;5.194921;4.724813;4.900372;7.498006;6.562946;7.233991;7.045103;8.920956;8.863110;7.043679;5.365620;5.086746;8.935382;5.298676;4.321725;8.202260;7.111789;6.067329;6.076711;6.540034;7.253277;9.007661;7.273585;7.081517;5.209181;7.934033;7.393507;8.764355;3.679730;4.277893;7.054847;8.439065;5.881859;6.790504;7.150715;8.838888;8.157215;9.381086;7.077398;3.267441;7.492019;4.553061;8.042800;3.798665;7.420445;8.683888;7.495218;5.076512;5.997027;5.941872;9.259129;8.586320;7.023404;3.654061
1.220000;-5.008836;2.880014;3.499727;3.531980;2.989680;3.365749;1.862299;3.171954;4.117336;1.578199;5.332520;1.710133;3.280338;2.328542;3.614814;4.068072;2.364033;1.882111;2.945391;3.801704;5.351589;2.812396;3.815195;4.129662;1.674743;3.989277;3.465992;2.696564;3.508821;2.969462;4.814399;3.005611;4.510584;4.894496;4.793430;1.964397;2.978117;1.337741;3.573167;5.686387;4.931431;1.509754;5.128713;1.919672;5.026296;3.268375;4.033440;4.405589;5.608636;3.658174;2.762070;5.393049;2.710515;1.813497;3.121512;3.375359;4.015338;4.687198;1.867981;5.116355;1.377443;2.706510;1.696538;2.584852;4.135475;4.805230;3.458212;4.099884;3.192443;4.743851;5.129444;3.798409;4.293783;3.254167;2.113364;4.552823;2.154539;1.568423;1.578655;5.047592;1.861037;2.462649;4.166064;4.825432;1.500978;4.127495;2.764969;1.686033;4.315071;4.777907;4.891055;3.166435;4.753320;2.236010;3.612560;3.962304;1.625578;5.554985;6.045386;4.185322;3.870535;3.384183;3.019958;2.157956;2.547603;4.022750;3.444876;4.757771;3.884872;4.192683;2.646994;3.414155;2.621258;5.475112;3.625041;5.399775;6.189539;6.080104;9.309295;5.597535;4.557610;9.112821;5.200109;4.726069;4.883544;7.482743;6.564994;7.246401;7.236659;8.927967;8.869459;7.045695;5.360375;5.093335;8.943151;5.298679;4.268074;8.196553;7.114585;6.069245;6.093210;6.546474;7.275412;9.010074;7.273582;7.081937;5.210363;7.941542;7.397751;8.735143;3.728949;4.283905;7.057452;8.442208;5.884423;6.816154;7.152775;8.840316;8.177748;9.385683;7.082313;3.267442;7.491858;4.569173;8.043935;3.802166;7.429293;8.694143;7.503345;5.077933;6.012104;5.948079;9.268613;8.595537;7.023967;3.654060
1.220000;-6.781075;3.166213;3.504336;3.535958;2.993412;3.372102;1.827408;3.182290;4.119653;1.582326;5.335526;1.713644;3.285980;2.363667;3.674778;4.075863;2.375232;1.887804;2.948301;3.808607;5.356056;2.817686;3.816867;4.133584;1.679886;3.885812;3.470762;2.705485;3.514328;2.973605;4.814399;3.013033;4.513553;4.896998;4.794943;1.905091;2.983303;1.340166;3.579947;5.695628;4.936113;1.511354;5.130965;1.922464;5.033187;3.270704;4.034677;4.408090;5.614823;3.660208;2.766596;5.399301;2.713017;1.816487;3.126931;3.380461;3.987550;4.686332;1.871659;5.121446;1.384326;2.712956;1.701888;2.579400;4.139235;4.810453;3.461531;4.106521;3.194431;4.795603;5.134094;3.798409;4.302236;3.260660;2.117109;4.559938;2.159110;1.803057;1.580164;5.053567;1.864754;2.461277;4.167320;4.828535;1.502756;4.134046;2.768287;1.763207;4.311949;4.787085;4.896169;3.172623;4.754674;1.718196;3.614785;3.965618;1.628912;5.563731;6.053727;4.186717;3.877317;3.375726;3.024372;2.162629;2.550912;4.026776;3.450106;4.760361;3.885907;4.198729;2.646994;3.418559;2.625214;5.479861;3.633559;4.967471;6.192782;6.102373;9.312091;5.598007;4.559484;9.118146;5.206035;4.727824;4.884803;7.451809;6.554023;7.256553;7.074407;8.935289;8.876309;7.048405;5.358666;5.100360;8.950977;5.298677;4.329947;8.195718;7.213752;6.071830;6.104626;6.553394;7.287786;9.013245;7.273589;7.082552;5.212019;7.949201;7.402832;8.735892;3.703428;4.290500;7.060845;8.446189;5.887767;6.828791;7.155539;8.842295;8.189922;9.391090;7.088004;3.267442;7.484262;4.580474;8.045533;3.806520;7.437772;8.703368;7.511397;5.079899;6.023145;5.954818;9.277438;8.604223;7.024782;3.654060
1.220000;-5.336223;2.876781;3.498032;3.530583;2.988391;3.363055;1.841518;3.165319;4.116611;1.576731;5.331533;1.708942;3.278089;2.355031;3.616565;4.064314;2.621968;1.879836;2.944445;3.798635;5.349960;2.810348;3.814695;4.128291;1.672768;3.869785;3.464224;2.691736;3.506648;2.967990;4.814399;3.002151;4.509614;4.893706;4.792981;1.916408;2.976121;1.336976;3.570186;5.681215;4.929698;1.509278;5.128010;1.918772;5.023238;3.267647;4.033078;4.404797;5.606053;3.657550;2.760413;5.390424;2.709724;1.812518;3.119386;3.373408;3.921488;4.724900;1.866717;5.114409;1.376786;2.703762;1.694451;2.610294;4.134174;4.803215;3.457102;4.096998;3.191835;4.743468;5.127728;3.798409;4.289429;3.251380;2.112071;4.549602;2.152858;1.597493;1.578208;5.045140;1.859758;2.441514;4.165698;4.824411;1.500441;4.124684;2.763858;1.687270;4.478004;4.772794;4.889097;3.163850;4.752923;1.671458;3.611868;3.961195;1.624460;5.550345;6.041139;4.184911;3.867556;3.373041;3.018357;2.156229;2.546495;4.021332;3.442859;4.756946;3.884575;4.190184;2.646994;3.412563;2.619873;5.473344;3.620621;6.065472;6.188459;6.105908;9.308389;5.597403;4.557040;9.110740;5.197685;4.725543;4.882133;7.467936;6.491442;7.240034;7.095789;8.924582;8.866427;7.044824;5.404700;5.090174;8.939359;5.298677;4.375986;8.226609;7.103549;6.068423;6.084525;6.543395;7.263539;9.009017;7.273593;7.081767;5.209867;7.937889;7.395807;8.811718;3.708051;4.281050;7.056310;8.440809;5.883301;6.802309;7.151885;8.839711;8.166777;9.383563;7.080027;3.267442;7.530597;4.560704;8.043459;3.800590;7.424911;8.688980;7.499358;5.077332;6.004232;5.945123;9.263879;8.590949;7.023735;3.654061
1.220000;-6.065169;2.962779;3.494928;3.528064;2.986085;3.357949;1.819584;3.152197;4.115372;1.574082;5.329807;1.706821;3.273877;2.328246;3.663813;4.057038;2.621968;1.875564;2.942791;3.792765;5.346993;2.806535;3.813857;4.125821;1.669113;3.872274;3.460959;2.682275;3.502594;2.965324;4.814400;2.995484;4.507915;4.892340;4.792236;1.962603;2.972419;1.335663;3.564496;5.671052;4.926519;1.508482;5.126813;1.917203;5.017393;3.266398;4.032487;4.403433;5.601168;3.656492;2.757391;5.385453;2.708361;1.810804;3.115427;3.369797;3.827652;4.673794;1.864459;5.110809;1.361328;2.698540;1.690568;2.580648;4.131845;4.799475;3.455135;4.091507;3.190805;4.742234;5.124580;3.763896;4.280939;3.246092;2.109756;4.543418;2.149794;1.529702;1.577464;5.040523;1.857468;2.464864;4.165095;4.822613;1.499538;4.119315;2.761893;1.686048;4.330011;4.762752;4.885472;3.158963;4.752266;1.849764;3.610687;3.959232;1.622480;5.541261;6.032861;4.184231;3.861864;3.478861;3.015440;2.153059;2.544537;4.018774;3.439108;4.755520;3.884091;4.185474;2.646994;3.409656;2.617378;5.470099;3.611991;4.960992;6.186550;6.085931;9.306813;5.597195;4.556080;9.106887;5.193124;4.724655;4.883044;7.450024;6.507124;7.227448;7.119193;8.918076;8.860635;7.043316;5.360126;5.084128;8.932020;5.298678;4.260488;8.237535;7.118892;6.066998;6.067317;6.537501;7.240104;9.007167;7.273578;7.081490;5.209038;7.930837;7.392209;8.748122;3.702870;4.275619;7.054282;8.438287;5.881312;6.775130;7.150338;8.838689;8.145096;9.379613;7.075749;3.267441;7.516469;4.543948;8.042666;3.797733;7.416361;8.678842;7.491616;5.076316;5.988627;5.939478;9.254616;8.581979;7.023362;3.654062
1.220000;-4.931930;2.882673;3.486116;3.520607;2.979139;3.344970;1.820288;3.125599;4.111236;1.566312;5.324334;1.700336;3.262684;2.332635;3.686829;4.040036;2.621968;1.864247;2.937509;3.778323;5.338490;2.796182;3.810922;4.118486;1.659089;3.871070;3.451793;2.661536;3.491722;2.957519;4.814400;2.979576;4.502518;4.887851;4.789587;2.108218;2.962293;1.331318;3.550390;5.649150;4.917538;1.505677;5.122797;1.912150;5.002991;3.262238;4.030337;4.398942;5.588619;3.652886;2.748751;5.372736;2.703875;1.805363;3.104761;3.359866;4.022799;4.658908;1.857628;5.100904;1.349316;2.685328;1.680065;2.581984;4.124846;4.789265;3.449041;4.077777;3.187287;4.742305;5.115675;3.764087;4.261831;3.232749;2.102787;4.528392;2.141060;1.567237;1.574825;5.028509;1.850565;2.455882;4.162911;4.816957;1.496406;4.105845;2.755802;1.699387;4.322255;4.741057;4.875514;3.146410;4.749907;2.114727;3.606719;3.953146;1.616353;5.521159;6.014115;4.181794;3.847755;3.425354;3.007055;2.144100;2.538461;4.011219;3.428892;4.750860;3.882302;4.173266;2.646994;3.401305;2.609971;5.460969;3.592642;5.028383;6.180600;6.080408;9.301745;5.596390;4.552768;9.096434;5.181222;4.721570;4.892531;7.462174;6.487290;7.201687;7.050936;8.902446;8.846333;7.038426;5.359762;5.069345;8.914903;5.298678;4.328799;8.216397;7.170289;6.062345;6.034512;6.523016;7.198163;9.001359;7.273582;7.080439;5.206127;7.914221;7.382321;8.762185;3.678288;4.262003;7.048033;8.430821;5.875160;6.727735;7.145344;8.835189;8.105694;9.368960;7.064421;3.267440;7.549998;4.511814;8.039865;3.789465;7.397145;8.656975;7.473792;5.072834;5.958227;5.925470;9.234197;8.562060;7.021959;3.654061
1.220000;-4.766536;2.895295;3.480122;3.515494;2.974364;3.336346;1.845542;3.109145;4.108340;1.560993;5.320535;1.695862;3.255175;2.371578;3.764627;4.028986;2.610071;1.856663;2.933840;3.768806;5.332692;2.789199;3.808850;4.113449;1.652316;4.128047;3.445573;2.648323;3.484412;2.952177;4.814399;2.969176;4.498769;4.884714;4.787718;1.902492;2.955458;1.328282;3.541078;5.635281;4.911432;1.503697;5.119984;1.908634;4.993499;3.259325;4.028811;4.395806;5.580262;3.650351;2.742870;5.364276;2.700741;1.801586;3.097581;3.353154;4.217861;4.635388;1.852927;5.094208;1.363637;2.676564;1.672988;2.584386;4.120031;4.782368;3.444828;4.068695;3.184813;4.748867;5.109618;3.798409;4.249547;3.223903;2.097995;4.518523;2.135112;2.383041;1.572959;5.020481;1.845814;2.476604;4.161363;4.813033;1.494199;4.096920;2.751590;2.291632;4.317965;4.727301;4.868784;3.138052;4.748239;1.539433;3.603939;3.948937;1.612114;5.508300;6.002050;4.180070;3.838440;3.386565;3.001332;2.138012;2.534260;4.006041;3.421996;4.747608;3.881029;4.165119;2.646994;3.395602;2.604889;5.454769;3.580229;5.424185;6.176483;6.079865;9.298220;5.595814;4.550439;9.089391;5.173268;4.719395;4.900539;7.453424;6.486782;7.185691;7.140862;8.892213;8.836902;7.035018;5.361010;5.059622;8.903782;5.298678;4.224338;8.199227;7.156325;6.059097;6.014818;6.513473;7.174003;8.997337;7.273585;7.079689;5.204075;7.903398;7.375628;8.839798;3.684080;4.252991;7.043719;8.425702;5.870907;6.701058;7.141865;8.832728;8.082748;9.361791;7.056824;3.267442;7.496366;4.492467;8.037891;3.783826;7.384804;8.643118;7.462257;5.070387;5.939774;5.916217;9.221169;8.549315;7.020957;3.654061
1.220000;-5.038427;2.878098;3.496927;3.529681;2.987566;3.361251;1.849051;3.160585;4.116161;1.575788;5.330910;1.708180;3.276603;2.406932;3.696149;4.061742;2.434414;1.878323;2.943847;3.796562;5.348906;2.808998;3.814386;4.127407;1.671473;3.864862;3.463060;2.688373;3.505217;2.967038;4.814400;2.999792;4.509001;4.893210;4.792707;1.942510;2.974807;1.336499;3.568176;5.677600;4.928567;1.508986;5.127575;1.918204;5.021171;3.267192;4.032858;4.404302;5.604326;3.657163;2.759337;5.388666;2.709230;1.811899;3.117986;3.372123;4.118474;4.722521;1.865908;5.113131;1.379279;2.701915;1.693075;2.628772;4.133340;4.801885;3.456394;4.095060;3.191458;4.741821;5.126608;3.765867;4.286420;3.249512;2.111241;4.547417;2.151770;1.568156;1.577934;5.043508;1.858937;2.450470;4.165475;4.823764;1.500109;4.122788;2.763152;1.686459;4.313152;4.769217;4.887809;3.162122;4.752681;1.525177;3.611435;3.960488;1.623750;5.547128;6.038206;4.184661;3.865543;3.379326;3.017318;2.155102;2.545791;4.020418;3.441530;4.756429;3.884396;4.188519;2.646994;3.411531;2.618981;5.472191;3.617555;4.998668;6.187772;6.099936;9.307817;5.597326;4.556688;9.109373;5.196069;4.725217;4.907993;7.450148;6.518932;7.235501;7.071395;8.922280;8.864382;7.044278;5.370471;5.088036;8.936757;5.298676;4.694240;8.194667;7.119067;6.067904;6.078178;6.541312;7.254546;9.008348;7.273589;7.081661;5.209562;7.935393;7.394526;8.801980;3.678587;4.279130;7.055581;8.439910;5.882584;6.791587;7.151326;8.839338;8.158557;9.382159;7.078512;3.267442;7.485597;4.554538;8.043168;3.799572;7.421875;8.685366;7.496614;5.076960;5.998521;5.943129;9.260586;8.587764;7.023595;3.654061
1.220000;-3.802903;3.106495;3.495755;3.528681;2.986631;3.359553;1.821577;3.157178;4.115595;1.574747;5.330169;1.707306;3.275122;2.384346;3.621609;4.059543;2.619480;1.876833;2.943131;3.794681;5.347770;2.807625;3.813982;4.126422;1.670144;3.959032;3.461842;2.685706;3.503780;2.965993;4.814399;2.997729;4.508268;4.892597;4.792342;1.955193;2.973467;1.335905;3.566337;5.674784;4.927372;1.508599;5.127024;1.917517;5.019298;3.266623;4.032563;4.403689;5.602680;3.656668;2.758185;5.387001;2.708619;1.811161;3.116576;3.370811;3.862405;5.179779;1.864989;5.111820;1.353191;2.700189;1.691688;2.641629;4.132398;4.800537;3.455573;4.093268;3.190974;4.765165;5.125422;3.798409;4.283958;3.247769;2.110305;4.545464;2.150605;1.549586;1.577570;5.041930;1.858009;2.682970;4.165173;4.822997;1.499680;4.121027;2.762329;1.693022;4.556740;4.766433;4.886491;3.160477;4.752354;1.475836;3.610895;3.959667;1.622921;5.544535;6.035791;4.184323;3.863707;3.372330;3.016199;2.153908;2.544971;4.019405;3.440178;4.755794;3.884147;4.186914;2.646994;3.410409;2.617988;5.470975;3.615066;5.332354;6.186966;6.083526;9.307131;5.597213;4.556233;9.107992;5.194507;4.724792;4.896235;7.454505;6.489759;7.232202;7.191068;8.920251;8.862514;7.043613;5.358375;5.086115;8.934549;5.298678;5.221839;8.200539;7.255552;6.067271;6.073962;6.539425;7.249090;9.007562;7.273585;7.081515;5.209162;7.933241;7.393219;8.759459;3.679419;4.277354;7.054738;8.438907;5.881754;6.785371;7.150647;8.838858;8.153447;9.380755;7.077022;3.267442;7.531260;4.550410;8.042782;3.798467;7.419400;8.682557;7.494314;5.076483;5.994624;5.941303;9.257962;8.585202;7.023400;3.654062
1.220000;-5.291981;2.875958;3.493730;3.526986;2.985059;3.356483;1.853783;3.150492;4.114681;1.572976;5.328945;1.705843;3.272505;2.328253;3.615088;4.055424;2.621968;1.874186;2.941951;3.791234;5.345821;2.805219;3.813339;4.124755;1.667820;3.864485;3.459730;2.680601;3.501243;2.964213;4.814400;2.993902;4.507063;4.891602;4.791764;1.902465;2.971117;1.334944;3.562977;5.669362;4.925304;1.507987;5.126138;1.916391;5.015861;3.265704;4.032095;4.402694;5.599721;3.655875;2.756202;5.383997;2.707624;1.809945;3.114094;3.368509;3.884829;4.863742;1.863444;5.109525;1.364383;2.697058;1.689242;2.580653;4.130813;4.798164;3.454201;4.090007;3.190203;4.757699;5.123374;3.798409;4.279284;3.244606;2.108727;4.541865;2.148598;1.530200;1.576994;5.039104;1.856446;2.451786;4.164699;4.821730;1.498992;4.117830;2.760959;1.686043;4.330295;4.761068;4.884183;3.157516;4.751841;1.769356;3.610018;3.958298;1.621542;5.539597;6.031213;4.183794;3.860346;3.371805;3.014277;2.151846;2.543604;4.017687;3.437805;4.754758;3.883760;4.184043;2.646994;3.408495;2.616303;5.468874;3.610329;5.255295;6.185632;6.106398;9.305999;5.597040;4.555507;9.105563;5.191711;4.724116;4.887912;7.491655;6.713866;7.225741;7.059108;8.916502;8.859109;7.042525;5.358372;5.082583;8.930399;5.298678;4.692465;8.251258;7.098439;6.066237;6.065598;6.535968;7.238281;9.006263;7.273582;7.081290;5.208525;7.929229;7.390926;8.734392;3.693849;4.274120;7.053330;8.437207;5.880369;6.773145;7.149533;8.838089;8.143313;9.378268;7.074365;3.267442;7.484724;4.542222;8.042170;3.796577;7.414703;8.677155;7.489981;5.075716;5.986914;5.937964;9.252943;8.580314;7.023098;3.654061
1.220000;-4.937849;2.881582;3.478026;3.513753;2.972758;3.333072;1.835034;3.101427;4.107425;1.559168;5.319299;1.694369;3.252418;2.328290;3.663145;4.024492;2.621968;1.853870;2.932649;3.765100;5.330673;2.786678;3.808214;4.111741;1.649891;3.949690;3.443382;2.642620;3.481747;2.950346;4.814400;2.965020;4.497548;4.883717;4.787148;2.024062;2.953001;1.327316;3.537474;5.629192;4.909287;1.503093;5.119097;1.907500;4.989805;3.258405;4.028354;4.394807;5.577118;3.649561;2.740819;5.361083;2.699743;1.800357;3.094976;3.350752;3.826166;4.609348;1.851351;5.091813;1.362538;2.673225;1.670427;2.613137;4.118408;4.779891;3.443435;4.065206;3.184044;4.754196;5.107495;3.798409;4.244375;3.220526;2.096381;4.514640;2.133034;2.094949;1.572390;5.017492;1.844216;2.595259;4.160896;4.811748;1.493517;4.093500;2.750198;1.734395;4.319148;4.721279;4.866374;3.134905;4.747731;1.792097;3.603064;3.947547;1.610715;5.502801;5.996997;4.179547;3.834836;3.385609;2.999348;2.135872;2.532873;4.004276;3.419512;4.746569;3.880651;4.162074;2.646994;3.393625;2.603164;5.452584;3.574985;6.030973;6.175128;6.096581;9.297079;5.595646;4.549716;9.086841;5.170310;4.718723;4.886300;7.453056;6.490350;7.178268;7.045180;8.888149;8.833237;7.033923;5.361919;5.055817;8.899250;5.298676;4.239458;8.217225;7.106472;6.058057;6.004845;6.509754;7.160549;8.996015;7.273585;7.079468;5.203445;7.899021;7.373236;8.733391;3.684894;4.249534;7.042286;8.423965;5.869502;6.685468;7.140745;8.831964;8.070276;9.359187;7.054031;3.267442;7.516953;4.482739;8.037286;3.781876;7.379601;8.637041;7.457503;5.069626;5.930691;5.912640;9.215573;8.543883;7.020662;3.654061
1.220000;-3.849977;3.087867;3.484499;3.519226;2.977852;3.342672;1.821448;3.121912;4.110459;1.564874;5.323312;1.699127;3.260667;2.338732;3.618399;4.037187;2.621968;1.862211;2.936522;3.775814;5.336920;2.794301;3.810369;4.117123;1.657263;3.950758;3.450113;2.658275;3.489756;2.956076;4.814400;2.976862;4.501506;4.887008;4.789091;1.902475;2.960452;1.330503;3.547928;5.645780;4.915887;1.505152;5.122043;1.911205;5.000486;3.261456;4.029933;4.398100;5.586389;3.652207;2.747162;5.370482;2.703033;1.804346;3.102833;3.358057;3.833399;4.624129;1.856360;5.099099;1.350160;2.682998;1.678159;2.604176;4.123545;4.787398;3.447905;4.075373;3.186627;4.744683;5.114039;3.749470;4.258729;3.230400;2.101493;4.525803;2.139450;1.707091;1.574329;5.026357;1.849282;2.538493;4.162500;4.815897;1.495817;4.103473;2.754667;1.929540;4.395193;4.737708;4.873701;3.144181;4.749464;1.622488;3.605974;3.952011;1.615212;5.517951;6.011061;4.181337;3.845291;3.374361;3.005507;2.142456;2.537329;4.009821;3.427034;4.749987;3.881965;4.171080;2.646994;3.399761;2.608599;5.459294;3.589525;5.278101;6.179491;6.086423;9.300794;5.596238;4.552147;9.094540;5.179095;4.720990;4.881922;7.473354;6.491048;7.198055;7.252615;8.899777;8.843849;7.037510;5.359383;5.066789;8.912045;5.298678;4.398409;8.243405;7.114025;6.061472;6.030691;6.520500;7.194671;9.000274;7.273593;7.080242;5.205581;7.911421;7.380518;8.752230;3.710145;4.259614;7.046872;8.429446;5.874016;6.724723;7.144411;8.834533;8.102055;9.367034;7.062385;3.267442;7.495885;4.507998;8.039342;3.787943;7.394040;8.653621;7.470845;5.072181;5.954429;5.923026;9.230971;8.558883;7.021695;3.654063
1.220000;-4.925762;2.884951;3.504193;3.535824;2.993282;3.371963;1.856405;3.182402;4.119557;1.582189;5.335410;1.713518;3.285835;2.330279;3.616394;4.075764;2.576201;1.887663;2.948188;3.808480;5.355913;2.817540;3.816794;4.133449;1.679739;3.902774;3.470616;2.705448;3.514183;2.973468;4.814400;3.012923;4.513440;4.896899;4.794876;1.906153;2.983158;1.340067;3.579816;5.695616;4.935970;1.511284;5.130872;1.922355;5.033058;3.270609;4.034620;4.407990;5.614684;3.660122;2.766456;5.399161;2.712915;1.816372;3.126784;3.380316;3.958606;4.642716;1.871529;5.121299;1.359963;2.712818;1.701742;2.580422;4.139105;4.810312;3.461406;4.106388;3.194346;4.776312;5.133951;3.687809;4.302167;3.260525;2.116978;4.559816;2.158967;1.530035;1.580097;5.053420;1.864623;2.591723;4.167264;4.828418;1.502680;4.133909;2.768162;1.719270;4.311153;4.787072;4.896022;3.172482;4.754613;1.475836;3.614695;3.965497;1.628790;5.563684;6.053654;4.186656;3.877186;3.388219;3.024231;2.162486;2.550789;4.026640;3.449960;4.760257;3.885859;4.198588;2.646994;3.418413;2.625080;5.479718;3.633498;5.390270;6.192664;6.083332;9.311986;5.597984;4.559405;9.117999;5.205891;4.727747;4.881893;7.450206;6.519651;7.256647;7.050319;8.935175;8.876186;7.048298;5.358542;5.100233;8.950879;5.298676;4.999269;8.196253;7.112713;6.071730;6.104958;6.553265;7.288533;9.013127;7.273582;7.082523;5.211947;7.949097;7.402689;8.734218;3.680427;4.290366;7.060722;8.446055;5.887646;6.829837;7.155433;8.842211;8.190544;9.390947;7.087861;3.267442;7.536497;4.580788;8.045462;3.806381;7.437707;8.703364;7.511311;5.079816;6.023386;5.954690;9.277397;8.604173;7.024744;3.654061
1.220000;-4.161927;2.997368;3.478633;3.514215;2.973168;3.334242;1.819207;3.105326;4.107606;1.559664;5.319578;1.694738;3.253330;2.364040;3.631386;4.026343;2.621968;1.854794;2.932914;3.766504;5.331250;2.787475;3.808323;4.112190;1.650649;3.868354;3.444030;2.645207;3.482613;2.950844;4.814400;2.966673;4.497823;4.883921;4.787241;1.913620;2.953771;1.327511;3.538821;5.632016;4.909916;1.503193;5.119271;1.907747;4.991201;3.258586;4.028423;4.395013;5.578222;3.649709;2.741407;5.362213;2.699948;1.800633;3.095813;3.351497;3.900350;4.582885;1.851750;5.092555;1.351352;2.674432;1.671244;2.637447;4.118824;4.780669;3.443767;4.066494;3.184186;4.769730;5.108115;3.695820;4.246632;3.221752;2.096794;4.516141;2.133633;1.530841;1.572484;5.018515;1.844624;2.715846;4.160967;4.812045;1.493637;4.094745;2.750533;1.701351;4.312422;4.724068;4.867122;3.136011;4.747811;1.506530;3.603234;3.947879;1.611053;5.505260;5.999181;4.179631;3.836180;3.453863;2.999909;2.136499;2.533204;4.004747;3.420294;4.746786;3.880705;4.163120;2.646994;3.394185;2.603618;5.453231;3.577286;4.988996;6.175447;6.081750;9.297329;5.595665;4.549846;9.087653;5.171321;4.718842;4.896823;7.527449;6.484882;7.181972;7.232211;8.889754;8.834618;7.034157;5.358436;5.057278;8.901131;5.298677;4.300220;8.196408;7.129406;6.058275;6.010306;6.511165;7.168497;8.996323;7.273585;7.079496;5.203553;7.900808;7.373977;8.733517;3.678311;4.250804;7.042632;8.424427;5.869839;6.694976;7.140987;8.832104;8.077513;9.360028;7.054962;3.267442;7.544863;4.488028;8.037387;3.782423;7.381881;8.639869;7.459511;5.069766;5.935525;5.913975;9.218094;8.546300;7.020703;3.654061
1.220000;-4.343471;2.966433;3.505341;3.536739;2.994116;3.373941;1.845349;3.188150;4.119990;1.583158;5.336024;1.714280;3.287432;2.394713;3.622042;4.078698;2.613622;1.889286;2.948774;3.810787;5.357008;2.818975;3.817082;4.134347;1.681111;3.915220;3.471829;2.709395;3.515720;2.974443;4.814400;3.015583;4.514043;4.897377;4.795132;1.903925;2.984550;1.340527;3.582045;5.699899;4.937150;1.511557;5.131289;1.922910;5.035356;3.271045;4.034821;4.408468;5.616568;3.660489;2.767572;5.401079;2.713395;1.816981;3.128285;3.381668;3.858486;5.047801;1.872345;5.122648;1.353602;2.714846;1.703204;2.580284;4.139948;4.811721;3.462112;4.108533;3.194702;4.754142;5.135117;3.772814;4.305664;3.262580;2.117816;4.562261;2.160104;1.563222;1.580352;5.055196;1.865449;2.492378;4.167469;4.829057;1.502990;4.135993;2.768864;1.687450;4.316517;4.791296;4.897382;3.174365;4.754836;1.770547;3.615106;3.966199;1.629500;5.567456;6.057047;4.186889;3.879417;3.504587;3.025303;2.163662;2.551491;4.027573;3.451368;4.760758;3.886024;4.200401;2.646994;3.419483;2.625991;5.480924;3.637053;4.984689;6.193347;6.081152;9.312542;5.598053;4.559736;9.119449;5.207640;4.728052;4.882302;7.450024;6.528584;7.262118;7.048137;8.937761;8.878459;7.048830;5.361898;5.102623;8.953835;5.298676;4.270946;8.205000;7.138338;6.072230;6.112833;6.555583;7.299889;9.013788;7.273585;7.082614;5.212233;7.951935;7.404033;8.818892;3.694101;4.292485;7.061448;8.446970;5.888356;6.843413;7.155977;8.842565;8.200900;9.392437;7.089484;3.267441;7.484175;4.588422;8.045732;3.807432;7.441226;8.707631;7.514459;5.080167;6.030407;5.956896;9.281256;8.607887;7.024869;3.654061
1.220000;-4.623429;2.914947;3.497202;3.529896;2.987759;3.361756;1.853055;3.162206;4.116256;1.576015;5.331049;1.708356;3.276993;2.338096;3.777749;4.062521;2.550153;1.878725;2.943978;3.797160;5.349165;2.809349;3.814448;4.127616;1.671808;4.031290;3.463350;2.689454;3.505591;2.967267;4.814400;3.000496;4.509137;4.893317;4.792761;1.979485;2.975148;1.336601;3.568751;5.678782;4.928849;1.509045;5.127666;1.918328;5.021766;3.267289;4.032903;4.404408;5.604805;3.657243;2.759602;5.389153;2.709337;1.812036;3.118352;3.372456;3.988930;4.585127;1.866096;5.113460;1.414690;2.702433;1.693436;2.579429;4.133537;4.802232;3.456556;4.095612;3.191536;4.742332;5.126888;3.798409;4.287364;3.250037;2.111435;4.548053;2.152037;1.530350;1.577988;5.043952;1.859128;2.443133;4.165518;4.823908;1.500178;4.123322;2.763312;1.834682;4.376185;4.770381;4.888139;3.162600;4.752728;1.475836;3.611527;3.960650;1.623911;5.548149;6.039121;4.184709;3.866118;3.398686;3.017572;2.155382;2.545951;4.020636;3.441876;4.756540;3.884430;4.188971;2.646994;3.411781;2.619192;5.472480;3.618522;5.185907;6.187925;6.124754;9.307943;5.597340;4.556760;9.109734;5.196509;4.725282;4.889319;7.450762;6.496168;7.237039;7.073632;8.922959;8.864970;7.044397;5.360214;5.088658;8.937552;5.298678;4.254271;8.211615;7.152437;6.068016;6.080435;6.541913;7.257810;9.008498;7.273593;7.081682;5.209624;7.936144;7.394859;8.735290;3.679829;4.279674;7.055746;8.440123;5.882749;6.795474;7.151446;8.839416;8.161537;9.382530;7.078918;3.267442;7.488868;4.556725;8.043226;3.799821;7.422828;8.686543;7.497455;5.077036;6.000523;5.943697;9.261642;8.588777;7.023623;3.654061
1.220000;-6.286567;3.011334;3.501497;3.533515;2.991122;3.368142;1.831173;3.175452;4.118237;1.579791;5.333685;1.711492;3.282485;2.366776;3.848443;4.070944;2.621968;1.884277;2.946522;3.804287;5.353305;2.814420;3.815848;4.131176;1.676708;3.888641;3.467824;2.699761;3.510921;2.971059;4.814400;3.008363;4.511735;4.895470;4.794021;1.916274;2.980099;1.338685;3.575708;5.689673;4.933229;1.510379;5.129590;1.920758;5.028877;3.269282;4.033923;4.406561;5.610975;3.658967;2.763810;5.395410;2.711490;1.814656;3.123577;3.377310;3.892417;4.663786;1.869402;5.118301;1.429523;2.708939;1.698580;2.604467;4.136929;4.807228;3.459499;4.102381;3.193217;4.743402;5.131229;3.798409;4.296852;3.256611;2.114810;4.555478;2.156297;1.742069;1.579244;5.049858;1.862473;2.622133;4.166555;4.826634;1.501672;4.129963;2.766255;1.709974;4.344542;4.781170;4.893010;3.168774;4.753849;1.737750;3.613428;3.963587;1.626871;5.558138;6.048421;4.185867;3.873077;3.430333;3.021654;2.159747;2.548886;4.024304;3.446874;4.758778;3.885277;4.194971;2.646994;3.415849;2.622787;5.476935;3.628125;4.976439;6.190797;6.092113;9.310382;5.597719;4.558342;9.114853;5.202356;4.726755;4.881912;7.463441;6.544915;7.249873;7.070353;8.930696;8.872027;7.046748;5.358427;5.095957;8.946036;5.298678;4.259323;8.197879;7.102806;6.070251;6.096766;6.549063;7.278635;9.011301;7.273585;7.082177;5.211010;7.944374;7.399693;8.749965;3.686190;4.286385;7.058766;8.443744;5.885720;6.818944;7.153850;8.841088;8.181113;9.387747;7.084474;3.267442;7.498792;4.572722;8.044558;3.803840;7.432369;8.697421;7.506294;5.078699;6.015670;5.950607;9.271785;8.598669;7.024286;3.654061
1.220000;-5.706443;2.907908;3.479017;3.514581;2.973524;3.334597;1.887493;3.104960;4.107868;1.560036;5.319894;1.695083;3.253710;2.343184;3.617085;4.026563;2.584382;1.855175;2.933222;3.766817;5.331633;2.787860;3.808526;4.112554;1.651033;3.925032;3.444415;2.645232;3.482997;2.951216;4.814399;2.966940;4.498137;4.884201;4.787428;1.979540;2.954157;1.327783;3.539145;5.631986;4.910301;1.503388;5.119527;1.908048;4.991519;3.258851;4.028578;4.395291;5.578580;3.649946;2.741788;5.362570;2.700227;1.800949;3.096196;3.351882;3.826358;4.604668;1.852104;5.092940;1.485679;2.674777;1.671629;2.609643;4.119182;4.781056;3.444106;4.066831;3.184419;4.779560;5.108497;3.798409;4.246749;3.222096;2.097152;4.516435;2.134018;1.540430;1.572669;5.018887;1.844980;2.453690;4.161126;4.812367;1.493850;4.095090;2.750867;1.686730;4.314017;4.724036;4.867507;3.136371;4.747979;2.513777;3.603489;3.948214;1.611386;5.505325;5.999318;4.179803;3.836506;3.377882;3.000288;2.136882;2.533538;4.005117;3.420680;4.747071;3.880837;4.163492;2.646994;3.394562;2.603984;5.453615;3.577386;5.206433;6.175778;6.086308;9.297629;5.595729;4.550069;9.088037;5.171691;4.719050;4.882242;7.507159;6.541990;7.181663;7.046403;8.890022;8.834932;7.034452;5.365780;5.057575;8.901338;5.298676;4.210028;8.207503;7.098388;6.058561;6.009432;6.511475;7.166836;8.996649;7.273589;7.079576;5.203754;7.901040;7.374364;8.759562;3.694875;4.251138;7.042973;8.424788;5.870178;6.692836;7.141285;8.832335;8.076076;9.360408;7.055336;3.267442;7.497302;4.487207;8.037581;3.782799;7.381990;8.639819;7.459689;5.069998;5.934856;5.914297;9.218139;8.546372;7.020810;3.654060
1.220000;-7.205523;3.348625;3.500085;3.532399;2.990112;3.365653;1.843044;3.168109;4.117732;1.578608;5.332956;1.710573;3.280482;2.339097;3.629433;4.067204;2.360533;1.882246;2.945825;3.801363;5.351962;2.812632;3.815518;4.130085;1.675007;3.896585;3.466326;2.694710;3.509003;2.969870;4.814400;3.004984;4.511019;4.894908;4.793731;1.978157;2.978372;1.338144;3.572887;5.684187;4.931776;1.510069;5.129102;1.920101;5.025965;3.268773;4.033695;4.405999;5.608607;3.658542;2.762437;5.392993;2.710926;1.813933;3.121711;3.375631;3.958298;4.610615;1.868416;5.116629;1.350702;2.706380;1.696756;2.721098;4.135906;4.805476;3.458657;4.099669;3.192805;4.784712;5.129794;3.752842;4.292388;3.254014;2.113797;4.552374;2.154899;1.549876;1.578954;5.047637;1.861471;2.442748;4.166325;4.825872;1.501315;4.127327;2.765407;1.936016;4.311349;4.775762;4.891323;3.166403;4.753596;1.465647;3.612948;3.962746;1.626020;5.553318;6.044086;4.185606;3.870256;3.411762;3.020337;2.158304;2.548044;4.023166;3.445124;4.758188;3.885094;4.192699;2.646994;3.414541;2.621682;5.475447;3.623580;5.495024;6.189979;6.138619;9.309722;5.597643;4.557959;9.113040;5.200165;4.726404;4.913731;7.453446;6.526846;7.242867;7.107137;8.927393;8.869147;7.046120;5.375272;5.092929;8.942251;5.298677;4.497461;8.198999;7.148357;6.069663;6.086766;6.546125;7.264453;9.010509;7.273585;7.082077;5.210685;7.940757;7.398019;8.734179;3.686482;4.283708;7.057891;8.442627;5.884863;6.802199;7.153203;8.840678;8.168116;9.385885;7.082440;3.267442;7.485464;4.563015;8.044248;3.802552;7.427868;8.691947;7.502276;5.078294;6.006719;5.947814;9.266852;8.593916;7.024148;3.654061
1.220000;-4.359956;2.963604;3.509199;3.540034;2.997193;3.379480;1.833401;3.198467;4.121852;1.586585;5.338470;1.717163;3.292263;2.339102;3.703570;4.085761;2.621968;1.894164;2.951138;3.816891;5.360739;2.823467;3.818412;4.137590;1.685472;3.867006;3.475834;2.717789;3.520423;2.977884;4.814400;3.022239;4.516456;4.899395;4.796332;1.939534;2.988949;1.342482;3.588021;5.708691;4.941080;1.512829;5.133099;1.925173;5.041445;3.272919;4.035801;4.410486;5.621935;3.662119;2.771359;5.406517;2.715413;1.819412;3.132902;3.385988;3.952789;4.659315;1.875374;5.126957;1.352003;2.720475;1.707759;2.585974;4.143048;4.816150;3.464826;4.114361;3.196292;4.809261;5.139017;3.787561;4.313483;3.268261;2.120903;4.568588;2.163929;1.541664;1.581551;5.060351;1.868510;2.514378;4.168464;4.831586;1.504410;4.141725;2.771579;1.697303;4.473905;4.800017;4.901714;3.179738;4.755909;1.881648;3.616895;3.968908;1.632228;5.575628;6.064742;4.187996;3.885393;3.422159;3.028988;2.167584;2.554197;4.030908;3.455806;4.762851;3.886840;4.205641;2.646994;3.423155;2.629260;5.484916;3.644959;4.987537;6.196000;6.080224;9.314809;5.598422;4.561234;9.123986;5.212755;4.729452;4.881910;7.474470;6.521605;7.272179;7.045894;8.944324;8.884513;7.051023;5.358429;5.108856;8.960951;5.298676;4.330232;8.195593;7.099086;6.074320;6.124997;6.561705;7.314401;9.016380;7.273589;7.083095;5.213552;7.958854;7.408340;8.766616;3.828171;4.298270;7.064228;8.450268;5.891094;6.859153;7.158216;8.844146;8.214787;9.397051;7.094376;3.267442;7.485642;4.600389;8.047003;3.811065;7.449094;8.716415;7.521823;5.081742;6.041879;5.962840;9.289538;8.615997;7.025510;3.654061
1.220000;-3.338125;3.293331;3.502339;3.534195;2.991743;3.369534;1.867550;3.179229;4.118572;1.580503;5.334153;1.712065;3.283628;2.332304;3.867247;4.072952;2.610827;1.885440;2.946968;3.805895;5.354108;2.815451;3.816074;4.131841;1.677699;3.901313;3.468705;2.702413;3.512023;2.971779;4.814400;3.010199;4.512193;4.895840;4.794223;1.917984;2.981104;1.339039;3.577266;5.692532;4.934088;1.510594;5.129913;1.921182;5.030478;3.269619;4.034083;4.406931;5.612306;3.659254;2.764628;5.396764;2.711858;1.815120;3.124653;3.378289;4.052094;4.704046;1.870013;5.119276;1.358815;2.710365;1.699632;2.596629;4.137557;4.808242;3.460029;4.103877;3.193495;4.743056;5.132080;3.776505;4.299217;3.258057;2.115437;4.557174;2.157127;1.581457;1.579445;5.051107;1.863093;2.531701;4.166718;4.827121;1.501916;4.131423;2.766786;1.687163;4.320502;4.783996;4.893993;3.170106;4.754026;1.475836;3.613746;3.964117;1.627404;5.560681;6.050727;4.186053;3.874634;3.393509;3.022443;2.160609;2.549414;4.024995;3.447890;4.759163;3.885409;4.196251;2.646994;3.416630;2.623458;5.477812;3.630531;5.273340;6.191312;6.079946;9.310806;5.597776;4.558600;9.115894;5.203595;4.726995;4.882318;7.480835;6.521409;7.253478;7.095751;8.932479;8.873616;7.047156;5.363376;5.097616;8.948061;5.298677;4.590529;8.222648;7.098822;6.070637;6.101861;6.550676;7.285874;9.011805;7.273582;7.082253;5.211235;7.946322;7.400666;8.798983;3.678473;4.287869;7.059314;8.444423;5.886254;6.827571;7.154269;8.841365;8.187732;9.388815;7.085642;3.267442;7.487927;4.577676;8.044772;3.804615;7.434750;8.700280;7.508442;5.078974;6.020236;5.952150;9.274379;8.601175;7.024388;3.654061
1.220000;-3.839467;3.093444;3.494719;3.527839;2.985858;3.357842;1.857353;3.152628;4.115176;1.573858;5.329589;1.706595;3.273718;2.353525;3.618266;4.057083;2.434030;1.875405;2.942574;3.792709;5.346777;2.806360;3.813697;4.125597;1.668926;3.871924;3.460755;2.682479;3.502425;2.965102;4.814400;2.995484;4.507698;4.892136;4.792087;2.096615;2.972232;1.335463;3.564426;5.671305;4.926310;1.508327;5.126620;1.916989;5.017336;3.266201;4.032359;4.403228;5.601048;3.656309;2.757175;5.385336;2.708158;1.810584;3.115257;3.369604;3.828989;4.580592;1.864232;5.110617;1.355253;2.698438;1.690390;2.579769;4.131619;4.799292;3.454911;4.091426;3.190626;4.741903;5.124372;3.679425;4.281075;3.245995;2.109529;4.543386;2.149580;1.746971;1.577316;5.040389;1.857241;2.454691;4.164966;4.822393;1.499373;4.119230;2.761671;1.689499;4.571948;4.762995;4.885282;3.158842;4.752129;1.475836;3.610495;3.959007;1.622257;5.541444;6.032979;4.184090;3.861792;3.427433;3.015226;2.152851;2.544314;4.018549;3.438927;4.755312;3.883980;4.185338;2.646994;3.409442;2.617153;5.469893;3.612131;5.459318;6.186323;6.096071;9.306600;5.597141;4.555906;9.106702;5.192981;4.724491;4.908093;7.484485;6.585283;7.227842;7.075824;8.918060;8.860575;7.043105;5.366483;5.084080;8.932066;5.298677;4.244242;8.194654;7.107634;6.066789;6.067898;6.537448;7.240716;9.006941;7.273582;7.081420;5.208879;7.930856;7.392016;8.771452;3.724515;4.275529;7.054055;8.438065;5.881088;6.775609;7.150124;8.838511;8.145725;9.379430;7.075590;3.267442;7.538788;4.544519;8.042510;3.797511;7.416493;8.679082;7.491688;5.076137;5.989162;5.939408;9.254799;8.582147;7.023270;3.654061
1.220000;-7.009774;3.261214;3.495727;3.528661;2.986614;3.359508;1.907734;3.157305;4.115592;1.574724;5.330161;1.707289;3.275084;2.329502;3.618946;4.059507;2.621968;1.876790;2.943121;3.794638;5.347743;2.807592;3.813984;4.126402;1.670111;3.919552;3.461809;2.685711;3.503743;2.965971;4.814399;2.997690;4.508259;4.892594;4.792343;2.033486;2.973433;1.335902;3.566293;5.674807;4.927341;1.508601;5.127024;1.917510;5.019255;3.266621;4.032564;4.403682;5.602639;3.656667;2.758158;5.386957;2.708614;1.811151;3.116541;3.370777;3.829098;4.605417;1.864972;5.111785;1.353567;2.700144;1.691651;2.580652;4.132381;4.800498;3.455558;4.093224;3.190975;4.766343;5.125394;3.798409;4.283938;3.247726;2.110287;4.545422;2.150576;1.529683;1.577572;5.041887;1.857992;2.445186;4.165176;4.822986;1.499680;4.120981;2.762313;1.687775;4.311938;4.766451;4.886457;3.160436;4.752357;1.473006;3.610892;3.959653;1.622908;5.544528;6.035769;4.184325;3.863660;3.371824;3.016172;2.153878;2.544957;4.019384;3.440142;4.755788;3.884150;4.186871;2.646994;3.410384;2.617967;5.470945;3.615055;4.960485;6.186954;6.083661;9.307124;5.597215;4.556232;9.107957;5.194467;4.724794;4.881980;7.458922;6.537820;7.232313;7.045114;8.920220;8.862481;7.043607;5.363508;5.086075;8.934518;5.298678;4.209529;8.236559;7.118852;6.067266;6.074326;6.539383;7.249980;9.007552;7.273585;7.081520;5.209163;7.933208;7.393188;8.769166;3.697622;4.277310;7.054724;8.438890;5.881742;6.786668;7.150639;8.838859;8.154173;9.380716;7.076983;3.267442;7.516830;4.550752;8.042783;3.798443;7.419390;8.682584;7.494287;5.076482;5.994889;5.941259;9.257962;8.585195;7.023404;3.654061
1.220000;-6.245039;3.005296;3.490391;3.524138;2.982398;3.351687;1.842279;3.141441;4.113067;1.570013;5.326828;1.703349;3.268329;2.329205;3.623119;4.049301;2.593608;1.869964;2.939905;3.785949;5.342591;2.801335;3.812186;4.121950;1.664052;3.882985;3.456267;2.673291;3.497177;2.961238;4.814400;2.988129;4.504972;4.889855;4.790721;1.906639;2.967315;1.333251;3.557806;5.661705;4.921907;1.506883;5.124570;1.914432;5.010591;3.264080;4.031246;4.400946;5.595075;3.654464;2.752929;5.379296;2.705877;1.807840;3.110099;3.364774;3.932941;4.616211;1.860824;5.105798;1.349527;2.692188;1.685307;2.628180;4.128130;4.794330;3.451854;4.084960;3.188823;4.822997;5.120002;3.798409;4.272484;3.239691;2.106055;4.536387;2.145290;1.572332;1.575954;5.034643;1.853800;2.455695;4.163836;4.819543;1.497763;4.112871;2.758612;1.704580;4.361423;4.753467;4.880438;3.152869;4.750910;1.549791;3.608469;3.955954;1.619183;5.532482;6.024530;4.182832;3.855171;3.402803;3.011093;2.148458;2.541263;4.014802;3.433968;4.752946;3.883051;4.179511;2.646994;3.405325;2.613472;5.465421;3.603456;5.280254;6.183337;6.106461;9.304033;5.596719;4.554207;9.101644;5.187286;4.722905;4.882562;7.461600;6.523920;7.216934;7.045440;8.910821;8.853870;7.040627;5.365954;5.077183;8.924236;5.298677;4.211086;8.197282;7.261174;6.064428;6.054842;6.530670;7.225279;9.004022;7.273585;7.080872;5.207380;7.923228;7.387208;8.736122;3.678988;4.269113;7.050925;8.434358;5.878002;6.758938;7.147597;8.836717;8.130909;9.374287;7.070143;3.267442;7.528780;4.531652;8.041068;3.793437;7.407869;8.669502;7.483592;5.074354;5.976800;5.932825;9.245730;8.573261;7.022542;3.654061
1.220000;-5.729404;2.908559;3.492716;3.526134;2.984267;3.354972;1.825817;3.147573;4.114222;1.572086;5.328328;1.705104;3.271203;2.328468;3.614829;4.053464;2.621968;1.872875;2.941356;3.789557;5.344841;2.804021;3.813020;4.123918;1.666661;3.920520;3.458675;2.678239;3.499983;2.963319;4.814400;2.992061;4.506453;4.891101;4.791475;1.926554;2.969946;1.334459;3.561339;5.666887;4.924270;1.507679;5.125693;1.915825;5.014188;3.265241;4.031862;4.402193;5.598265;3.655477;2.755209;5.382521;2.707123;1.809333;3.112855;3.367361;4.305989;4.604410;1.862667;5.108380;1.373473;2.695524;1.688028;2.583693;4.130016;4.796995;3.453511;4.088412;3.189814;4.752818;5.122348;3.758241;4.277090;3.243056;2.107932;4.540123;2.147594;1.737844;1.576707;5.037710;1.855660;2.561274;4.164461;4.821091;1.498649;4.116261;2.760268;1.714839;4.401788;4.758611;4.883032;3.156059;4.751585;1.475836;3.609579;3.957609;1.620849;5.537300;6.029061;4.183527;3.858705;3.371831;3.013315;2.150817;2.542916;4.016821;3.436622;4.754238;3.883568;4.182621;2.646994;3.407538;2.615456;5.467819;3.608117;4.968479;6.184959;6.082044;9.305433;5.596955;4.555142;9.104353;5.190330;4.723778;4.884930;7.457990;6.513396;7.222902;7.057184;8.914692;8.857450;7.041977;5.360633;5.080867;8.928433;5.298677;4.244814;8.195953;7.105894;6.065717;6.062181;6.534286;7.234291;9.005606;7.273582;7.081179;5.208207;7.927314;7.389784;8.734059;3.678519;4.272540;7.052622;8.436357;5.879674;6.768888;7.148975;8.837703;8.139469;9.377040;7.073054;3.267442;7.492775;4.538871;8.041864;3.795628;7.412500;8.674692;7.487928;5.075333;5.983678;5.936338;9.250618;8.578037;7.022949;3.654061
1.220000;-7.254611;3.367661;3.503071;3.534847;2.992362;3.370465;1.829920;3.180144;4.118975;1.581179;5.334663;1.712650;3.284486;2.328744;3.651085;4.073979;2.621968;1.886298;2.947461;3.806869;5.354823;2.816268;3.816370;4.132485;1.678500;3.865158;3.469460;2.703450;3.512864;2.972454;4.814400;3.011204;4.512701;4.896271;4.794491;1.973604;2.981910;1.339459;3.578231;5.693558;4.934834;1.510879;5.130304;1.921658;5.031450;3.270025;4.034305;4.407362;5.613219;3.659608;2.765352;5.397685;2.712290;1.815628;3.125484;3.379084;3.853662;5.183932;1.870623;5.120071;1.455565;2.711300;1.700458;2.653492;4.138177;4.809053;3.460585;4.104829;3.193844;4.775374;5.132822;3.798409;4.300259;3.258995;2.116056;4.558164;2.157856;1.632862;1.579714;5.052004;1.863706;2.527858;4.166944;4.827643;1.502231;4.132372;2.767338;1.687140;4.358048;4.785023;4.894791;3.171019;4.754269;1.643410;3.614133;3.964674;1.627962;5.561718;6.051764;4.186301;3.875600;3.379400;3.023154;2.161351;2.549969;4.025653;3.448702;4.759608;3.885595;4.197156;2.646994;3.417341;2.624109;5.478565;3.631573;5.131625;6.191857;6.088984;9.311288;5.597863;4.558930;9.116716;5.204484;4.727304;4.906059;7.455153;6.499619;7.254422;7.050112;8.933485;8.874586;7.047621;5.359767;5.098599;8.949088;5.298678;4.209800;8.214885;7.255425;6.071081;6.102490;6.551651;7.285804;9.012333;7.273582;7.082365;5.211528;7.947339;7.401465;8.748406;3.762854;4.288818;7.059881;8.445079;5.886816;6.826960;7.154742;8.841711;8.187882;9.389649;7.086504;3.267442;7.485813;4.578346;8.045056;3.805317;7.435794;8.701310;7.509476;5.079319;6.021000;5.953112;9.275415;8.602217;7.024535;3.654060
1.220000;-2.502252;3.727255;3.481165;3.516333;2.975130;3.338103;1.831838;3.113989;4.108746;1.561876;5.321106;1.696564;3.256611;2.385557;3.654182;4.031548;2.621968;1.858115;2.934386;3.770841;5.333688;2.790489;3.809124;4.114271;1.653556;3.878567;3.446672;2.651720;3.485791;2.953067;4.814400;2.971505;4.499328;4.885164;4.787961;1.937694;2.956710;1.328712;3.543047;5.638957;4.912500;1.503958;5.120377;1.909152;4.995526;3.259735;4.029005;4.396255;5.581938;3.650699;2.743885;5.365983;2.701190;1.802152;3.098925;3.354375;3.847375;4.600058;1.853679;5.095425;1.411916;2.678361;1.674303;2.585797;4.120804;4.783631;3.445480;4.070594;3.185151;4.785376;5.110675;3.798409;4.252568;3.225726;2.098766;4.520674;2.136145;1.530106;1.573202;5.022061;1.846575;2.551953;4.161560;4.813627;1.494493;4.098767;2.752241;1.694197;4.354584;4.730926;4.870008;3.139728;4.748451;1.734749;3.604327;3.949586;1.612772;5.511549;6.004989;4.180292;3.840410;3.414940;3.002309;2.139076;2.534909;4.006895;3.423262;4.748077;3.881188;4.166731;2.646994;3.396573;2.605722;5.455859;3.583302;5.013876;6.177115;6.097473;9.298735;5.595881;4.550753;9.090694;5.174825;4.719686;4.882710;7.507341;6.483448;7.190320;7.160001;8.894483;8.838904;7.035516;5.359394;5.061725;8.906366;5.298677;4.209526;8.200954;7.100270;6.059563;6.021347;6.515517;7.183174;8.997948;7.273597;7.079778;5.204347;7.905877;7.376844;8.796649;3.696951;4.254865;7.044389;8.426543;5.871566;6.711844;7.142374;8.833064;8.091167;9.363131;7.058275;3.267442;7.553875;4.498802;8.038152;3.784784;7.387850;8.646786;7.464992;5.070720;5.945632;5.918166;9.224491;8.552519;7.021080;3.654062
1.220000;-4.813278;2.895376;3.511376;3.541892;2.998929;3.382601;1.854387;3.204397;4.122906;1.588517;5.339852;1.718789;3.294985;2.334907;3.670671;4.089749;2.621968;1.896915;2.952473;3.820331;5.362845;2.826000;3.819167;4.139420;1.687923;4.057741;3.478090;2.722552;3.523075;2.979824;4.814400;3.025993;4.517820;4.900536;4.797013;1.942818;2.991427;1.343588;3.591387;5.713692;4.943295;1.513551;5.134121;1.926453;5.044875;3.273979;4.036355;4.411628;5.624962;3.663041;2.773495;5.409576;2.716552;1.820786;3.135503;3.388423;4.063830;4.591671;1.877083;5.129387;1.350332;2.723644;1.710325;2.592200;4.144799;4.818647;3.466359;4.117646;3.197193;4.747961;5.141214;3.798409;4.317913;3.271461;2.122644;4.572153;2.166089;1.848564;1.582230;5.063260;1.870236;2.444369;4.169027;4.833011;1.505213;4.144955;2.773113;1.744176;4.368520;4.804976;4.904154;3.182763;4.756518;1.500378;3.617907;3.970441;1.633768;5.580266;6.069093;4.188625;3.888761;3.380765;3.031065;2.169793;2.555724;4.032790;3.458308;4.764033;3.887303;4.208583;2.646994;3.425222;2.631110;5.487165;3.649437;4.961598;6.197494;6.080557;9.316096;5.598633;4.562082;9.126538;5.215632;4.730244;4.896329;7.454083;6.720575;7.277942;7.072049;8.948018;8.887918;7.052263;5.367339;5.112369;8.964957;5.298677;5.444583;8.195492;7.217268;6.075502;6.132113;6.565152;7.323198;9.017840;7.273585;7.083370;5.214299;7.962762;7.410766;8.733737;3.694748;4.301528;7.065798;8.452126;5.892642;6.868910;7.159480;8.845041;8.223125;9.399647;7.097125;3.267442;7.521418;4.607379;8.047721;3.813112;7.453544;8.721411;7.525980;5.082633;6.048540;5.966182;9.294232;8.620593;7.025876;3.654061
1.220000;-3.990611;3.051378;3.496579;3.529350;2.987244;3.360925;1.831098;3.161171;4.115929;1.575449;5.330629;1.707870;3.276248;2.343617;3.628157;4.061562;2.621968;1.877972;2.943573;3.796278;5.348557;2.808642;3.814212;4.127078;1.671118;3.879122;3.462707;2.688422;3.504862;2.966700;4.814400;2.999564;4.508721;4.892966;4.792543;1.907185;2.974453;1.336260;3.567882;5.677729;4.928215;1.508817;5.127348;1.917938;5.020893;3.266961;4.032725;4.404057;5.603994;3.656956;2.758990;5.388339;2.708983;1.811619;3.117631;3.371770;4.022444;4.639452;1.865590;5.112776;1.350054;2.701599;1.692721;2.604758;4.133018;4.801538;3.456095;4.094756;3.191255;4.744226;5.126257;3.798409;4.286355;3.249199;2.110920;4.547153;2.151419;2.107895;1.577774;5.043167;1.858618;2.445873;4.165339;4.823476;1.499924;4.122477;2.762848;1.730464;4.320476;4.769342;4.887455;3.161792;4.752535;1.475836;3.611214;3.960189;1.623447;5.547126;6.038121;4.184512;3.865251;3.383166;3.016970;2.154749;2.545492;4.020085;3.441174;4.756177;3.884282;4.188176;2.646994;3.411182;2.618648;5.471839;3.617514;5.163065;6.187474;6.105413;9.307551;5.597270;4.556494;9.109024;5.195732;4.725033;4.888543;7.460871;6.484708;7.236008;7.136418;8.922047;8.864098;7.044019;5.358744;5.087770;8.936594;5.298676;4.213705;8.195451;7.101228;6.067656;6.079562;6.541031;7.257441;9.008062;7.273578;7.081594;5.209389;7.935198;7.394175;8.734797;3.695544;4.278823;7.055276;8.439571;5.882284;6.795579;7.151062;8.839135;8.160988;9.381811;7.078165;3.267442;7.487932;4.555832;8.042999;3.799227;7.421824;8.685513;7.496482;5.076758;5.999574;5.942836;9.260615;8.587758;7.023506;3.654061
1.220000;-6.140358;2.976961;3.503109;3.534896;2.992415;3.370426;1.838837;3.179657;4.119031;1.581226;5.334720;1.712705;3.284490;2.328829;3.721872;4.073830;2.621968;1.886296;2.947522;3.806794;5.354864;2.816282;3.816418;4.132537;1.678524;4.012030;3.469493;2.703179;3.512874;2.972501;4.814400;3.011091;4.512758;4.896328;4.794537;1.991239;2.981927;1.339516;3.578164;5.693244;4.934867;1.510925;5.130360;1.921717;5.031375;3.270080;4.034345;4.407420;5.613190;3.659662;2.765391;5.397651;2.712347;1.815686;3.125494;3.379106;3.835416;4.581762;1.870677;5.120094;1.361941;2.711258;1.700469;2.617354;4.138231;4.809072;3.460642;4.104774;3.193897;4.751261;5.132857;3.788493;4.300044;3.258950;2.116109;4.558073;2.157895;1.975302;1.579759;5.051989;1.863761;2.503270;4.166984;4.827704;1.502280;4.132317;2.767397;1.740084;4.364288;4.784720;4.894810;3.170990;4.754310;1.475836;3.614190;3.964733;1.628020;5.561469;6.051562;4.186344;3.875533;3.372697;3.023196;2.161384;2.550027;4.025702;3.448719;4.759666;3.885629;4.197137;2.646994;3.417382;2.624161;5.478598;3.631348;5.000919;6.191915;6.080518;9.311342;5.597880;4.558982;9.116733;5.204469;4.727354;4.922991;7.473349;6.492178;7.253965;7.064443;8.933372;8.874514;7.047678;5.360381;5.098516;8.948935;5.298679;4.377679;8.200599;7.107106;6.071140;6.101749;6.551575;7.284683;9.012396;7.273585;7.082386;5.211576;7.947204;7.401483;8.771504;3.680576;4.288764;7.059938;8.445126;5.886873;6.825601;7.154795;8.841763;8.186873;9.389658;7.086498;3.267442;7.484714;4.577617;8.045102;3.805360;7.435573;8.700997;7.509304;5.079371;6.020358;5.953047;9.275157;8.601974;7.024563;3.654060
1.220000;-5.646813;2.897940;3.495461;3.528427;2.986393;3.359155;1.822136;3.156686;4.115447;1.574485;5.329977;1.707082;3.274768;2.330466;3.722392;4.059072;2.352510;1.876471;2.942945;3.794254;5.347488;2.807292;3.813875;4.126171;1.669821;4.328529;3.461541;2.685200;3.503433;2.965728;4.814400;2.997276;4.508076;4.892437;4.792243;1.903208;2.973138;1.335751;3.565916;5.674270;4.927074;1.508497;5.126879;1.917339;5.018871;3.266474;4.032483;4.403529;5.602293;3.656538;2.757898;5.386609;2.708457;1.810969;3.116233;3.370486;4.090768;4.590273;1.864754;5.111495;1.361949;2.699786;1.691350;2.581327;4.132158;4.800206;3.455360;4.092852;3.190848;4.762485;5.125128;3.798409;4.283463;3.247364;2.110066;4.545025;2.150311;1.651189;1.577473;5.041553;1.857772;2.442745;4.165092;4.822797;1.499565;4.120619;2.762118;1.836249;4.322136;4.765921;4.886167;3.160090;4.752267;1.465475;3.610751;3.959455;1.622707;5.544035;6.035297;4.184233;3.863282;3.387197;3.015918;2.153612;2.544760;4.019148;3.439846;4.755628;3.884080;4.186536;2.646994;3.410135;2.617734;5.470675;3.614568;5.101121;6.186757;6.087276;9.306952;5.597182;4.556112;9.107657;5.194134;4.724680;4.889398;7.531073;6.503004;7.231703;7.045352;8.919804;8.862094;7.043439;5.358377;5.085682;8.934082;5.298676;4.919583;8.231138;7.098821;6.067106;6.073606;6.538999;7.249182;9.007363;7.273582;7.081476;5.209058;7.932782;7.392900;8.767162;3.682110;4.276942;7.054520;8.438652;5.881540;6.785882;7.150470;8.838730;8.153384;9.380413;7.076660;3.267442;7.518078;4.550036;8.042678;3.798191;7.418909;8.682047;7.493834;5.076356;5.994200;5.940881;9.257458;8.584702;7.023348;3.654060
1.220000;-5.146097;2.875398;3.495143;3.528129;2.986105;3.358838;1.830848;3.157036;4.115244;1.574177;5.329727;1.706805;3.274437;2.334966;3.617893;4.058854;2.621968;1.876146;2.942701;3.793963;5.347168;2.806963;3.813722;4.125876;1.669492;3.922807;3.461214;2.685151;3.503098;2.965424;4.814400;2.997023;4.507833;4.892221;4.792105;1.946261;2.972810;1.335541;3.565619;5.674294;4.926754;1.508349;5.126683;1.917103;5.018579;3.266272;4.032367;4.403313;5.601969;3.656357;2.757579;5.386291;2.708243;1.810722;3.115904;3.370158;3.826830;4.831720;1.864468;5.111167;1.349559;2.699472;1.691019;2.620147;4.131870;4.799875;3.455091;4.092554;3.190670;4.744770;5.124806;3.798409;4.283331;3.247054;2.109776;4.544748;2.149996;1.545806;1.577334;5.041231;1.857484;2.457774;4.164974;4.822543;1.499403;4.120311;2.761850;1.686286;4.323673;4.765930;4.885838;3.159768;4.752141;1.475836;3.610556;3.959188;1.622440;5.543952;6.035151;4.184104;3.862987;3.371844;3.015604;2.153291;2.544492;4.018847;3.439517;4.755406;3.883983;4.186205;2.646994;3.409816;2.617438;5.470351;3.614452;4.960512;6.186496;6.126679;9.306714;5.597136;4.555943;9.107327;5.193808;4.724521;4.945573;7.614545;6.492114;7.231993;7.052526;8.919542;8.861802;7.043211;5.361682;5.085401;8.933864;5.298678;4.253625;8.212945;7.105616;6.066884;6.074542;6.538710;7.251173;9.007102;7.273585;7.081418;5.208904;7.932548;7.392571;8.733944;3.678838;4.276636;7.054250;8.438349;5.881271;6.788595;7.150237;8.838553;8.155063;9.380084;7.076333;3.267442;7.490251;4.550904;8.042533;3.797878;7.418785;8.682075;7.493650;5.076180;5.994899;5.940585;9.257394;8.584610;7.023271;3.654061
1.220000;-6.479577;3.071387;3.487835;3.522028;2.980452;3.347684;1.979537;3.132303;4.111978;1.567801;5.325341;1.701548;3.264958;2.328476;3.634543;4.043816;2.621968;1.866549;2.938477;3.781412;5.340137;2.798253;3.811436;4.119878;1.661082;3.905057;3.453593;2.666398;3.493914;2.959014;4.814400;2.983054;4.503508;4.888662;4.790051;1.903126;2.964313;1.332101;3.553391;5.654359;4.919292;1.506170;5.123516;1.913074;5.006067;3.262985;4.030709;4.399752;5.591222;3.653526;2.750431;5.375383;2.704687;1.806362;3.106908;3.361840;3.894617;4.814798;1.858915;5.102871;1.354634;2.688099;1.682174;2.731545;4.126168;4.791296;3.450174;4.080682;3.187912;4.746990;5.117413;3.756840;4.266206;3.235552;2.104102;4.531636;2.142755;1.530598;1.575286;5.030981;1.851867;2.679210;4.163290;4.818002;1.496959;4.108684;2.756934;1.844931;4.326630;4.746209;4.877495;3.149016;4.750317;1.732472;3.607429;3.954278;1.617494;5.525831;6.018391;4.182220;3.850756;3.376177;3.008676;2.145850;2.539591;4.012660;3.430934;4.751704;3.882609;4.175784;2.646994;3.402920;2.611379;5.462759;3.597095;5.095047;6.181704;6.083234;9.302671;5.596526;4.553355;9.098531;5.183667;4.722113;4.932583;7.519815;6.485725;7.208124;7.051476;8.905851;8.849385;7.039315;5.370506;5.072524;8.918715;5.298676;4.242071;8.197424;7.098479;6.063187;6.043340;6.526117;7.210328;9.002429;7.273589;7.080619;5.206638;7.917895;7.384281;8.733686;3.678527;4.264877;7.049201;8.432246;5.876309;6.741961;7.146254;8.835811;8.116912;9.371105;7.066724;3.267441;7.605539;4.520409;8.040358;3.791062;7.401557;8.662180;7.477802;5.073452;5.966215;5.928448;9.238962;8.566679;7.022199;3.654059
1.220000;-5.522315;2.885453;3.509542;3.540288;2.997417;3.380160;1.821639;3.200757;4.121944;1.586857;5.338616;1.717362;3.292787;2.441923;3.875364;4.086846;2.621968;1.894696;2.951277;3.817708;5.361061;2.823925;3.818463;4.137836;1.685897;3.873907;3.476202;2.719312;3.520919;2.978159;4.814399;3.023205;4.516599;4.899499;4.796376;1.908612;2.989386;1.342580;3.588804;5.710358;4.941433;1.512877;5.133186;1.925302;5.042257;3.273011;4.035831;4.410590;5.622574;3.662191;2.771688;5.407170;2.715515;1.819558;3.133380;3.386410;3.962049;4.578015;1.875591;5.127378;1.378791;2.721172;1.708225;2.585588;4.143276;4.816596;3.465003;4.115109;3.196362;4.766454;5.139363;3.780611;4.314811;3.268972;2.121128;4.569462;2.164270;1.583963;1.581593;5.060945;1.868730;2.446471;4.168495;4.831739;1.504467;4.142454;2.771754;1.692031;4.325417;4.801657;4.902137;3.180377;4.755945;1.465529;3.616980;3.969087;1.632406;5.577073;6.066023;4.188034;3.886175;3.443802;3.029301;2.167935;2.554373;4.031168;3.456250;4.762963;3.886863;4.206240;2.646994;3.423463;2.629513;5.485280;3.646312;5.114399;6.196168;6.082282;9.314940;5.598430;4.561296;9.124446;5.213335;4.729508;4.883465;7.450048;6.492987;7.274346;7.095455;8.945253;8.885315;7.051145;5.358774;5.109705;8.962050;5.298678;4.229941;8.195709;7.146725;6.074434;6.128165;6.562523;7.318922;9.016544;7.273585;7.083106;5.213603;7.959898;7.408760;8.767506;3.682364;4.299004;7.064415;8.450524;5.891277;6.864485;7.158342;8.844214;8.218935;9.397526;7.094907;3.267441;7.485289;4.603458;8.047050;3.811368;7.450426;8.718074;7.522997;5.081810;6.044700;5.963610;9.291014;8.617418;7.025527;3.654062
1.220000;-4.694800;2.905522;3.488230;3.522299;2.980684;3.348583;1.822700;3.136083;4.112043;1.568099;5.325473;1.701747;3.265612;2.328341;3.641057;4.045382;2.621968;1.867222;2.938600;3.782533;5.340503;2.798809;3.811461;4.120141;1.661604;3.882002;3.454020;2.668725;3.494535;2.959316;4.814400;2.984421;4.503638;4.888744;4.790070;2.045476;2.964844;1.332175;3.554459;5.656950;4.919703;1.506191;5.123578;1.913182;5.007183;3.263052;4.030716;4.399835;5.592059;3.653572;2.750805;5.376243;2.704767;1.806494;3.107502;3.362350;3.916099;4.582961;1.859137;5.103379;1.353011;2.689030;1.682748;2.592335;4.126403;4.791842;3.450345;4.081693;3.187953;4.742871;5.117817;3.798409;4.268184;3.236505;2.104337;4.532852;2.143140;1.628877;1.575302;5.031746;1.852095;2.470596;4.163298;4.818143;1.496990;4.109654;2.757104;1.707139;4.539037;4.748750;4.878007;3.149854;4.750329;1.536939;3.607487;3.954448;1.617666;5.528018;6.020294;4.182231;3.851825;3.378196;3.009029;2.146258;2.539762;4.012941;3.431474;4.751794;3.882612;4.176569;2.646994;3.403270;2.611649;5.463184;3.599119;5.040909;6.181866;6.080471;9.302780;5.596522;4.553390;9.099097;5.184415;4.722141;4.884986;7.513397;6.484352;7.211678;7.065456;8.907163;8.850487;7.039417;5.358391;5.073698;8.920303;5.298678;4.786226;8.197424;7.277545;6.063276;6.048960;6.527244;7.219138;9.002585;7.273585;7.080614;5.206662;7.919382;7.384788;8.733311;3.761418;4.265869;7.049380;8.432519;5.876479;6.752894;7.146360;8.835852;8.124784;9.371694;7.067399;3.267441;7.498446;4.525812;8.040378;3.791404;7.403554;8.664759;7.479519;5.073494;5.971094;5.929501;9.241220;8.568825;7.022197;3.654060
1.220000;-6.838921;3.192467;3.490684;3.524379;2.982620;3.352160;2.013987;3.142780;4.113195;1.570265;5.327000;1.703556;3.268721;2.363792;3.618234;4.049981;2.546721;1.870359;2.940072;3.786492;5.342875;2.801686;3.812276;4.122188;1.664392;3.883271;3.456573;2.674205;3.497555;2.961492;4.814399;2.988753;4.505141;4.889994;4.790801;1.969778;2.967658;1.333385;3.558331;5.662690;4.922203;1.506969;5.124694;1.914590;5.011132;3.264211;4.031312;4.401085;5.595528;3.654575;2.753213;5.379755;2.706016;1.808011;3.110467;3.365111;3.888020;4.578508;1.861042;5.106132;1.358638;2.692670;1.685666;2.591823;4.128356;4.794679;3.452043;4.085468;3.188932;4.760872;5.120297;3.798409;4.273290;3.240180;2.106279;4.536960;2.145577;1.530185;1.576036;5.035064;1.854020;2.449445;4.163902;4.819721;1.497858;4.113367;2.758807;1.694526;4.338314;4.754442;4.880776;3.153322;4.750983;1.475836;3.608592;3.956145;1.619377;5.533352;6.025313;4.182907;3.855696;3.371851;3.011368;2.148755;2.541456;4.015047;3.434316;4.753092;3.883106;4.179945;2.646994;3.405602;2.613714;5.465724;3.604280;5.000414;6.183524;6.088494;9.304192;5.596744;4.554310;9.102000;5.187709;4.723000;4.896752;7.510086;6.532413;7.218207;7.055202;8.911426;8.854405;7.040778;5.371240;5.077744;8.924927;5.298678;4.297654;8.217724;7.122617;6.064571;6.056715;6.531212;7.228055;9.004204;7.273585;7.080905;5.207471;7.923889;7.387538;8.745397;3.682070;4.269614;7.051124;8.434595;5.878196;6.762300;7.147749;8.836825;8.133422;9.374649;7.070537;3.267442;7.517217;4.533463;8.041155;3.793710;7.408687;8.670490;7.484319;5.074461;5.978458;5.933348;9.246624;8.574121;7.022584;3.654061
1.220000;-4.728916;2.899192;3.481886;3.517032;2.975814;3.338733;1.837846;3.113051;4.109261;1.562584;5.321717;1.697228;3.257303;2.357704;3.653553;4.031891;2.561916;1.858807;2.934983;3.771390;5.334407;2.791204;3.809523;4.114966;1.654275;3.866739;3.447392;2.651651;3.486496;2.953774;4.814400;2.971945;4.499934;4.885706;4.788329;1.922456;2.957429;1.329244;3.543619;5.638726;4.913224;1.504342;5.120881;1.909735;4.996078;3.260251;4.029314;4.396797;5.582590;3.651165;2.744605;5.366628;2.701731;1.802760;3.099638;3.355096;3.837716;4.632885;1.854357;5.096147;1.378376;2.678985;1.675019;2.580888;4.121489;4.784354;3.446122;4.071186;3.185609;4.769940;5.111397;3.783791;4.252693;3.226340;2.099448;4.521183;2.136863;1.566465;1.573568;5.022729;1.847256;2.462348;4.161872;4.814248;1.494912;4.099371;2.752884;1.690774;4.311388;4.730732;4.870731;3.140380;4.748784;1.467438;3.604824;3.950232;1.613418;5.511557;6.005157;4.180635;3.840979;3.372034;3.003028;2.139798;2.535553;4.007595;3.423980;4.748633;3.881452;4.167392;2.646994;3.397292;2.606421;5.456584;3.583405;5.017449;6.177752;6.094109;9.299323;5.596008;4.551191;9.091411;5.175505;4.720098;4.890530;7.469271;6.493642;7.189526;7.069849;8.894956;8.839470;7.036088;5.389096;5.062254;8.906713;5.298679;4.939541;8.239005;7.098538;6.060121;6.019269;6.516064;7.179145;8.998580;7.273585;7.079941;5.204742;7.906255;7.377566;8.734941;3.678324;4.255466;7.045043;8.427248;5.872215;6.706581;7.142953;8.833520;8.087704;9.363846;7.058977;3.267442;7.485354;4.496861;8.038534;3.785502;7.387967;8.646579;7.465262;5.071176;5.944026;5.918746;9.224464;8.552555;7.021293;3.654062
1.220000;-3.676080;3.145433;3.486853;3.521189;2.979669;3.346246;1.825869;3.129171;4.111501;1.566928;5.324717;1.700816;3.263718;2.329083;3.614570;4.041926;2.621968;1.865301;2.937873;3.779814;5.339189;2.797103;3.811095;4.119053;1.659975;3.864820;3.452573;2.664053;3.492715;2.958140;4.814399;2.981292;4.502895;4.888146;4.789742;1.905074;2.963188;1.331602;3.551832;5.651875;4.918291;1.505841;5.123054;1.912494;5.004477;3.262505;4.030456;4.399238;5.589835;3.653108;2.749467;5.373977;2.704171;1.805743;3.105726;3.360737;3.968888;4.954897;1.858144;5.101772;1.356051;2.686639;1.681008;2.613547;4.125379;4.790172;3.449482;4.079167;3.187503;4.751996;5.116421;3.750901;4.264066;3.234079;2.103319;4.529972;2.141786;1.600678;1.574977;5.029651;1.851088;2.448613;4.163033;4.817358;1.496593;4.107200;2.756244;1.739899;4.322912;4.743741;4.876388;3.147629;4.750040;2.109631;3.606972;3.953587;1.616799;5.523567;6.016293;4.181933;3.849197;3.372380;3.007738;2.144853;2.538902;4.011814;3.429798;4.751169;3.882397;4.174439;2.646994;3.401987;2.610547;5.461740;3.594919;6.380908;6.181027;6.099945;9.302089;5.596429;4.552969;9.097367;5.182349;4.721753;4.965825;7.508379;6.483582;7.205106;7.240407;8.904117;8.847801;7.038754;5.358741;5.070888;8.916806;5.298676;4.365412;8.195719;7.102819;6.062653;6.039262;6.524513;7.204668;9.001770;7.273578;7.080493;5.206298;7.916047;7.383182;8.766485;3.685628;4.263372;7.048491;8.431402;5.875606;6.735259;7.145682;8.835403;8.111713;9.369922;7.065467;3.267442;7.510453;4.516426;8.040030;3.790137;7.399398;8.659684;7.475811;5.073048;5.962516;5.926897;9.236655;8.564435;7.022031;3.654060
1.220000;-6.618186;3.102526;3.517418;3.547000;3.003684;3.391507;1.819668;3.222425;4.125731;1.593838;5.343595;1.723230;3.302664;2.332671;3.641505;4.101396;2.621968;1.904679;2.956084;3.830236;5.368675;2.833105;3.821169;4.144444;1.694801;3.871170;3.484374;2.736713;3.530531;2.985172;4.814400;3.036899;4.521510;4.903604;4.798819;2.054729;2.998372;1.346555;3.601062;5.728621;4.949455;1.515464;5.136865;1.929906;5.054751;3.276822;4.037820;4.414696;5.633571;3.665503;2.779415;5.418303;2.719617;1.824507;3.142820;3.395233;4.039383;4.586719;1.881760;5.136180;1.385492;2.732707;1.717531;2.579914;4.149593;4.825654;3.470528;4.127064;3.199595;4.748905;5.147321;3.787314;4.330982;3.280615;2.127415;4.582456;2.172078;1.773026;1.584030;5.071503;1.874964;2.454847;4.170515;4.836880;1.507350;4.154201;2.777280;1.717537;4.617892;4.819775;4.910983;3.191375;4.758124;1.524897;3.620616;3.974604;1.637962;5.594005;6.081917;4.190284;3.898434;3.395476;3.036814;2.175936;2.559883;4.037963;3.465317;4.767219;3.888520;4.216955;2.646994;3.430950;2.636184;5.493426;3.662666;5.021330;6.201565;6.081779;9.319557;5.599180;4.564342;9.133711;5.223799;4.732349;4.885817;7.462105;6.496116;7.295423;7.045111;8.958735;8.897731;7.055606;5.369915;5.122505;8.976679;5.298677;4.210746;8.196096;7.098460;6.078684;6.154097;6.575087;7.350760;9.021813;7.273585;7.084084;5.216284;7.974144;7.417550;8.764139;3.678873;4.310867;7.070075;8.457244;5.896850;6.899652;7.162892;8.847432;8.249166;9.406958;7.104900;3.267442;7.655495;4.628945;8.049631;3.818776;7.466680;8.736324;7.538186;5.085007;6.069007;5.975794;9.308179;8.634207;7.026830;3.654062
1.220000;-5.701237;2.904894;3.492939;3.526312;2.984430;3.355347;1.820568;3.148490;4.114302;1.572274;5.328446;1.705253;3.271518;2.423820;3.695687;4.053988;2.610812;1.873184;2.941469;3.789984;5.345056;2.804299;3.813071;4.124093;1.666927;3.896487;3.458909;2.678912;3.500278;2.963509;4.814400;2.992542;4.506568;4.891191;4.791521;1.966240;2.970215;1.334545;3.561755;5.667610;4.924499;1.507729;5.125769;1.915931;5.014616;3.265323;4.031898;4.402284;5.598622;3.655544;2.755427;5.382883;2.707213;1.809448;3.113144;3.367624;3.890848;4.592738;1.862825;5.108641;1.349491;2.695906;1.688308;2.637069;4.130180;4.797251;3.453646;4.088812;3.189879;4.741808;5.122576;3.763606;4.277699;3.243441;2.108094;4.540571;2.147817;1.530167;1.576752;5.038049;1.855820;2.441597;4.164497;4.821214;1.498705;4.116657;2.760406;1.769392;4.317247;4.759323;4.883295;3.156415;4.751624;1.474725;3.609656;3.957744;1.620985;5.537948;6.029655;4.183568;3.859120;3.389876;3.013523;2.151044;2.543052;4.017003;3.436893;4.754333;3.883596;4.182967;2.646994;3.407748;2.615636;5.468054;3.608733;5.063477;6.185089;6.085863;9.305536;5.596965;4.555202;9.104634;5.190661;4.723833;4.928421;7.461499;6.608028;7.223782;7.063385;8.915157;8.857871;7.042078;5.377774;5.081306;8.928962;5.298676;4.799156;8.195401;7.190353;6.065812;6.063375;6.534715;7.235955;9.005733;7.273589;7.081194;5.208259;7.927821;7.390040;8.733306;3.724633;4.272934;7.052762;8.436529;5.879812;6.770873;7.149077;8.837767;8.140991;9.377330;7.073369;3.267442;7.487199;4.540032;8.041913;3.795833;7.413112;8.675395;7.488486;5.075399;5.984759;5.936750;9.251274;8.578675;7.022968;3.654061
1.220000;-4.676927;2.903071;3.474184;3.510541;2.969779;3.327232;1.822466;3.088612;4.105697;1.555811;5.316982;1.691600;3.247448;2.342456;3.827036;4.016645;2.621968;1.848839;2.930419;3.758538;5.326980;2.782107;3.807002;4.108582;1.645478;3.904084;3.439377;2.632862;3.476928;2.946974;4.814400;2.957723;4.495266;4.881834;4.786059;1.956658;2.948541;1.325498;3.531079;5.618833;4.905368;1.501936;5.117423;1.905371;4.983263;3.256666;4.027473;4.392925;5.571488;3.648062;2.737059;5.355372;2.697862;1.798055;3.090258;3.346386;3.838458;5.403600;1.848424;5.087458;1.355630;2.667273;1.665784;2.618704;4.115404;4.775387;3.440842;4.059001;3.182582;4.753804;5.103609;3.685928;4.235458;3.214508;2.093393;4.507788;2.129231;1.819697;1.571304;5.012116;1.841256;2.475581;4.160001;4.809351;1.492222;4.087417;2.747607;1.773297;4.601531;4.711026;4.861994;3.129275;4.746763;1.475836;3.601409;3.944958;1.608108;5.493374;5.988266;4.178547;3.828439;3.375637;2.995706;2.131965;2.530287;4.001018;3.415009;4.744612;3.879921;4.156614;2.646994;3.390000;2.599971;5.448593;3.565943;6.081559;6.172596;6.110551;9.294945;5.595320;4.548345;9.082222;5.164996;4.717448;4.882021;7.457473;6.490092;7.165896;7.050905;8.880984;8.826745;7.031865;5.359700;5.049085;8.891352;5.298677;4.242050;8.199833;7.102161;6.056103;5.988754;6.503170;7.139628;8.993552;7.273582;7.079043;5.202245;7.891373;7.368891;8.734227;3.679043;4.243380;7.039623;8.420753;5.866885;6.661682;7.138637;8.830510;8.050704;9.354475;7.048994;3.267442;7.490655;4.467008;8.036133;3.778290;7.370629;8.626704;7.449232;5.068181;5.915870;5.906291;9.205982;8.534547;7.020093;3.654060
1.220000;-4.195840;2.996805;3.501198;3.533335;2.990982;3.367331;1.820053;3.171821;4.118244;1.579587;5.333636;1.711385;3.281914;2.340451;3.677062;4.069454;2.427985;1.883694;2.946481;3.803247;5.353035;2.813954;3.815880;4.131007;1.676280;3.892078;3.467488;2.697515;3.510393;2.970851;4.814400;3.007072;4.511692;4.895466;4.794055;1.905375;2.979660;1.338684;3.574723;5.687161;4.932912;1.510415;5.129600;1.920729;5.027840;3.269288;4.033960;4.406557;5.610226;3.658987;2.763526;5.394636;2.711484;1.814609;3.123076;3.376893;3.833318;4.739734;1.869271;5.117887;1.402474;2.708090;1.698095;2.581827;4.136783;4.806782;3.459413;4.101450;3.193241;4.775322;5.130920;3.769852;4.294950;3.255744;2.114668;4.554339;2.156003;1.530376;1.579281;5.049183;1.862336;2.492878;4.166594;4.826578;1.501702;4.129075;2.766173;1.800736;4.381967;4.778712;4.892590;3.168022;4.753887;1.510690;3.613439;3.963506;1.626784;5.556031;6.046590;4.185905;3.872093;3.433025;3.021396;2.159436;2.548802;4.024117;3.446422;4.758765;3.885314;4.194271;2.646994;3.415591;2.622610;5.476603;3.626173;5.406113;6.190722;6.080617;9.310352;5.597742;4.558368;9.114373;5.201694;4.726786;4.895801;7.450048;6.600553;7.246448;7.143369;8.929453;8.871010;7.046726;5.362733;5.094860;8.944519;5.298676;4.261015;8.216823;7.166143;6.070240;6.091480;6.548016;7.270694;9.011234;7.273578;7.082206;5.211043;7.942954;7.399278;8.737377;3.792497;4.285475;7.058672;8.443563;5.885630;6.809366;7.153823;8.841111;8.173926;9.387243;7.083890;3.267442;7.501129;4.567625;8.044593;3.803594;7.430444;8.694921;7.504647;5.078723;6.011039;5.949635;9.269608;8.596598;7.024321;3.654063
1.220000;-4.505538;2.929091;3.485827;3.520326;2.978867;3.344720;1.821084;3.125856;4.111026;1.566031;5.324088;1.700067;3.262410;2.333550;3.620871;4.039894;2.328209;1.863969;2.937266;3.778105;5.338201;2.795897;3.810758;4.118204;1.658806;3.905058;3.451504;2.661535;3.491441;2.957236;4.814400;2.979399;4.502270;4.887632;4.789438;1.904980;2.962007;1.331103;3.550163;5.649200;4.917247;1.505521;5.122591;1.911915;5.002771;3.262028;4.030210;4.398722;5.588361;3.652695;2.748463;5.372482;2.703655;1.805117;3.104475;3.359579;4.080309;4.609126;1.857357;5.100617;1.377689;2.685083;1.679781;2.633855;4.124568;4.788971;3.448782;4.077544;3.187100;4.748236;5.115386;3.798409;4.261760;3.232505;2.102512;4.528190;2.140769;1.532504;1.574675;5.028241;1.850290;2.481896;4.162782;4.816705;1.496234;4.105606;2.755544;1.823118;4.443515;4.741097;4.875226;3.146153;4.749772;1.475836;3.606516;3.952886;1.616092;5.521130;6.014038;4.181654;3.847529;3.399167;3.006765;2.143811;2.538201;4.010937;3.428604;4.750634;3.882194;4.173000;2.646994;3.401018;2.609689;5.460679;3.592585;4.966941;6.180342;6.080787;9.301509;5.596336;4.552590;9.096148;5.180954;4.721400;4.895761;7.450124;6.495829;7.201915;7.086963;8.902261;8.846114;7.038193;5.360028;5.069135;8.914764;5.298676;4.485368;8.201327;7.105083;6.062119;6.035055;6.522800;7.199046;9.001102;7.273585;7.080372;5.205967;7.914062;7.382031;8.733543;3.679843;4.261765;7.047770;8.430541;5.874897;6.728741;7.145109;8.835003;8.106496;9.368678;7.064143;3.267442;7.547719;4.512331;8.039707;3.789180;7.397082;8.657021;7.473674;5.072649;5.958668;5.925241;9.234185;8.562028;7.021872;3.654061
1.220000;-4.367611;2.961821;3.507734;3.538762;2.995996;3.377491;1.834774;3.195415;4.121104;1.585265;5.337502;1.716036;3.290487;2.348769;3.617335;4.083360;2.621968;1.892370;2.950201;3.814742;5.359318;2.821794;3.817870;4.136336;1.683839;3.864445;3.474318;2.715085;3.518680;2.976559;4.814400;3.019943;4.515501;4.898587;4.795842;1.912113;2.987307;1.341697;3.585907;5.705907;4.939591;1.512310;5.132370;1.924273;5.039301;3.272167;4.035398;4.409678;5.619992;3.661460;2.769919;5.404557;2.714603;1.818450;3.131189;3.384372;3.829549;4.799911;1.874196;5.125344;1.401761;2.718458;1.706068;2.583356;4.141844;4.814497;3.463758;4.112288;3.195649;4.762906;5.137537;3.774861;4.310903;3.266230;2.119703;4.566376;2.162478;1.669364;1.581061;5.058475;1.867319;2.454506;4.168056;4.830582;1.503833;4.139681;2.770511;1.686160;4.315663;4.797243;4.900093;3.177797;4.755469;1.475836;3.616174;3.967845;1.631156;5.572967;6.062188;4.187540;3.883278;3.395503;3.027580;2.166097;2.553134;4.029621;3.454150;4.762015;3.886503;4.203735;2.646994;3.421749;2.627997;5.483404;3.642362;4.968197;6.194955;6.087657;9.313910;5.598269;4.560627;9.122301;5.210889;4.728884;4.885553;7.507381;6.483899;7.269165;7.265869;8.942055;8.882377;7.050149;5.358389;5.106672;8.958537;5.298678;4.733862;8.203750;7.114122;6.073487;6.121710;6.559551;7.310962;9.015359;7.273589;7.082895;5.213014;7.956495;7.406729;8.733462;3.721574;4.296209;7.063138;8.448996;5.890023;6.855696;7.157322;8.843506;8.211372;9.395344;7.092582;3.267442;7.516990;4.597124;8.046486;3.809676;7.446503;8.713634;7.519350;5.081104;6.038667;5.960735;9.286857;8.613353;7.025246;3.654061
1.220000;-5.184164;2.875150;3.512081;3.542513;2.999517;3.383506;1.820487;3.205554;4.123288;1.589155;5.340337;1.719346;3.295814;2.365477;4.064474;4.090790;2.557167;1.897750;2.952944;3.821296;5.363531;2.826787;3.819448;4.140034;1.688697;3.866596;3.478817;2.723670;3.523887;2.980467;4.814400;3.027006;4.518300;4.900947;4.797270;1.953765;2.992205;1.343987;3.592339;5.714820;4.944009;1.513820;5.134495;1.926906;5.045836;3.274364;4.036566;4.412038;5.625851;3.663379;2.774190;5.410476;2.716962;1.821270;3.136305;3.389189;3.862920;4.646608;1.877663;5.130152;1.378329;2.724563;1.711121;2.590104;4.145391;4.819433;3.466888;4.118584;3.197524;4.767015;5.141925;3.788969;4.319001;3.272384;2.123235;4.573137;2.166792;1.529722;1.582485;5.064129;1.870824;2.441602;4.169241;4.833508;1.505511;4.145887;2.773640;1.686524;4.447592;4.806104;4.904922;3.183654;4.756747;1.475000;3.618274;3.970970;1.634302;5.581371;6.070176;4.188860;3.889712;3.371843;3.031746;2.170506;2.556253;4.033418;3.459087;4.764458;3.887480;4.209460;2.646994;3.425900;2.631726;5.487888;3.650531;5.012247;6.198014;6.082277;9.316550;5.598714;4.562395;9.127335;5.216497;4.730538;4.899583;7.464158;6.694905;7.279094;7.047149;8.949021;8.888878;7.052703;5.358406;5.113343;8.966003;5.298677;4.346377;8.194637;7.161897;6.075925;6.133228;6.566118;7.324155;9.018352;7.273582;7.083475;5.214579;7.963789;7.411532;8.734259;3.693363;4.302462;7.066339;8.452754;5.893175;6.869738;7.159928;8.845371;8.224141;9.400454;7.097963;3.267442;7.518011;4.608508;8.047992;3.813784;7.454633;8.722540;7.527045;5.082960;6.049682;5.967134;9.295341;8.621696;7.026016;3.654060
1.220000;-6.299521;3.012622;3.501961;3.533856;2.991424;3.369086;1.819771;3.178993;4.118360;1.580159;5.333884;1.711758;3.283197;2.359107;3.867903;4.072496;2.467405;1.885009;2.946707;3.805433;5.353738;2.815036;3.815916;4.131508;1.677294;3.864661;3.468320;2.702005;3.511600;2.971431;4.814399;3.009735;4.511930;4.895610;4.794079;1.908781;2.980696;1.338818;3.576807;5.692152;4.933707;1.510444;5.129706;1.920930;5.030018;3.269405;4.033965;4.406703;5.611860;3.659064;2.764254;5.396317;2.711628;1.814852;3.124231;3.377884;4.040479;4.639917;1.869695;5.118874;1.364778;2.709910;1.699217;2.601159;4.137233;4.807831;3.459738;4.103421;3.193310;4.774598;5.131702;3.798409;4.298776;3.257600;2.115114;4.556713;2.156751;1.845396;1.579304;5.050673;1.862772;2.463062;4.166600;4.826845;1.501750;4.130969;2.766490;1.861253;4.416008;4.783607;4.893587;3.169660;4.753897;1.477280;3.613540;3.963826;1.627112;5.560256;6.050283;4.185919;3.874177;3.418659;3.022078;2.160229;2.549124;4.024653;3.447481;4.758928;3.885310;4.195809;2.646994;3.416266;2.623124;5.477427;3.630098;5.002635;6.191024;6.079928;9.310554;5.597731;4.558425;9.115482;5.203157;4.726830;4.887482;7.503981;6.490474;7.253213;7.047162;8.932020;8.873157;7.046911;5.361208;5.097155;8.947598;5.298677;4.386524;8.200874;7.131513;6.070401;6.101939;6.550217;7.286586;9.011520;7.273571;7.082193;5.211078;7.945864;7.400264;8.788690;3.695494;4.287412;7.059016;8.444088;5.885961;6.828736;7.154018;8.841179;8.188249;9.388400;7.085207;3.267442;7.492630;4.577715;8.044621;3.804252;7.434317;8.699903;7.507991;5.078791;6.020175;5.951690;9.273966;8.600754;7.024308;3.654061
1.220000;-3.730606;3.131150;3.495097;3.528138;2.986128;3.358523;1.820133;3.154690;4.115308;1.574177;5.329781;1.706840;3.274262;2.364908;3.615011;4.058123;2.356489;1.875963;2.942757;3.793515;5.347139;2.806837;3.813783;4.125887;1.669385;3.864373;3.461157;2.683891;3.502947;2.965420;4.814400;2.996422;4.507885;4.892285;4.792162;1.902884;2.972697;1.335603;3.565204;5.672838;4.926700;1.508407;5.126748;1.917162;5.018137;3.266336;4.032417;4.403376;5.601693;3.656420;2.757542;5.385999;2.708305;1.810776;3.115760;3.370059;4.110799;4.578169;1.864494;5.111067;1.438108;2.699140;1.690886;2.598888;4.131890;4.799758;3.455135;4.092171;3.190734;4.756071;5.124758;3.798409;4.282316;3.246708;2.109799;4.544241;2.149953;1.537354;1.577390;5.040990;1.857508;2.457317;4.165026;4.822595;1.499465;4.119953;2.761899;1.687020;4.342437;4.764510;4.885736;3.159490;4.752195;1.485771;3.610619;3.959231;1.622483;5.542786;6.034189;4.184159;3.862570;3.516514;3.015576;2.153240;2.544535;4.018852;3.439398;4.755468;3.884027;4.185956;2.646994;3.409796;2.617447;5.470293;3.613402;4.961137;6.186542;6.103202;9.306772;5.597159;4.556006;9.107198;5.193582;4.724583;4.922379;7.477365;6.555421;7.229820;7.055631;8.918975;8.861368;7.043270;5.385311;5.084919;8.933121;5.298677;4.373522;8.207858;7.115843;6.066946;6.070714;6.538256;7.244660;9.007153;7.273582;7.081446;5.208963;7.931861;7.392472;8.738596;3.703805;4.276267;7.054289;8.438362;5.881312;6.780227;7.150293;8.838617;8.149347;9.379942;7.076148;3.267442;7.484812;4.547250;8.042592;3.797857;7.417757;8.680627;7.492810;5.076243;5.991682;5.940179;9.256184;8.583475;7.023307;3.654061
1.220000;-5.621420;2.896173;3.493654;3.526909;2.984982;3.356441;1.823449;3.150840;4.114622;1.572900;5.328875;1.705767;3.272442;2.337859;3.623857;4.055457;2.621968;1.874124;2.941882;3.791214;5.345744;2.805151;3.813294;4.124679;1.667752;3.866100;3.459656;2.680733;3.501179;2.964137;4.814399;2.993912;4.506991;4.891540;4.791722;2.179223;2.971048;1.334882;3.562951;5.669537;4.925230;1.507941;5.126080;1.916324;5.015841;3.265645;4.032060;4.402631;5.599675;3.655821;2.756127;5.383952;2.707561;1.809875;3.114026;3.368439;3.894278;4.676427;1.863368;5.109453;1.355054;2.697021;1.689176;2.599889;4.130737;4.798098;3.454127;4.089980;3.190148;4.754895;5.123299;3.690036;4.279368;3.244570;2.108650;4.541855;2.148524;1.530531;1.576951;5.039053;1.856370;2.443271;4.164661;4.821659;1.498944;4.117791;2.760885;1.906418;4.410789;4.761230;4.884113;3.157468;4.751803;1.968150;3.609960;3.958224;1.621469;5.539712;6.031287;4.183754;3.860319;3.381548;3.014202;2.151772;2.543531;4.017609;3.437737;4.754694;3.883729;4.183989;2.646994;3.408423;2.616227;5.468799;3.610421;5.525244;6.185557;6.084657;9.305934;5.597025;4.555456;9.105497;5.191657;4.724067;4.899843;7.511763;6.487971;7.226058;7.215305;8.916502;8.859087;7.042459;5.391064;5.082566;8.930438;5.298678;4.275398;8.225052;7.148153;6.066172;6.066239;6.535947;7.239450;9.006190;7.273582;7.081272;5.208479;7.929254;7.390856;8.800061;3.697983;4.274086;7.053256;8.437130;5.880297;6.774656;7.149466;8.838035;8.144324;9.378205;7.074309;3.267442;7.495165;4.542837;8.042125;3.796500;7.414788;8.677321;7.490030;5.075665;5.987434;5.937937;9.253065;8.580420;7.023073;3.654060
1.220000;-5.972452;2.945862;3.495564;3.528560;2.986532;3.359058;1.819278;3.154884;4.115582;1.574611;5.330123;1.707226;3.274776;2.329519;3.616835;4.058631;2.621968;1.876473;2.943090;3.794046;5.347597;2.807341;3.813988;4.126307;1.669876;3.925880;3.461630;2.684318;3.503454;2.965856;4.814400;2.996945;4.508226;4.892579;4.792348;1.931115;2.973194;1.335889;3.565736;5.673231;4.927171;1.508606;5.127016;1.917483;5.018669;3.266612;4.032572;4.403670;5.602222;3.656665;2.758005;5.386528;2.708598;1.811116;3.116266;3.370551;3.838229;4.795195;1.864896;5.111561;1.384793;2.699672;1.691389;2.579636;4.132298;4.800261;3.455506;4.092704;3.190974;4.742875;5.125227;3.687542;4.282786;3.247240;2.110205;4.544771;2.150422;1.618017;1.577577;5.041517;1.857914;2.619439;4.165183;4.822945;1.499682;4.120487;2.762264;1.690079;4.311195;4.764906;4.886229;3.160019;4.752364;1.475836;3.610886;3.959600;1.622854;5.543237;6.034667;4.184332;3.863103;3.380065;3.016031;2.153709;2.544906;4.019279;3.439899;4.755770;3.884158;4.186490;2.646994;3.410252;2.617870;5.470767;3.613864;5.139527;6.186905;6.084753;9.307097;5.597220;4.556235;9.107698;5.194103;4.724796;4.888196;7.489809;6.517935;7.230047;7.174139;8.919492;8.861901;7.043585;5.360826;5.085448;8.933615;5.298677;4.213650;8.197289;7.099758;6.067245;6.070550;6.538788;7.243868;9.007509;7.273582;7.081525;5.209167;7.932379;7.392960;8.734081;3.693197;4.276800;7.054666;8.438779;5.881686;6.778998;7.150615;8.838857;8.148745;9.380440;7.076658;3.267442;7.538463;4.547133;8.042788;3.798306;7.418214;8.681000;7.493304;5.076480;5.991664;5.940710;9.256616;8.583924;7.023412;3.654060
1.220000;-5.709221;2.903843;3.503592;3.535295;2.992782;3.371174;1.819637;3.181159;4.119231;1.581642;5.335000;1.713043;3.285121;2.363994;3.625289;4.074822;2.621968;1.886939;2.947788;3.807630;5.355327;2.816864;3.816554;4.132927;1.679080;3.897249;3.469999;2.704386;3.513483;2.972920;4.814400;3.012018;4.513031;4.896550;4.794658;2.038985;2.982494;1.339728;3.578981;5.694522;4.935360;1.511055;5.130554;1.921970;5.032212;3.270281;4.034440;4.407641;5.613909;3.659834;2.765863;5.398382;2.712567;1.815962;3.126094;3.379658;3.864725;4.733971;1.871035;5.120644;1.357450;2.712019;1.701058;2.620016;4.138601;4.809637;3.460957;4.105566;3.194063;4.749159;5.133345;3.798409;4.301153;3.259718;2.116476;4.558944;2.158373;1.728790;1.579880;5.052673;1.864125;2.457563;4.167082;4.827995;1.502425;4.133097;2.767713;1.720656;4.345797;4.785977;4.895365;3.171710;4.754416;1.467580;3.614381;3.965047;1.628338;5.562641;6.052656;4.186454;3.876352;3.410965;3.023651;2.161878;2.550341;4.026106;3.449289;4.759896;3.885708;4.197831;2.646994;3.417839;2.624555;5.479100;3.632479;4.971077;6.192223;6.117839;9.311599;5.597913;4.559137;9.117316;5.205147;4.727497;4.915157;7.450942;6.553187;7.255424;7.046259;8.934285;8.875339;7.047922;5.359685;5.099374;8.949934;5.298677;4.229313;8.195942;7.098434;6.071371;6.103511;6.552416;7.286764;9.012691;7.273585;7.082430;5.211710;7.948172;7.402035;8.735248;3.685593;4.289548;7.060263;8.445530;5.887193;6.827862;7.155049;8.841930;8.188867;9.390255;7.087141;3.267442;7.543770;4.579369;8.045230;3.805808;7.436697;8.702263;7.510341;5.079536;6.022021;5.953859;9.276342;8.603134;7.024624;3.654061
1.220000;-3.208082;3.353971;3.509975;3.540710;2.997828;3.380522;1.835946;3.200092;4.122256;1.587280;5.338989;1.717762;3.293197;2.328904;3.705621;4.087021;2.381398;1.895106;2.951639;3.818018;5.361494;2.824348;3.818708;4.138256;1.686327;3.936538;3.476630;2.719215;3.521333;2.978585;4.814400;3.023443;4.516967;4.899830;4.796602;2.004772;2.989814;1.342904;3.589128;5.710161;4.941866;1.513113;5.133492;1.925657;5.042569;3.273325;4.036021;4.410920;5.622954;3.662475;2.772122;5.407545;2.715846;1.819929;3.133802;3.386841;3.959644;4.579143;1.876002;5.127809;1.392671;2.721529;1.708650;2.609905;4.143689;4.817021;3.465395;4.115451;3.196642;4.752853;5.139798;3.717689;4.314842;3.269325;2.121540;4.569746;2.164702;1.529762;1.581817;5.061345;1.869141;2.509417;4.168687;4.832116;1.504723;4.142801;2.772146;1.995120;4.335704;4.801480;4.902566;3.180756;4.756150;1.475836;3.617284;3.969478;1.632801;5.577025;6.066081;4.188243;3.886500;3.372353;3.029733;2.168366;2.554765;4.031588;3.456678;4.763301;3.887024;4.206631;2.646994;3.423896;2.629933;5.485713;3.646327;5.079397;6.196554;6.080242;9.315296;5.598507;4.561563;9.124871;5.213732;4.729760;4.936305;7.479418;6.602783;7.273775;7.137084;8.945514;8.885633;7.051492;5.358379;5.110000;8.962208;5.298676;4.276645;8.238433;7.107615;6.074771;6.126746;6.562834;7.316196;9.016923;7.273585;7.083205;5.213844;7.960096;7.409189;8.753756;3.702146;4.299350;7.064810;8.450946;5.891669;6.860887;7.158690;8.844495;8.216594;9.397946;7.095319;3.267442;7.553915;4.602138;8.047284;3.811800;7.450453;8.717881;7.523121;5.082087;6.043592;5.963940;9.290951;8.617389;7.025658;3.654061
1.220000;-7.808360;3.669229;3.501601;3.533564;2.991154;3.368497;1.861869;3.177350;4.118212;1.579851;5.333680;1.711511;3.282712;2.335983;3.650206;4.071632;2.361333;1.884514;2.946512;3.804747;5.353395;2.814596;3.815814;4.131219;1.676871;3.939352;3.467944;2.700856;3.511135;2.971121;4.814400;3.008948;4.511730;4.895448;4.793987;1.981987;2.980267;1.338660;3.576141;5.690910;4.933339;1.510347;5.129561;1.920744;5.029329;3.269258;4.033891;4.406540;5.611292;3.658937;2.763905;5.395738;2.711467;1.814650;3.123776;3.377466;3.880340;5.033490;1.869431;5.118456;1.355970;2.709303;1.698766;2.579631;4.136962;4.807400;3.459507;4.102781;3.193186;4.748728;5.131337;3.798409;4.297760;3.256985;2.114843;4.555985;2.156397;1.529686;1.579212;5.050134;1.862505;2.446502;4.166525;4.826635;1.501639;4.130339;2.766259;1.690032;4.311450;4.782382;4.893168;3.169089;4.753817;1.475836;3.613400;3.963596;1.626880;5.559161;6.049292;4.185836;3.873510;3.374835;3.021740;2.159859;2.548893;4.024356;3.447046;4.758758;3.885249;4.195269;2.646994;3.415929;2.622834;5.477054;3.629060;4.960506;6.190802;6.091142;9.310366;5.597703;4.558308;9.115037;5.202629;4.726722;4.882987;7.451931;6.716410;7.251637;7.168103;8.931245;8.872473;7.046732;5.358652;5.096445;8.946726;5.298678;4.225238;8.194989;7.098750;6.070233;6.099708;6.549527;7.283456;9.011305;7.273578;7.082158;5.210977;7.945024;7.399846;8.747066;3.734441;4.286778;7.058777;8.443792;5.885729;6.825064;7.153835;8.841057;8.185369;9.387934;7.084708;3.267441;7.609605;4.575545;8.044526;3.803919;7.433289;8.698650;7.507069;5.078668;6.018178;5.951026;9.272841;8.599669;7.024261;3.654061
1.220000;-7.521904;3.513352;3.497355;3.530064;2.987928;3.361771;1.819199;3.161101;4.116402;1.576179;5.331214;1.708525;3.277086;2.332274;3.700401;4.062304;2.621968;1.878808;2.944142;3.797105;5.349321;2.809464;3.814565;4.127785;1.671933;3.870817;3.463500;2.688936;3.505695;2.967432;4.814399;3.000351;4.509303;4.893469;4.792870;1.982167;2.975271;1.336750;3.568714;5.678158;4.928998;1.509158;5.127810;1.918489;5.021715;3.267436;4.032995;4.404559;5.604842;3.657379;2.759756;5.389185;2.709488;1.812201;3.118463;3.372584;3.826643;4.904819;1.866267;5.113589;1.371659;2.702442;1.693548;2.586987;4.133706;4.802357;3.456723;4.095596;3.191669;4.741488;5.127038;3.798409;4.286985;3.250040;2.111605;4.547966;2.152193;1.626411;1.578097;5.044013;1.859299;2.595269;4.165613;4.824074;1.500299;4.123319;2.763484;1.832517;4.428489;4.769778;4.888269;3.162640;4.752827;1.467517;3.611670;3.960818;1.624080;5.547689;6.038772;4.184812;3.866083;3.373122;3.017731;2.155532;2.546120;4.020803;3.441993;4.756695;3.884509;4.189026;2.646994;3.411938;2.619360;5.472627;3.618124;5.030104;6.188094;6.097363;9.308104;5.597378;4.556888;9.109845;5.196577;4.725404;4.884081;7.498682;6.503546;7.236031;7.093645;8.922838;8.864927;7.044557;5.359649;5.088585;8.937330;5.298676;4.237716;8.200495;7.099181;6.068173;6.078609;6.541856;7.254835;9.008668;7.273589;7.081731;5.209739;7.935955;7.394988;8.749991;3.691742;4.279663;7.055917;8.440287;5.882917;6.791817;7.151606;8.839547;8.158880;9.382637;7.079005;3.267443;7.486484;4.554986;8.043339;3.799981;7.422446;8.685930;7.497183;5.077168;5.998991;5.943666;9.261155;8.588333;7.023687;3.654062
1.220000;-5.154252;2.875101;3.491175;3.524881;2.983119;3.352443;1.843384;3.140946;4.113596;1.570769;5.327465;1.704049;3.269120;2.382685;3.690084;4.049839;2.500912;1.870755;2.940527;3.786641;5.343368;2.802132;3.812593;4.122690;1.664849;3.868984;3.457056;2.673502;3.497973;2.961995;4.814399;2.988746;4.505602;4.890415;4.791097;2.107100;2.968112;1.333799;3.558513;5.661794;4.922692;1.507276;5.125089;1.915038;5.011287;3.264613;4.031559;4.401506;5.595838;3.654942;2.753706;5.380056;2.706437;1.808475;3.110892;3.365571;3.951931;4.918040;1.861541;5.106594;1.349705;2.692935;1.686101;2.637429;4.128855;4.795129;3.452529;4.085687;3.189293;4.763267;5.120787;3.762392;4.272854;3.240430;2.106779;4.537049;2.146073;1.923193;1.576327;5.035422;1.854518;2.617354;4.164154;4.820192;1.498191;4.113607;2.759288;1.724386;4.311501;4.753576;4.881235;3.153635;4.751250;1.924546;3.608984;3.956629;1.619860;5.532753;6.024929;4.183181;3.855880;3.388899;3.011866;2.149245;2.541939;4.015548;3.434765;4.753522;3.883319;4.180286;2.646994;3.406095;2.614216;5.466211;3.603803;5.057436;6.184002;6.083349;9.304639;5.596848;4.554657;9.102443;5.188068;4.723328;4.884043;7.450583;6.483441;7.216555;7.062167;8.911448;8.854566;7.041219;5.362021;5.077858;8.924771;5.298679;4.319225;8.199092;7.172102;6.065001;6.053438;6.531360;7.222356;9.004681;7.273593;7.081036;5.207785;7.923796;7.388001;8.741430;3.682038;4.269843;7.051611;8.435102;5.878680;6.755064;7.148198;8.837185;8.128422;9.375079;7.070934;3.267442;7.519543;4.530354;8.041461;3.794206;7.408224;8.669583;7.484065;5.074819;5.975764;5.933539;9.245975;8.573550;7.022756;3.654061
1.220000;-4.598215;2.919990;3.504776;3.536356;2.993792;3.372634;1.856499;3.182796;4.119909;1.582734;5.335847;1.714007;3.286478;2.401587;3.643537;4.076429;2.621968;1.888306;2.948613;3.809157;5.356488;2.818166;3.817061;4.133977;1.680361;3.874784;3.471211;2.706049;3.514821;2.974015;4.814399;3.013596;4.513870;4.897274;4.795119;1.933712;2.983781;1.340435;3.580493;5.696185;4.936560;1.511541;5.131216;1.922767;5.033734;3.270965;4.034823;4.408366;5.615347;3.660439;2.767032;5.399828;2.713293;1.816806;3.127424;3.380932;4.051081;4.716522;1.872035;5.121916;1.390573;2.713490;1.702372;2.579583;4.139617;4.810932;3.461876;4.107067;3.194656;4.741527;5.134537;3.774409;4.302804;3.261194;2.117489;4.560493;2.159550;1.989897;1.580341;5.054083;1.865132;2.442838;4.167470;4.828862;1.502961;4.134583;2.768635;1.690859;4.386312;4.787646;4.896640;3.173147;4.754833;1.478151;3.615037;3.965965;1.629260;5.564301;6.054298;4.186884;3.877862;3.409677;3.024800;2.163075;2.551258;4.027178;3.450581;4.760644;3.886032;4.199251;2.646994;3.418984;2.625613;5.480312;3.634129;5.109891;6.193124;6.081409;9.312397;5.598065;4.559699;9.118629;5.206550;4.728027;4.908695;7.460993;6.488276;7.257078;7.093448;8.935854;8.876861;7.048700;5.358442;5.100914;8.951530;5.298676;4.652168;8.210977;7.147908;6.072117;6.105022;6.553944;7.287938;9.013580;7.273589;7.082627;5.212213;7.949766;7.403300;8.733365;3.701674;4.291039;7.061201;8.446589;5.888118;6.828771;7.155836;8.842520;8.190146;9.391583;7.088508;3.267442;7.586008;4.580886;8.045714;3.806946;7.438343;8.703930;7.511968;5.080123;6.023588;5.955365;9.278006;8.604793;7.024882;3.654061
1.220000;-3.855422;3.090918;3.495932;3.528825;2.986763;3.359841;1.822847;3.157928;4.115664;1.574895;5.330266;1.707425;3.275360;2.328239;3.621157;4.059951;2.621968;1.877071;2.943225;3.795011;5.347939;2.807841;3.814028;4.126561;1.670353;3.888674;3.462025;2.686241;3.504009;2.966145;4.814400;2.998105;4.508364;4.892675;4.792382;1.949775;2.973677;1.335981;3.566658;5.675360;4.927551;1.508643;5.127092;1.917606;5.019624;3.266694;4.032595;4.403766;5.602956;3.656728;2.758355;5.387281;2.708694;1.811258;3.116800;3.371015;3.903537;4.598508;1.865117;5.112022;1.349301;2.700483;1.691907;2.605963;4.132532;4.800747;3.455681;4.093576;3.191034;4.754426;5.125601;3.764725;4.284431;3.248069;2.110436;4.545812;2.150779;1.600494;1.577612;5.042191;1.858140;2.534357;4.165206;4.823099;1.499730;4.121327;2.762436;1.771351;4.354445;4.766994;4.886696;3.160753;4.752390;1.474926;3.610960;3.959777;1.623033;5.545043;6.036253;4.184363;3.864024;3.408184;3.016364;2.154089;2.545080;4.019551;3.440390;4.755875;3.884174;4.187179;2.646994;3.410575;2.618129;5.471160;3.615552;5.220037;6.187073;6.111486;9.307220;5.597224;4.556286;9.108212;5.194765;4.724843;4.901980;7.450768;6.513209;7.232924;7.054486;8.920621;8.862847;7.043699;5.360180;5.086458;8.934965;5.298677;4.263373;8.253584;7.235403;6.067351;6.074994;6.539757;7.250637;9.007672;7.273582;7.081531;5.209207;7.933640;7.393425;8.734498;3.687416;4.277660;7.054853;8.439051;5.881867;6.787299;7.150733;8.838914;8.154837;9.380976;7.077261;3.267441;7.484187;4.551418;8.042824;3.798630;7.419884;8.683137;7.494750;5.076540;5.995549;5.941619;9.258482;8.585708;7.023420;3.654061
1.220000;-1.507747;4.498466;3.500548;3.532707;2.990367;3.366767;1.848064;3.172724;4.117784;1.578950;5.333088;1.710788;3.281291;2.368636;3.615575;4.069165;2.621968;1.883068;2.945945;3.802764;5.352386;2.813308;3.815523;4.130380;1.675632;3.883175;3.466837;2.697616;3.509757;2.970215;4.814400;3.006696;4.511147;4.894979;4.793728;1.913246;2.979014;1.338207;3.574220;5.687411;4.932261;1.510070;5.129148;1.920205;5.027357;3.268826;4.033685;4.406069;5.609643;3.658570;2.762879;5.394061;2.710998;1.814063;3.122438;3.376245;3.827374;4.600151;1.868662;5.117239;1.356179;2.707540;1.697454;2.583710;4.136168;4.806129;3.458834;4.100928;3.192831;4.745105;5.130270;3.768616;4.294860;3.255199;2.114054;4.553895;2.155354;1.538801;1.578954;5.048581;1.861724;2.444230;4.166315;4.826018;1.501327;4.128531;2.765589;1.756898;4.347715;4.778930;4.891942;3.167441;4.753589;1.475836;3.612992;3.962925;1.626204;5.556055;6.046473;4.185597;3.871587;3.420847;3.020750;2.158787;2.548223;4.023485;3.445779;4.758267;3.885080;4.193676;2.646994;3.414947;2.621986;5.475951;3.626116;5.731147;6.190148;6.104609;9.309826;5.597631;4.557975;9.113731;5.201090;4.726415;4.883503;7.450614;6.484491;7.247224;7.067140;8.929049;8.870517;7.046213;5.360855;5.094405;8.944242;5.298677;4.234876;8.196814;7.155004;6.069743;6.093401;6.547535;7.274255;9.010670;7.273582;7.082062;5.210690;7.942631;7.398633;8.739338;3.724768;4.284944;7.058086;8.442940;5.885049;6.813940;7.153301;8.840703;8.177024;9.386608;7.083269;3.267442;7.493052;4.569432;8.044250;3.802947;7.430374;8.695168;7.504440;5.078316;6.012546;5.949127;9.269672;8.596604;7.024130;3.654060
1.220000;-5.649049;2.898304;3.499908;3.532193;2.989898;3.365690;2.022487;3.169738;4.117537;1.578410;5.332742;1.710357;3.280408;2.454171;3.615697;4.067584;2.346963;1.882173;2.945609;3.801508;5.351778;2.812519;3.815359;4.129877;1.674876;3.900743;3.466168;2.695515;3.508911;2.969670;4.814400;3.005256;4.510805;4.894706;4.793581;1.936237;2.978245;1.337945;3.573004;5.685140;4.931606;1.509913;5.128910;1.919891;5.026106;3.268576;4.033568;4.405797;5.608611;3.658360;2.762257;5.393010;2.710725;1.813718;3.121612;3.375494;3.927284;4.583437;1.868203;5.116492;1.354928;2.706433;1.696645;2.581300;4.135695;4.805358;3.458437;4.099755;3.192626;4.773039;5.129622;3.798409;4.293000;3.254073;2.113583;4.552568;2.154725;1.622402;1.578806;5.047606;1.861259;2.447134;4.166194;4.825657;1.501148;4.127398;2.765196;1.697877;4.314137;4.776690;4.891189;3.166408;4.753459;1.475836;3.612756;3.962529;1.625803;5.554047;6.044657;4.185466;3.870375;3.384998;3.020152;2.158134;2.547828;4.022963;3.445001;4.757982;3.884983;4.192676;2.646994;3.414349;2.621475;5.475283;3.624215;5.948808;6.189764;6.083744;9.309508;5.597590;4.557786;9.112928;5.200129;4.726238;4.895896;7.475833;6.483591;7.244373;7.059529;8.927643;8.869278;7.045911;5.375309;5.093101;8.942642;5.298677;4.396986;8.254377;7.111739;6.069455;6.089400;6.546273;7.268685;9.010294;7.273582;7.082008;5.210526;7.941099;7.397886;8.799589;3.690521;4.283787;7.057676;8.442420;5.884648;6.807401;7.152991;8.840500;8.171892;9.385779;7.082368;3.267441;7.491115;4.565538;8.044093;3.802361;7.428488;8.692901;7.502745;5.078115;6.008948;5.947923;9.267616;8.594623;7.024058;3.654061
1.220000;-5.660200;2.898271;3.499261;3.531572;2.989296;3.365118;1.833443;3.170957;4.117092;1.577779;5.332208;1.709771;3.279775;2.340550;3.614715;4.067304;2.357091;1.881544;2.945088;3.801020;5.351135;2.811866;3.815018;4.129260;1.674224;3.929357;3.465516;2.695692;3.508272;2.969040;4.814400;3.004877;4.510276;4.894236;4.793268;1.902820;2.977595;1.337484;3.572494;5.685496;4.930956;1.509585;5.128475;1.919382;5.025616;3.268132;4.033306;4.405326;5.608017;3.657958;2.761610;5.392426;2.710255;1.813186;3.120967;3.374843;3.831171;4.593392;1.867603;5.115839;1.359074;2.705869;1.695999;2.592301;4.135090;4.804706;3.457870;4.099226;3.192233;4.760648;5.128974;3.798409;4.292955;3.253520;2.112979;4.552119;2.154078;1.929391;1.578494;5.046994;1.860658;2.441622;4.165930;4.825112;1.500789;4.126851;2.764625;1.714035;4.331977;4.777010;4.890538;3.165817;4.753175;1.475836;3.612326;3.961963;1.625235;5.554137;6.044569;4.185174;3.869861;3.373704;3.019508;2.157484;2.547262;4.022340;3.444350;4.757499;3.884762;4.192078;2.646994;3.413708;2.620854;5.474630;3.624205;4.998020;6.189203;6.106404;9.308999;5.597483;4.557410;9.112282;5.199515;4.725884;4.892199;7.450912;6.492212;7.245418;7.075150;8.927240;8.868781;7.045412;5.358377;5.092637;8.942381;5.298677;4.653906;8.195848;7.173589;6.068974;6.092126;6.545786;7.274282;9.009744;7.273589;7.081871;5.210186;7.940784;7.397233;8.733489;3.679291;4.283246;7.057100;8.441802;5.884078;6.815023;7.152489;8.840108;8.176623;9.385139;7.081738;3.267442;7.498996;4.568083;8.043765;3.801719;7.428463;8.693253;7.502548;5.077724;6.011048;5.947411;9.267749;8.594686;7.023879;3.654061
1.220000;-7.260977;3.372639;3.497555;3.530175;2.988012;3.362382;1.832371;3.164264;4.116385;1.576312;5.331234;1.708587;3.277496;2.340421;3.617905;4.063479;2.621968;1.879234;2.944155;3.797897;5.349500;2.809794;3.814534;4.127889;1.672229;3.866907;3.463726;2.690785;3.506073;2.967565;4.814400;3.001355;4.509318;4.893459;4.792836;1.908770;2.975579;1.336738;3.569463;5.680240;4.929213;1.509125;5.127789;1.918494;5.022502;3.267419;4.032961;4.404551;5.605398;3.657352;2.759945;5.389761;2.709477;1.812219;3.118818;3.372875;3.874936;4.659127;1.866344;5.113878;1.381472;2.703076;1.693892;2.618993;4.133792;4.802676;3.456767;4.096292;3.191642;4.743382;5.127246;3.769510;4.288524;3.250690;2.111690;4.548839;2.152388;1.782263;1.578063;5.044506;1.859382;2.442223;4.165578;4.824100;1.500269;4.123985;2.763525;1.689042;4.441675;4.771819;4.888562;3.163195;4.752792;1.475836;3.611649;3.960862;1.624121;5.549413;6.040245;4.184779;3.866830;3.414119;3.017903;2.155745;2.546163;4.020921;3.442311;4.756689;3.884478;4.189540;2.646994;3.412110;2.619470;5.472852;3.619706;5.081650;6.188132;6.082836;9.308110;5.597360;4.556858;9.110188;5.197059;4.725373;4.891868;7.548420;6.549603;7.238985;7.049499;8.923798;8.865700;7.044557;5.368215;5.089422;8.938516;5.298676;4.211898;8.196857;7.125227;6.068163;6.083466;6.542653;7.262656;9.008699;7.273589;7.081708;5.209708;7.937068;7.395277;8.770723;3.690597;4.280347;7.055965;8.440401;5.882962;6.801637;7.151612;8.839521;8.165824;9.382990;7.079428;3.267440;7.510007;4.559643;8.043306;3.800143;7.424000;8.688009;7.498492;5.077141;6.003153;5.944399;9.262937;8.590020;7.023659;3.654060
1.220000;-4.925823;2.885937;3.509753;3.540482;2.997603;3.380406;1.819198;3.201210;4.122077;1.587054;5.338779;1.717539;3.293020;2.370743;3.816948;4.087126;2.437140;1.894928;2.951434;3.817966;5.361268;2.824147;3.818567;4.138029;1.686122;4.430072;3.476413;2.719638;3.521148;2.978357;4.814399;3.023474;4.516759;4.899642;4.796471;1.988167;2.989608;1.342720;3.589061;5.710697;4.941646;1.512978;5.133316;1.925457;5.042513;3.273146;4.035911;4.410733;5.622818;3.662312;2.771896;5.407414;2.715658;1.819720;3.133605;3.386632;3.956213;4.700270;1.875777;5.127600;1.396102;2.721421;1.708452;2.628218;4.143463;4.816816;3.465176;4.115362;3.196481;4.743121;5.139575;3.785866;4.315114;3.269222;2.121314;4.569728;2.164475;1.742545;1.581689;5.061181;1.868915;2.446180;4.168575;4.831902;1.504576;4.142694;2.771928;1.781146;4.354549;4.802000;4.902359;3.180621;4.756031;1.468039;3.617110;3.969260;1.632583;5.577390;6.066323;4.188121;3.886431;3.373432;3.029506;2.168145;2.554547;4.031363;3.456474;4.763108;3.886931;4.206481;2.646994;3.423670;2.629706;5.485491;3.646623;4.972063;6.196338;6.083066;9.315096;5.598463;4.561409;9.124679;5.213574;4.729614;4.896589;7.539857;6.483757;7.274786;7.050587;8.945533;8.885577;7.051295;5.361505;5.109967;8.962330;5.298677;4.226081;8.206357;7.108147;6.074579;6.128857;6.562785;7.320164;9.016709;7.273589;7.083149;5.213706;7.960178;7.408982;8.736423;3.767762;4.299259;7.064590;8.450715;5.891450;6.866177;7.158494;8.844334;8.219995;9.397762;7.095146;3.267442;7.507644;4.604133;8.047151;3.811574;7.450735;8.718429;7.523291;5.081928;6.045290;5.963871;9.291343;8.617734;7.025581;3.654060
1.220000;-5.777733;2.913136;3.493679;3.526889;2.984949;3.356726;1.823966;3.153262;4.114556;1.572888;5.328815;1.705724;3.272594;2.332814;3.614577;4.056169;2.551870;1.874281;2.941822;3.791634;5.345757;2.805250;3.813235;4.124654;1.667834;3.929600;3.459693;2.681994;3.501307;2.964127;4.814399;2.994485;4.506931;4.891475;4.791665;1.928613;2.971135;1.334817;3.563340;5.670990;4.925262;1.507885;5.126015;1.916261;5.016255;3.265579;4.032011;4.402565;5.599922;3.655757;2.756145;5.384215;2.707495;1.809816;3.114141;3.368516;4.108714;4.608313;1.863330;5.109530;1.352525;2.697324;1.689285;2.579353;4.130703;4.798188;3.454076;4.090323;3.190085;4.858293;5.123329;3.798409;4.280367;3.244885;2.108617;4.542335;2.148546;1.628358;1.576896;5.039256;1.856333;2.478322;4.164612;4.821602;1.498884;4.118122;2.760831;1.687408;4.311069;4.762658;4.884191;3.157718;4.751750;1.475836;3.609896;3.958174;1.621419;5.540863;6.032236;4.183700;3.860700;3.384574;3.014210;2.151803;2.543479;4.017589;3.437826;4.754630;3.883687;4.184210;2.646994;3.408427;2.616204;5.468836;3.611462;4.961877;6.185504;6.084577;9.305870;5.597004;4.555393;9.105604;5.191860;4.724010;4.926479;7.458640;6.489000;7.228301;7.045660;8.917057;8.859495;7.042395;5.358935;5.083025;8.931169;5.298676;4.472499;8.225436;7.110234;6.066109;6.070278;6.536374;7.246455;9.006134;7.273585;7.081244;5.208421;7.929921;7.390934;8.737052;3.713164;4.274429;7.053211;8.437116;5.880247;6.783748;7.149405;8.837973;8.150440;9.378328;7.074472;3.267442;7.545270;4.546686;8.042069;3.796506;7.415814;8.678783;7.490858;5.075601;5.990805;5.938322;9.254278;8.581552;7.023038;3.654061
1.220000;-6.013161;2.956631;3.483826;3.518665;2.977331;3.341611;1.819570;3.118836;4.110153;1.564286;5.322906;1.698643;3.259781;2.328254;3.614762;4.035651;2.621968;1.861313;2.936130;3.774588;5.336279;2.793492;3.810151;4.116573;1.656489;3.872123;3.449412;2.656215;3.488903;2.955486;4.814400;2.975467;4.501108;4.886676;4.788894;1.902561;2.959663;1.330181;3.546741;5.643542;4.915201;1.504942;5.121745;1.910830;4.999265;3.261147;4.029772;4.397767;5.585370;3.651940;2.746504;5.369443;2.702701;1.803943;3.101997;3.357288;3.910574;4.944539;1.855848;5.098331;1.495219;2.681907;1.677338;2.658236;4.123021;4.786616;3.447450;4.074227;3.186364;4.747628;5.113358;3.778879;4.256913;3.229295;2.100972;4.524508;2.138783;1.529671;1.574132;5.025398;1.848765;2.458241;4.162337;4.815478;1.495585;4.102360;2.754218;1.829643;4.319791;4.735497;4.872927;3.143159;4.749288;1.466101;3.605680;3.951558;1.614753;5.515992;6.009294;4.181155;3.844105;3.424037;3.004872;2.141774;2.536877;4.009253;3.426238;4.749640;3.881831;4.170101;2.646994;3.399131;2.608040;5.458596;3.587666;5.543222;6.179049;6.082017;9.300421;5.596177;4.551899;9.093719;5.178136;4.720759;4.890595;7.508778;6.483941;7.195128;7.060570;8.898398;8.842629;7.037147;5.359059;5.065522;8.910490;5.298678;4.598211;8.207088;7.287490;6.061123;6.026283;6.519269;7.187914;8.999840;7.273589;7.080163;5.205365;7.909931;7.379750;8.819078;3.700804;4.258479;7.046405;8.428880;5.873554;6.716358;7.144035;8.834271;8.095994;9.366197;7.061480;3.267442;7.509786;4.503742;8.039131;3.787315;7.392202;8.651363;7.469196;5.071921;5.950561;5.921845;9.228953;8.556942;7.021588;3.654060
1.220000;-3.576451;3.191641;3.500105;3.532372;2.990072;3.365915;1.865954;3.170154;4.117659;1.578590;5.332890;1.710521;3.280623;2.364932;3.627456;4.067850;2.621968;1.882392;2.945756;3.801751;5.351970;2.812724;3.815452;4.130055;1.675081;3.864555;3.466362;2.695821;3.509126;2.969853;4.814399;3.005510;4.510952;4.894835;4.793667;1.938630;2.978454;1.338071;3.573246;5.685457;4.931803;1.510003;5.129029;1.920031;5.026348;3.268700;4.033640;4.405926;5.608840;3.658470;2.762449;5.393239;2.710854;1.813865;3.121826;3.375701;3.856155;4.607290;1.868373;5.116698;1.351095;2.706664;1.696858;2.586821;4.135867;4.805570;3.458595;4.099994;3.192734;4.765137;5.129819;3.798409;4.293283;3.254308;2.113756;4.552815;2.154918;1.532703;1.578892;5.047828;1.861430;2.454872;4.166268;4.825809;1.501245;4.127628;2.765354;1.700884;4.312378;4.777011;4.891396;3.166638;4.753537;1.497008;3.612875;3.962687;1.625961;5.554342;6.044937;4.185545;3.870615;3.373586;3.020342;2.158329;2.547987;4.023142;3.445209;4.758115;3.885045;4.192906;2.646994;3.414541;2.621655;5.475477;3.624507;5.264524;6.189919;6.080424;9.309651;5.597620;4.557889;9.113141;5.200353;4.726335;4.891014;7.450911;6.494045;7.244771;7.220152;8.927896;8.869524;7.046048;5.374978;5.093350;8.942916;5.298676;4.287647;8.196205;7.137983;6.069591;6.090032;6.546519;7.269830;9.010448;7.273589;7.082044;5.210618;7.941360;7.398093;8.733746;3.701156;4.284024;7.057837;8.442603;5.884809;6.808983;7.153132;8.840609;8.172871;9.385998;7.082587;3.267442;7.484197;4.566144;8.044183;3.802550;7.428779;8.693229;7.503019;5.078221;6.009483;5.948167;9.267920;8.594919;7.024106;3.654061
1.220000;-4.164644;2.998172;3.482938;3.517871;2.976578;3.340508;1.825833;3.117709;4.109655;1.563468;5.322278;1.697926;3.258753;2.331618;3.615830;4.034454;2.621968;1.860284;2.935520;3.773442;5.335405;2.792508;3.809783;4.115788;1.655521;3.868697;3.448500;2.655003;3.487890;2.954666;4.814400;2.974291;4.500486;4.886143;4.788559;2.074930;2.958694;1.329662;3.545605;5.642334;4.914299;1.504590;5.121262;1.910242;4.998120;3.260648;4.029495;4.397234;5.584282;3.651498;2.745626;5.368351;2.702168;1.803317;3.100992;3.356328;3.834765;4.597366;1.855104;5.097374;1.350734;2.680798;1.676347;2.588470;4.122262;4.785635;3.446768;4.073102;3.185933;4.750370;5.112462;3.798409;4.255699;3.228182;2.100215;4.523348;2.137900;1.530524;1.573798;5.024328;1.848013;2.656206;4.162056;4.814833;1.495194;4.101240;2.753529;1.743559;4.312762;4.734292;4.871968;3.142074;4.748987;1.475836;3.605200;3.950875;1.614068;5.514776;6.008082;4.180845;3.842967;3.433759;3.004010;2.140869;2.536194;4.008450;3.425264;4.749091;3.881598;4.169031;2.646994;3.398267;2.607249;5.457684;3.586458;5.160089;6.178376;6.088887;9.299829;5.596069;4.551491;9.092729;5.177081;4.720376;4.884865;7.489927;6.495047;7.193989;7.062564;8.897232;8.841493;7.036573;5.361873;5.064370;8.909292;5.298676;4.223510;8.230359;7.209001;6.060577;6.025322;6.518123;7.187239;8.999186;7.273585;7.080023;5.205000;7.908743;7.378793;8.776724;3.678295;4.257357;7.045708;8.428087;5.872863;6.715834;7.143452;8.833841;8.095242;9.365197;7.060450;3.267441;7.492081;4.502756;8.038780;3.786463;7.390990;8.650167;7.467995;5.071496;5.949529;5.920713;9.227745;8.555733;7.021403;3.654060
1.220000;-2.699218;3.604231;3.477870;3.513511;2.972491;3.333422;1.821889;3.105489;4.107136;1.558942;5.318999;1.694088;3.252510;2.345945;3.639246;4.025632;2.374939;1.853974;2.932349;3.765702;5.330501;2.786665;3.807969;4.111493;1.649845;3.887185;3.443256;2.644743;3.481797;2.950122;4.814400;2.965918;4.497248;4.883421;4.786919;1.928797;2.952966;1.327025;3.538012;5.631668;4.909145;1.502854;5.118812;1.907201;4.990400;3.258115;4.028155;4.394512;5.577396;3.649288;2.740649;5.361387;2.699448;1.800057;3.095003;3.350697;4.004759;4.619677;1.851079;5.091754;1.368598;2.673609;1.670432;2.602728;4.118145;4.779864;3.443147;4.065679;3.183774;4.756088;5.107345;3.798409;4.246044;3.220930;2.096117;4.515354;2.132871;1.638206;1.572162;5.017695;1.843950;2.445576;4.160695;4.811452;1.493263;4.093929;2.749909;1.688455;4.365136;4.723688;4.866322;3.135183;4.747519;1.506809;3.602779;3.947256;1.610426;5.504750;5.998570;4.179331;3.835376;3.379939;2.999161;2.135731;2.532582;4.004037;3.419489;4.746271;3.880477;4.162300;2.646994;3.393439;2.602916;5.452454;3.576711;5.009377;6.174833;6.167777;9.296781;5.595558;4.549454;9.086839;5.170492;4.718472;4.882096;7.458970;6.502984;7.182019;7.071154;8.888976;8.833809;7.033624;5.372046;5.056479;8.900414;5.298676;4.380365;8.217340;7.102191;6.057759;6.011370;6.510361;7.171267;8.995718;7.273589;7.079356;5.203201;7.900074;7.373180;8.773256;3.678575;4.249984;7.042000;8.423717;5.869213;6.698870;7.140442;8.831695;8.079778;9.359208;7.054134;3.267442;7.486509;4.488986;8.037048;3.781678;7.381295;8.639497;7.458834;5.069358;5.936213;5.913160;9.217600;8.545769;7.020521;3.654061
1.220000;-7.092173;3.294368;3.502289;3.534224;2.991797;3.369111;1.845205;3.176405;4.118689;1.580517;5.334250;1.712134;3.283389;2.336888;3.620157;4.071990;2.621968;1.885188;2.947072;3.805294;5.354080;2.815283;3.816183;4.131877;1.677566;3.871612;3.468637;2.700808;3.511816;2.971792;4.814399;3.009396;4.512295;4.895954;4.794327;1.902532;2.980957;1.339153;3.576709;5.690702;4.934030;1.510702;5.130030;1.921289;5.029881;3.269736;4.034176;4.407043;5.611930;3.659369;2.764593;5.396371;2.711971;1.815220;3.124464;3.378160;3.830817;4.606527;1.870071;5.119151;1.372462;2.709912;1.699456;2.579357;4.137606;4.808089;3.460112;4.103366;3.193610;4.741398;5.132026;3.772029;4.297907;3.257590;2.115489;4.556496;2.157084;1.572457;1.579550;5.050792;1.863146;2.502697;4.166812;4.827216;1.502028;4.130942;2.766868;2.091519;4.321683;4.782211;4.893861;3.169729;4.754125;1.475836;3.613862;3.964200;1.627485;5.559193;6.049478;4.186152;3.874076;3.395121;3.022424;2.160550;2.549499;4.025021;3.447738;4.759275;3.885491;4.195915;2.646994;3.416610;2.623492;5.477744;3.629183;4.960872;6.191402;6.178106;9.310912;5.597820;4.558713;9.115726;5.203290;4.727107;4.882833;7.464163;6.567467;7.250844;7.098840;8.931719;8.873034;7.047266;5.358395;5.096972;8.947078;5.298678;4.338801;8.194950;7.124568;6.070748;6.097506;6.550071;7.278902;9.011894;7.273585;7.082307;5.211345;7.945417;7.400544;8.741327;3.681858;4.287371;7.059393;8.444456;5.886338;6.818873;7.154378;8.841480;8.181521;9.388629;7.085390;3.267442;7.536610;4.573493;8.044881;3.804601;7.433426;8.698459;7.507351;5.079088;6.016498;5.951606;9.272838;8.599724;7.024457;3.654060
1.220000;-5.056000;2.877886;3.498668;3.531114;2.988884;3.364013;1.863155;3.167394;4.116900;1.577289;5.331919;1.709401;3.278904;2.342401;3.625264;4.065596;2.589241;1.880662;2.944817;3.799710;5.350573;2.811103;3.814898;4.128814;1.673497;3.899460;3.464883;2.693320;3.507442;2.968548;4.814400;3.003342;4.509994;4.894020;4.793163;1.902415;2.976856;1.337279;3.571235;5.682902;4.930344;1.509472;5.128291;1.919125;5.024311;3.267936;4.033227;4.405110;5.606978;3.657800;2.761035;5.391360;2.710039;1.812901;3.120164;3.374126;3.840928;4.788645;1.867203;5.115127;1.349414;2.704738;1.695217;2.617808;4.134673;4.803964;3.457532;4.098015;3.192078;4.858984;5.128370;3.798409;4.290883;3.252370;2.112566;4.550724;2.153492;1.529769;1.578390;5.046024;1.860250;2.448019;4.165849;4.824809;1.500658;4.125679;2.764287;1.709134;4.486530;4.774460;4.889818;3.164776;4.753085;1.475836;3.612146;3.961625;1.624893;5.551881;6.042560;4.185078;3.868602;3.424752;3.018959;2.156873;2.546926;4.021872;3.443602;4.757272;3.884698;4.191082;2.646994;3.413166;2.620404;5.474002;3.622091;5.292101;6.188877;6.088146;9.308745;5.597458;4.557269;9.111506;5.198559;4.725757;4.974766;7.460625;6.536454;7.242041;7.164224;8.925753;8.867495;7.045168;5.363946;5.091278;8.940642;5.298678;4.209866;8.355446;7.194076;6.068748;6.087129;6.544473;7.266919;9.009429;7.273585;7.081837;5.210069;7.939146;7.396521;8.737605;3.707314;4.282059;7.056752;8.441341;5.883736;6.806154;7.152236;8.839956;8.169941;9.384340;7.080854;3.267442;7.537766;4.563253;8.043653;3.801184;7.426374;8.690666;7.500702;5.077574;6.006626;5.946161;9.265438;8.592467;7.023830;3.654061
1.220000;-6.617550;3.102257;3.511802;3.542229;2.999234;3.383342;1.934873;3.206529;4.123061;1.588873;5.340074;1.719067;3.295585;2.352982;3.620786;4.090849;2.621968;1.897521;2.952683;3.821196;5.363250;2.826537;3.819268;4.139749;1.688436;3.877260;3.478538;2.724029;3.523644;2.980182;4.814400;3.026992;4.518036;4.900707;4.797104;1.952322;2.991946;1.343751;3.592223;5.715286;4.943732;1.513648;5.134271;1.926653;5.045735;3.274135;4.036425;4.411798;5.625663;3.663171;2.773909;5.410296;2.716722;1.821008;3.136064;3.388925;4.008329;4.578764;1.877382;5.129888;1.361902;2.724403;1.710869;2.579348;4.145107;4.819176;3.466612;4.118450;3.197320;4.833035;5.141644;3.798409;4.319222;3.272232;2.122951;4.573071;2.166511;1.622871;1.582319;5.063924;1.870539;2.455922;4.169099;4.833242;1.505323;4.145737;2.773368;1.738655;4.315906;4.806552;4.904659;3.183468;4.756595;1.475836;3.618053;3.970695;1.634027;5.581674;6.070364;4.188704;3.889596;3.386952;3.031462;2.170227;2.555980;4.033134;3.458831;4.764215;3.887359;4.209259;2.646994;3.425619;2.631442;5.487612;3.650770;5.042206;6.197743;6.085141;9.316298;5.598655;4.562198;9.127084;5.216285;4.730348;4.882356;7.474883;6.510696;7.279973;7.047980;8.948994;8.888773;7.052454;5.360814;5.113264;8.966071;5.298678;4.652642;8.202365;7.103381;6.075685;6.135012;6.566023;7.327349;9.018081;7.273589;7.083400;5.214400;7.963832;7.411265;8.771962;3.678638;4.302324;7.066063;8.452467;5.892903;6.873882;7.159678;8.845167;8.226918;9.400209;7.097734;3.267441;7.486149;4.610197;8.047818;3.813500;7.454861;8.723010;7.527160;5.082757;6.051135;5.967011;9.295673;8.621983;7.025917;3.654061
1.220000;-5.575406;2.891473;3.494448;3.527586;2.985616;3.357589;1.821514;3.153198;4.115005;1.573605;5.329379;1.706361;3.273445;2.398001;3.760628;4.056955;2.428720;1.875133;2.942368;3.792491;5.346513;2.806078;3.813569;4.125347;1.668646;3.864445;3.460482;2.682556;3.502151;2.964845;4.814400;2.995315;4.507490;4.891955;4.791970;1.975133;2.971956;1.335285;3.564200;5.671461;4.926039;1.508205;5.126454;1.916791;5.017117;3.266032;4.032263;4.403047;5.600789;3.656158;2.756907;5.385081;2.707977;1.810375;3.114978;3.369329;3.896174;4.663243;1.863991;5.110342;1.505125;2.698192;1.690117;2.597343;4.131375;4.799016;3.454687;4.091190;3.190478;4.799535;5.124103;3.756743;4.281052;3.245751;2.109286;4.543183;2.149310;1.581265;1.577201;5.040119;1.856999;2.567662;4.164867;4.822179;1.499238;4.118989;2.761443;1.686036;4.329660;4.763139;4.885006;3.158584;4.752025;1.468486;3.610331;3.958783;1.622031;5.541475;6.032935;4.183983;3.861563;3.448553;3.014959;2.152581;2.544088;4.018296;3.438651;4.755126;3.883898;4.185073;2.646994;3.409176;2.616902;5.469621;3.612122;5.052335;6.186103;6.127429;9.306399;5.597102;4.555766;9.106432;5.192718;4.724359;4.883552;7.495859;6.483448;7.228342;7.054563;8.917877;8.860353;7.042912;5.361717;5.083874;8.931946;5.298677;4.211757;8.200991;7.160451;6.066606;6.069201;6.537229;7.243385;9.006725;7.273585;7.081372;5.208752;7.930720;7.391746;8.742823;3.679393;4.275291;7.053829;8.437812;5.880859;6.779220;7.149928;8.838364;8.147983;9.379162;7.075324;3.267441;7.484179;4.545732;8.042389;3.797247;7.416481;8.679250;7.491602;5.075990;5.990155;5.939179;9.254863;8.582171;7.023207;3.654061
1.220000;-8.495058;4.138717;3.508867;3.539773;2.996957;3.378909;1.823038;3.197179;4.121740;1.586307;5.338301;1.716947;3.291806;2.393817;3.688475;4.084949;2.621968;1.893689;2.950978;3.816233;5.360424;2.823050;3.818341;4.137334;1.685072;3.870865;3.475483;2.716770;3.519978;2.977605;4.814400;3.021492;4.516290;4.899266;4.796270;2.171757;2.988545;1.342360;3.587383;5.707608;4.940739;1.512763;5.132990;1.925023;5.040787;3.272804;4.035753;4.410360;5.621392;3.662025;2.771036;5.405961;2.715285;1.819247;3.132464;3.385595;3.833333;4.619933;1.875144;5.126566;1.367265;2.719890;1.707334;2.606270;4.142810;4.815744;3.464629;4.113746;3.196201;4.742196;5.138679;3.780662;4.312555;3.267669;2.120665;4.567894;2.163604;1.880361;1.581489;5.059841;1.868276;2.460335;4.168416;4.831407;1.504331;4.141126;2.771384;1.985005;4.548395;4.798947;4.901316;3.179191;4.755856;1.786067;3.616787;3.968714;1.632031;5.574646;6.063830;4.187941;3.884756;3.558476;3.028679;2.167241;2.554002;4.030642;3.455398;4.762717;3.886802;4.205101;2.646994;3.422846;2.629004;5.484565;3.644016;5.852252;6.195809;6.084670;9.314659;5.598409;4.561150;9.123563;5.212246;4.729375;4.941678;7.465702;6.487360;7.270918;7.046234;8.943594;8.883859;7.050880;5.369298;5.108174;8.960132;5.298676;4.236569;8.236522;7.100825;6.074188;6.123529;6.561044;7.312953;9.016195;7.273589;7.083077;5.213482;7.958066;7.407950;8.790157;3.692544;4.297661;7.064024;8.450008;5.890897;6.857877;7.158067;8.844056;8.213306;9.396616;7.093899;3.267442;7.495754;4.598936;8.046938;3.810762;7.448150;8.715332;7.520964;5.081652;6.040462;5.962204;9.288533;8.615020;7.025484;3.654060
1.220000;-4.384936;2.952752;3.483936;3.518665;2.977298;3.342275;1.821643;3.123475;4.110028;1.564311;5.322805;1.698585;3.260166;2.349066;3.615685;4.037169;2.621968;1.861716;2.936025;3.775533;5.336358;2.793771;3.810031;4.116565;1.656724;3.877121;3.449553;2.658775;3.489243;2.955512;4.814399;2.976725;4.501005;4.886554;4.788780;1.949104;2.959916;1.330058;3.547621;5.646470;4.915329;1.504825;5.121621;1.910720;5.000201;3.261023;4.029669;4.397646;5.585965;3.651814;2.746597;5.370068;2.702580;1.803842;3.102311;3.357514;3.857814;4.773150;1.855809;5.098557;1.349368;2.682619;1.677636;2.598261;4.122991;4.786863;3.447374;4.075027;3.186240;4.742301;5.113477;3.798409;4.258986;3.230029;2.100941;4.525575;2.138889;1.725289;1.574018;5.025902;1.848730;2.540792;4.162234;4.815383;1.495461;4.103115;2.754133;2.192479;4.348357;4.738363;4.873159;3.143755;4.749180;1.475836;3.605554;3.951482;1.614678;5.518353;6.011270;4.181045;3.844981;3.430607;3.004943;2.141895;2.536800;4.009256;3.426499;4.749522;3.881740;4.170640;2.646994;3.399198;2.608035;5.458735;3.589820;5.265489;6.178967;6.095396;9.300309;5.596130;4.551777;9.094016;5.178634;4.720638;4.885912;7.553320;6.512317;7.199450;7.158513;8.899611;8.843553;7.037032;5.358561;5.066542;8.912049;5.298677;4.920069;8.263975;7.307850;6.061009;6.033649;6.520226;7.200009;8.999758;7.273589;7.080103;5.205246;7.911364;7.379979;8.782711;3.793884;4.259266;7.046337;8.428885;5.873481;6.731607;7.143927;8.834147;8.106700;9.366516;7.061895;3.267441;7.488451;4.510800;8.039017;3.787379;7.394315;8.654306;7.470931;5.071798;5.956817;5.922711;9.231422;8.559258;7.021513;3.654061
1.220000;-5.070687;2.877502;3.504623;3.536162;2.993588;3.372755;1.849885;3.184973;4.119707;1.582546;5.335628;1.713794;3.286463;2.334564;3.750168;4.076995;2.362031;1.888294;2.948397;3.809419;5.356325;2.818096;3.816892;4.133780;1.680267;3.903565;3.471076;2.707156;3.514784;2.973830;4.814400;3.014022;4.513656;4.897067;4.794963;2.055712;2.983694;1.340228;3.580721;5.697484;4.936416;1.511377;5.131016;1.922552;5.033993;3.270763;4.034688;4.408158;5.615433;3.660250;2.766875;5.399927;2.713084;1.816589;3.127363;3.380834;3.962059;4.821177;1.871828;5.121817;1.373178;2.713630;1.702308;2.581412;4.139412;4.810853;3.461660;4.107257;3.194468;4.760693;5.134392;3.798409;4.303659;3.261351;2.117285;4.560819;2.159395;1.584760;1.580184;5.054126;1.864925;2.538176;4.167333;4.828644;1.502787;4.134748;2.768419;2.021428;4.314621;4.788911;4.896543;3.173232;4.754689;1.465398;3.614837;3.965749;1.629047;5.565310;6.055099;4.186735;3.878092;3.447896;3.024630;2.162930;2.551043;4.026986;3.450503;4.760434;3.885914;4.199310;2.646994;3.418816;2.625414;5.480173;3.635019;4.965090;6.192910;6.080333;9.312181;5.598005;4.559518;9.118562;5.206581;4.727853;4.891347;7.491070;6.487462;7.259085;7.059819;8.936251;8.877112;7.048484;5.374161;5.101211;8.952131;5.298678;4.216203;8.195591;7.378130;6.071904;6.108543;6.554211;7.293733;9.013365;7.273585;7.082552;5.212046;7.950280;7.403203;8.773880;3.687679;4.291221;7.060986;8.446393;5.887903;6.836015;7.155625;8.842332;8.195283;9.391528;7.088500;3.267442;7.485152;4.584264;8.045553;3.806773;7.439214;8.705228;7.512639;5.079938;6.026575;5.955587;9.279062;8.605769;7.024786;3.654061
1.220000;-3.521318;3.212322;3.497724;3.530339;2.988171;3.362506;1.833106;3.163718;4.116505;1.576476;5.331377;1.708742;3.277648;2.329336;3.619832;4.063494;2.621968;1.879386;2.944296;3.797992;5.349668;2.809956;3.814626;4.128053;1.672395;3.865604;3.463890;2.690632;3.506227;2.967730;4.814400;3.001410;4.509459;4.893587;4.792921;1.902329;2.975741;1.336861;3.569565;5.680018;4.929378;1.509215;5.127908;1.918631;5.022598;3.267539;4.033033;4.404677;5.605533;3.657461;2.760112;5.389891;2.709605;1.812361;3.118976;3.373039;3.974633;4.577982;1.866503;5.114041;1.350544;2.703200;1.694049;2.579477;4.133953;4.802828;3.456918;4.096399;3.191749;4.754419;5.127412;3.697254;4.288453;3.250811;2.111849;4.548918;2.152556;1.611195;1.578148;5.044652;1.859540;2.449075;4.165651;4.824247;1.500368;4.124103;2.763679;1.798619;4.461717;4.771613;4.888725;3.163329;4.752871;1.475836;3.611767;3.961013;1.624278;5.549290;6.040188;4.184859;3.866933;3.372168;3.018069;2.155911;2.546314;4.021085;3.442471;4.756819;3.884538;4.189681;2.646994;3.412274;2.619634;5.473016;3.619620;5.535240;6.188281;6.081604;9.308246;5.597387;4.556960;9.110342;5.197203;4.725469;4.885427;7.496839;6.483899;7.238505;7.155958;8.923860;8.865795;7.044691;5.358520;5.089510;8.938527;5.298677;4.251740;8.197718;7.101347;6.068299;6.082338;6.542746;7.260360;9.008845;7.273578;7.081746;5.209800;7.937101;7.395438;8.750819;3.678576;4.280461;7.056119;8.440561;5.883116;6.798477;7.151746;8.839627;8.163891;9.383148;7.079576;3.267442;7.506355;4.558589;8.043394;3.800307;7.423926;8.687790;7.498474;5.077246;6.002276;5.944505;9.262800;8.589910;7.023709;3.654062
1.220000;-4.651400;2.909661;3.488871;3.522892;2.981251;3.349230;1.819619;3.134918;4.112428;1.568704;5.325956;1.702291;3.266289;2.381630;3.694262;4.045793;2.527442;1.867897;2.939068;3.783125;5.341135;2.799482;3.811747;4.120728;1.662275;3.864357;3.454674;2.668696;3.495210;2.959923;4.814400;2.984926;4.504113;4.889155;4.790328;1.906377;2.965513;1.332577;3.555067;5.656741;4.920351;1.506464;5.123952;1.913635;5.007776;3.263437;4.030931;4.400247;5.592719;3.653913;2.751444;5.376899;2.705180;1.806973;3.108179;3.363016;3.851915;4.757241;1.859701;5.104045;1.351572;2.689673;1.683421;2.635994;4.126975;4.792511;3.450867;4.082317;3.188290;4.771090;5.118463;3.798409;4.268378;3.237141;2.104905;4.533411;2.143786;1.793007;1.575562;5.032415;1.852661;2.475784;4.163514;4.818638;1.497290;4.110288;2.757630;1.728390;4.311369;4.748573;4.878675;3.150514;4.750561;1.466234;3.607860;3.954968;1.618191;5.528082;6.020529;4.182470;3.852432;3.379864;3.009659;2.146908;2.540282;4.013537;3.432145;4.752218;3.882791;4.177238;2.646994;3.403898;2.612238;5.463836;3.599278;4.979398;6.182378;6.145016;9.303235;5.596605;4.553708;9.099770;5.185085;4.722442;4.884314;7.472874;6.520139;7.210701;7.053331;8.907688;8.851079;7.039858;5.375858;5.074273;8.920698;5.298676;4.405832;8.196773;7.233513;6.063700;6.046037;6.527832;7.212741;9.003091;7.273585;7.080722;5.206945;7.919828;7.385455;8.749800;3.750154;4.266495;7.049912;8.433110;5.877003;6.744007;7.146809;8.836185;8.119448;9.372368;7.068074;3.267441;7.574382;4.523108;8.040652;3.792027;7.403732;8.664542;7.479852;5.073826;5.968910;5.930110;9.241236;8.568912;7.022339;3.654061
1.220000;-6.435143;3.056835;3.489501;3.523399;2.981714;3.350322;1.831008;3.138551;4.112680;1.569238;5.326302;1.702716;3.267167;2.332752;3.616891;4.047472;2.621968;1.868789;2.939399;3.784415;5.341737;2.800276;3.811918;4.121224;1.663024;3.910212;3.455335;2.671041;3.496053;2.960461;4.814400;2.986429;4.504453;4.889431;4.790482;1.951388;2.966276;1.332842;3.556312;5.659315;4.920997;1.506628;5.124196;1.913951;5.009061;3.263692;4.031053;4.400524;5.593758;3.654130;2.752057;5.377960;2.705454;1.807318;3.108997;3.363758;3.894578;4.599149;1.860155;5.104784;1.368447;2.690796;1.684225;2.623161;4.127441;4.793284;3.451261;4.083509;3.188498;4.741735;5.119103;3.798409;4.270413;3.238282;2.105371;4.534787;2.144407;1.529987;1.575715;5.033389;1.853120;2.442939;4.163640;4.818999;1.497475;4.111449;2.758017;1.686130;4.542509;4.751110;4.879420;3.151554;4.750699;2.213114;3.608100;3.955362;1.618587;5.530299;6.022503;4.182611;3.853676;3.384409;3.010250;2.147552;2.540674;4.014053;3.432919;4.752506;3.882892;4.178236;2.646994;3.404487;2.612739;5.464496;3.601364;4.981135;6.182759;6.080011;9.303553;5.596650;4.553904;9.100571;5.186049;4.722622;4.881896;7.621345;6.483668;7.214138;7.176759;8.909155;8.852356;7.040161;5.363785;5.075610;8.922404;5.298676;4.372896;8.201044;7.123830;6.063987;6.051327;6.529132;7.220905;9.003460;7.273589;7.080779;5.207116;7.921446;7.386196;8.786688;3.679631;4.267677;7.050319;8.433623;5.877404;6.754087;7.147119;8.836394;8.126770;9.373189;7.068972;3.267442;7.502902;4.528200;8.040814;3.792608;7.405791;8.667128;7.481671;5.074031;5.973523;5.931345;9.243521;8.571101;7.022418;3.654061
1.220000;-5.009774;2.878768;3.486112;3.520544;2.979063;3.345244;1.843106;3.127701;4.111118;1.566260;5.324224;1.700244;3.262823;2.328323;3.693530;4.040724;2.621968;1.864388;2.937397;3.778734;5.338467;2.796258;3.810817;4.118417;1.659149;3.883039;3.451806;2.662711;3.491834;2.957469;4.814399;2.980136;4.502406;4.887734;4.789489;1.928427;2.962358;1.331202;3.550769;5.650493;4.917537;1.505575;5.122680;1.912036;5.003398;3.262120;4.030249;4.398826;5.588857;3.652771;2.748736;5.372989;2.703757;1.805253;3.104863;3.359920;3.894449;4.610065;1.857547;5.100956;1.354430;2.685624;1.680154;2.638880;4.124766;4.789334;3.448942;4.078123;3.187173;4.800339;5.115673;3.700088;4.262779;3.233056;2.102709;4.528862;2.141046;1.540150;1.574725;5.028704;1.850485;2.452914;4.162823;4.816847;1.496297;4.106165;2.755702;1.751179;4.339611;4.742372;4.875569;3.146650;4.749815;1.609004;3.606602;3.953044;1.616255;5.522243;6.015019;4.181700;3.848133;3.466866;3.007027;2.144100;2.538361;4.011160;3.428961;4.750743;3.882225;4.173474;2.646994;3.401276;2.609905;5.460977;3.593627;5.828169;6.180498;6.101555;9.301631;5.596350;4.552657;9.096519;5.181410;4.721461;4.905264;7.453389;6.583016;7.203651;7.047734;8.902978;8.846727;7.038311;5.358380;5.069791;8.915597;5.298677;4.562960;8.224330;7.169351;6.062227;6.037770;6.523431;7.203358;9.001251;7.273585;7.080389;5.206023;7.914863;7.382367;8.777627;3.681823;4.262335;7.047938;8.430763;5.875062;6.734174;7.145230;8.835077;8.110333;9.369057;7.064565;3.267442;7.496412;4.514943;8.039764;3.789434;7.398110;8.658314;7.474581;5.072722;5.961020;5.925838;9.235330;8.563121;7.021894;3.654060
1.220000;-4.290553;2.977442;3.507109;3.538254;2.995532;3.376452;1.871314;3.192670;4.120852;1.584734;5.337153;1.715609;3.289633;2.402820;3.630570;4.081868;2.471617;1.891508;2.949866;3.813546;5.358717;2.821027;3.817699;4.135837;1.683100;3.982296;3.473659;2.713129;3.517866;2.976023;4.814400;3.018578;4.515157;4.898312;4.795689;1.919336;2.986560;1.341430;3.584748;5.703798;4.938950;1.512147;5.132127;1.923957;5.038109;3.271914;4.035276;4.409402;5.619002;3.661245;2.769308;5.403547;2.714328;1.818104;3.130384;3.383641;4.158384;4.686580;1.873739;5.124617;1.352869;2.717396;1.705283;2.592445;4.141375;4.813741;3.463366;4.111172;3.195441;4.757739;5.136902;3.798409;4.309155;3.265153;2.119236;4.565114;2.161860;1.623435;1.580909;5.057539;1.866857;2.445033;4.167931;4.830223;1.503648;4.138591;2.770116;1.702896;4.317579;4.795165;4.899361;3.176804;4.755335;1.682627;3.615934;3.967449;1.630758;5.571097;6.060486;4.187403;3.882121;3.372517;3.026993;2.165458;2.552739;4.029104;3.453395;4.761725;3.886403;4.202779;2.646994;3.421167;2.627493;5.482751;3.640581;5.017653;6.194571;6.110284;9.313587;5.598225;4.560431;9.121522;5.209963;4.728703;4.898836;7.560709;6.497477;7.266536;7.064844;8.940725;8.881194;7.049845;5.364321;5.105437;8.957026;5.298677;4.429658;8.279047;7.099005;6.073195;6.118086;6.558349;7.306029;9.014983;7.273585;7.082838;5.212846;7.955040;7.405996;8.733565;3.741786;4.295103;7.062731;8.448484;5.889619;6.849986;7.157007;8.843298;8.206808;9.394544;7.091712;3.267443;7.509985;4.593603;8.046326;3.809099;7.444738;8.711530;7.517755;5.080897;6.035391;5.959582;9.284940;8.611499;7.025169;3.654061
1.220000;-3.474181;3.231592;3.493870;3.527010;2.985047;3.357181;1.820189;3.154882;4.114561;1.573020;5.328858;1.705803;3.272932;2.337793;3.652091;4.056940;2.352798;1.874623;2.941857;3.792201;5.345932;2.805532;3.813221;4.124771;1.668094;3.878104;3.459905;2.683087;3.501622;2.964264;4.814400;2.995169;4.506973;4.891489;4.791650;1.908426;2.971402;1.334828;3.563880;5.672200;4.925461;1.507869;5.126018;1.916291;5.016821;3.265584;4.031992;4.402580;5.600349;3.655753;2.756326;5.384655;2.707510;1.809856;3.114446;3.368770;3.826607;4.584966;1.863425;5.109782;1.358913;2.697800;1.689575;2.620279;4.130804;4.798463;3.454140;4.090840;3.190079;4.816012;5.123525;3.798409;4.281323;3.245369;2.108716;4.542948;2.148732;1.588509;1.576879;5.039650;1.856431;2.564570;4.164594;4.821649;1.498871;4.118615;2.760899;1.773246;4.370946;4.763837;4.884448;3.158146;4.751732;1.472248;3.609897;3.958237;1.621484;5.541909;6.033157;4.183683;3.861248;3.419221;3.014378;2.152001;2.543543;4.017717;3.438099;4.754647;3.883667;4.184615;2.646994;3.408595;2.616322;5.469045;3.612432;5.043988;6.185563;6.080144;9.305900;5.596990;4.555386;9.105889;5.192240;4.723995;4.900368;7.450131;6.487104;7.229841;7.055961;8.917706;8.860047;7.042420;5.359251;5.083613;8.931942;5.298678;4.421734;8.212330;7.103793;6.066125;6.072452;6.536942;7.249420;9.006188;7.273585;7.081229;5.208406;7.930657;7.391184;8.734310;3.725735;4.274930;7.053277;8.437233;5.880311;6.787147;7.149431;8.837965;8.153190;9.378625;7.074812;3.267441;7.544287;4.548798;8.042051;3.796666;7.416767;8.679973;7.491697;5.075594;5.992762;5.938852;9.255336;8.582570;7.023020;3.654060
1.220000;-3.563913;3.193784;3.494616;3.527742;2.985765;3.357763;1.823743;3.153211;4.115112;1.573761;5.329506;1.706504;3.273617;2.330615;3.715485;4.057103;2.621968;1.875310;2.942495;3.792659;5.346674;2.806253;3.813650;4.125501;1.668821;3.883445;3.460649;2.682662;3.502326;2.965003;4.814399;2.995468;4.507617;4.892070;4.792044;2.153755;2.972127;1.335395;3.564368;5.671550;4.926207;1.508283;5.126557;1.916914;5.017282;3.266138;4.032323;4.403160;5.600962;3.656252;2.757072;5.385255;2.708090;1.810505;3.115151;3.369501;3.994103;4.755242;1.864139;5.110515;1.349496;2.698365;1.690292;2.580649;4.131526;4.799187;3.454824;4.091362;3.190571;4.752591;5.124269;3.798409;4.281176;3.245924;2.109434;4.543346;2.149481;1.564890;1.577274;5.040298;1.857149;2.441523;4.164931;4.822311;1.499322;4.119160;2.761581;1.820403;4.336660;4.763234;4.885178;3.158759;4.752092;1.475428;3.610434;3.958922;1.622169;5.541590;6.033067;4.184052;3.861736;3.428342;3.015121;2.152748;2.544227;4.018451;3.438824;4.755242;3.883951;4.185248;2.646994;3.409341;2.617054;5.469789;3.612248;4.960481;6.186241;6.107118;9.306524;5.597127;4.555855;9.106605;5.192893;4.724441;4.896384;7.457737;6.484607;7.228365;7.192056;8.918034;8.860520;7.043032;5.372365;5.084040;8.932097;5.298678;4.297278;8.284115;7.098433;6.066722;6.069114;6.537397;7.243175;9.006859;7.273589;7.081404;5.208833;7.930868;7.391917;8.739858;3.705385;4.275465;7.053968;8.437969;5.881001;6.778979;7.150050;8.838454;8.147799;9.379335;7.075495;3.267442;7.484418;4.545659;8.042466;3.797410;7.416604;8.679343;7.491744;5.076083;5.990110;5.939352;9.254968;8.582289;7.023249;3.654060
1.220000;-5.533603;2.890188;3.479342;3.514910;2.973848;3.334800;1.820642;3.103827;4.108126;1.560366;5.320194;1.695403;3.253986;2.328245;3.620214;4.026508;2.306171;1.855449;2.933517;3.766943;5.331957;2.788160;3.808728;4.112883;1.651336;4.112336;3.444737;2.644831;3.483282;2.951546;4.814400;2.966966;4.498434;4.884470;4.787614;1.999657;2.954459;1.328048;3.539290;5.631453;4.910625;1.503584;5.119781;1.908335;4.991644;3.259108;4.028736;4.395561;5.578806;3.650181;2.742115;5.362786;2.700497;1.801248;3.096490;3.352191;3.904999;4.769773;1.852426;5.093249;1.356333;2.674972;1.671924;2.615266;4.119507;4.781363;3.444416;4.066996;3.184650;4.780018;5.108823;3.798409;4.246511;3.222282;2.097477;4.516525;2.134342;1.705209;1.572856;5.019134;1.845304;2.441760;4.161285;4.812671;1.494062;4.095274;2.751177;1.716392;4.381135;4.723527;4.867816;3.136595;4.748150;1.475836;3.603739;3.948527;1.611701;5.504983;5.999112;4.179978;3.836654;3.374021;3.000616;2.137206;2.533851;4.005445;3.420984;4.747347;3.880973;4.163733;2.646994;3.394890;2.604311;5.453937;3.577127;4.979365;6.176087;6.110373;9.297919;5.595794;4.550290;9.088334;5.171942;4.719260;4.919888;7.451335;6.600195;7.180651;7.045119;8.890073;8.835068;7.034737;5.381029;5.057683;8.901273;5.298678;5.415751;8.207313;7.231308;6.058835;6.007345;6.511600;7.163095;8.996954;7.273589;7.079660;5.203955;7.901015;7.374673;8.742022;3.678951;4.251312;7.043287;8.425119;5.870491;6.688026;7.141571;8.832566;8.072824;9.360701;7.055606;3.267441;7.485725;4.485229;8.037775;3.783128;7.381740;8.639297;7.459562;5.070227;5.933158;5.914448;9.217769;8.546054;7.020918;3.654060
1.220000;-5.977660;2.943429;3.500765;3.532901;2.990552;3.367035;1.825543;3.173045;4.117905;1.579149;5.333242;1.710963;3.281538;2.345403;3.614660;4.069452;2.376037;1.883321;2.946092;3.803040;5.352601;2.813549;3.815612;4.130573;1.675869;3.864638;3.467060;2.697909;3.510006;2.970414;4.814400;3.006976;4.511300;4.895108;4.793810;1.916731;2.979250;1.338334;3.574493;5.687705;4.932480;1.510156;5.129266;1.920349;5.027631;3.268947;4.033751;4.406200;5.609905;3.658679;2.763093;5.394324;2.711127;1.814216;3.122681;3.376477;3.886136;4.586716;1.868843;5.117472;1.366137;2.707807;1.697695;2.607590;4.136354;4.806371;3.459003;4.101196;3.192935;4.742392;5.130488;3.798409;4.295158;3.255466;2.114240;4.554174;2.155571;1.764697;1.579034;5.048837;1.861906;2.444110;4.166382;4.826175;1.501421;4.128805;2.765757;1.711132;4.721548;4.779227;4.892174;3.167702;4.753661;1.475837;3.613108;3.963093;1.626369;5.556350;6.046763;4.185674;3.871863;3.382268;3.020960;2.159004;2.548390;4.023681;3.446016;4.758401;3.885135;4.193931;2.646994;3.415152;2.622176;5.476173;3.626410;5.068494;6.190314;6.084312;9.309970;5.597655;4.558075;9.113973;5.201343;4.726509;4.930111;7.455914;6.540694;7.247543;7.045126;8.929328;8.870792;7.046354;5.358373;5.094677;8.944534;5.298677;4.480945;8.226493;7.098954;6.069877;6.093798;6.547810;7.274961;9.010830;7.273585;7.082095;5.210777;7.942919;7.398867;8.734205;3.678710;4.285212;7.058257;8.443130;5.885217;6.814953;7.153444;8.840808;8.177615;9.386848;7.083517;3.267442;7.487052;4.569819;8.044335;3.803157;7.430667;8.695461;7.504727;5.078419;6.012912;5.949399;9.269963;8.596898;7.024175;3.654061
1.220000;-5.645081;2.900075;3.489091;3.523121;2.981480;3.349352;1.830855;3.134391;4.112622;1.568933;5.326175;1.702519;3.266467;2.364458;3.622573;4.045764;2.316448;1.868069;2.939286;3.783198;5.341360;2.799676;3.811903;4.120957;1.662475;3.977357;3.454892;2.668487;3.495397;2.960151;4.814400;2.984941;4.504332;4.889357;4.790473;1.973860;2.965712;1.332776;3.555152;5.656474;4.920568;1.506616;5.124143;1.913847;5.007854;3.263633;4.031054;4.400450;5.592858;3.654093;2.751665;5.377033;2.705380;1.807192;3.108364;3.363219;3.858205;4.664692;1.859929;5.104249;1.350565;2.689790;1.683613;2.585763;4.127203;4.792712;3.451092;4.082418;3.188466;4.743400;5.118681;3.760188;4.268250;3.237254;2.105135;4.533463;2.144006;1.663810;1.575708;5.032570;1.852891;2.443395;4.163640;4.818859;1.497455;4.110401;2.757851;1.960166;4.375387;4.748313;4.878877;3.150651;4.750696;1.532866;3.608049;3.955195;1.618415;5.527898;6.020416;4.182608;3.852519;3.373263;3.009883;2.147125;2.540506;4.013766;3.432343;4.752425;3.882897;4.177389;2.646994;3.404121;2.612467;5.464049;3.599137;4.960492;6.182602;6.080914;9.303447;5.596658;4.553876;9.099961;5.185244;4.722603;4.886060;7.460905;6.483492;7.210221;7.070267;8.907707;8.851164;7.040068;5.368908;5.074335;8.920663;5.298678;4.912672;8.227875;7.104180;6.063908;6.045139;6.527906;7.211254;9.003309;7.273585;7.080790;5.207101;7.919811;7.385660;8.753727;3.694110;4.266601;7.050136;8.433339;5.877230;6.742136;7.147019;8.836362;8.118135;9.372556;7.068246;3.267442;7.513282;4.522253;8.040802;3.792254;7.403595;8.664279;7.479784;5.074000;5.968162;5.930198;9.241042;8.568744;7.022427;3.654062
1.220000;-5.929535;2.932978;3.510090;3.540838;2.997963;3.380532;1.820444;3.199576;4.122381;1.587409;5.339123;1.717898;3.293261;2.328666;3.620758;4.086879;2.621968;1.895165;2.951775;3.817976;5.361612;2.824433;3.818810;4.138387;1.686416;3.870122;3.476743;2.718919;3.521406;2.978711;4.814400;3.023346;4.517103;4.899959;4.796696;1.902865;2.989902;1.343031;3.589100;5.709815;4.941977;1.513212;5.133614;1.925790;5.042527;3.273448;4.036103;4.411048;5.622976;3.662591;2.772237;5.407563;2.715974;1.820063;3.133881;3.386933;3.832913;4.577989;1.876134;5.127901;1.357713;2.721534;1.708729;2.589937;4.143822;4.817112;3.465531;4.115433;3.196755;4.765769;5.139910;3.798409;4.314614;3.269323;2.121673;4.569682;2.164818;1.553693;1.581913;5.061377;1.869275;2.502497;4.168770;4.832255;1.504830;4.142789;2.772285;1.686230;4.311692;4.801144;4.902659;3.180778;4.756238;1.465400;3.617405;3.969614;1.632937;5.576757;6.065868;4.188334;3.886471;3.482061;3.029851;2.168479;2.554902;4.031719;3.456764;4.763431;3.887094;4.206666;2.646994;3.424013;2.630065;5.485821;3.646092;4.976371;6.196692;6.083539;9.315428;5.598543;4.561675;9.124954;5.213776;4.729866;4.886509;7.474909;6.487647;7.273288;7.103892;8.945427;8.885592;7.051624;5.393551;5.109944;8.962062;5.298677;4.732402;8.194574;7.098876;6.074898;6.126090;6.562789;7.315598;9.017060;7.273585;7.083252;5.213947;7.959973;7.409282;8.733564;3.693252;4.299337;7.064948;8.451072;5.891808;6.860505;7.158823;8.844608;8.215943;9.398030;7.095376;3.267441;7.501877;4.601488;8.047385;3.811921;7.450221;8.717546;7.522946;5.082200;6.042976;5.963912;9.290669;8.617126;7.025715;3.654060
1.220000;-4.015651;3.044092;3.495521;3.528461;2.986418;3.359352;1.868136;3.157953;4.115444;1.574524;5.329982;1.707098;3.274897;2.381293;3.701828;4.059482;2.621968;1.876603;2.942948;3.794518;5.347538;2.807390;3.813868;4.126202;1.669909;3.874640;3.461607;2.685887;3.503548;2.965768;4.814400;2.997620;4.508086;4.892437;4.792238;1.902303;2.973231;1.335750;3.566164;5.675060;4.927137;1.508489;5.126877;1.917342;5.019134;3.266472;4.032476;4.403529;5.602471;3.656532;2.757952;5.386794;2.708458;1.810976;3.116342;3.370574;3.882777;4.588104;1.864776;5.111583;1.364619;2.699992;1.691455;2.603493;4.132185;4.800300;3.455373;4.093083;3.190843;4.761964;5.125190;3.798409;4.284019;3.247576;2.110090;4.545319;2.150370;1.611831;1.577467;5.041708;1.857796;2.655905;4.165085;4.822806;1.499559;4.120833;2.762128;2.042506;4.375914;4.766691;4.886255;3.160267;4.752260;1.475836;3.610749;3.959468;1.622720;5.544662;6.035827;4.184227;3.863530;3.421900;3.015968;2.153674;2.544773;4.019181;3.439941;4.755628;3.884075;4.186700;2.646994;3.410182;2.617767;5.470742;3.615145;5.001140;6.186770;6.082150;9.306952;5.597179;4.556106;9.107759;5.194287;4.724673;4.895095;7.452627;6.603808;7.232883;7.050082;8.920135;8.862356;7.043443;5.359394;5.085961;8.934494;5.298676;4.210888;8.275432;7.099515;6.067106;6.075693;6.539264;7.252772;9.007371;7.273589;7.081472;5.209049;7.933163;7.392987;8.741334;3.679195;4.277166;7.054535;8.438685;5.881556;6.790520;7.150473;8.838726;8.156526;9.380520;7.076790;3.267442;7.485477;4.552033;8.042673;3.798239;7.419474;8.682837;7.494297;5.076350;5.995954;5.941124;9.258118;8.585320;7.023343;3.654060
1.220000;-4.450607;2.946432;3.504458;3.535954;2.993370;3.372865;1.830668;3.187366;4.119501;1.582350;5.335404;1.713571;3.286423;2.332631;3.620848;4.077571;2.621968;1.888267;2.948172;3.809679;5.356146;2.818005;3.816722;4.133570;1.680153;3.889919;3.470924;2.708331;3.514717;2.973631;4.814400;3.014452;4.513430;4.896853;4.794803;1.936522;2.983590;1.340018;3.580942;5.698870;4.936257;1.511212;5.130813;1.922331;5.034246;3.270553;4.034552;4.407944;5.615502;3.660056;2.766703;5.400012;2.712869;1.816364;3.127292;3.380720;4.238580;4.586106;1.871610;5.121701;1.358010;2.713761;1.702228;2.620074;4.139197;4.810751;3.461438;4.107435;3.194278;4.833287;5.134228;3.798409;4.304554;3.261496;2.117068;4.561143;2.159226;1.540447;1.580025;5.054148;1.864704;2.507189;4.167196;4.828420;1.502609;4.134898;2.768189;1.709538;4.311556;4.790264;4.896433;3.173303;4.754542;1.466284;3.614634;3.965525;1.628820;5.566370;6.055936;4.186585;3.878314;3.385788;3.024450;2.162769;2.550817;4.026779;3.450404;4.760217;3.885797;4.199345;2.646994;3.418633;2.625209;5.480021;3.635954;5.370819;6.192684;6.101946;9.311960;5.597949;4.559335;9.118478;5.206600;4.727674;4.899291;7.458531;6.511369;7.261293;7.057419;8.936646;8.877356;7.048265;5.370960;5.101509;8.952720;5.298676;4.904105;8.200491;7.153838;6.071690;6.112566;6.554475;7.300600;9.013141;7.273582;7.082479;5.211874;7.950810;7.403087;8.734663;3.686838;4.291392;7.060761;8.446184;5.887677;6.844809;7.155402;8.842143;8.201317;9.391458;7.088473;3.267440;7.506247;4.588088;8.045389;3.806586;7.440131;8.706614;7.513340;5.079748;6.029926;5.955799;9.280179;8.606803;7.024689;3.654061
1.220000;-6.673997;3.136427;3.489774;3.523657;2.981966;3.350558;1.823011;3.137852;4.112862;1.569500;5.326524;1.702959;3.267431;2.396106;3.665247;4.047562;2.339677;1.869054;2.939615;3.784610;5.342006;2.800543;3.812057;4.121483;1.663297;3.958686;3.455610;2.670896;3.496321;2.960724;4.814399;2.986567;4.504674;4.889626;4.790609;1.930752;2.966548;1.333031;3.556515;5.659087;4.921267;1.506761;5.124373;1.914159;5.009259;3.263874;4.031160;4.400716;5.594002;3.654294;2.752327;5.378200;2.705647;1.807538;3.109266;3.364030;4.018150;4.579258;1.860402;5.105057;1.350341;2.691025;1.684494;2.579386;4.127693;4.793556;3.451496;4.083726;3.188659;4.741579;5.119374;3.775759;4.270386;3.238509;2.105621;4.534959;2.144678;1.559270;1.575842;5.033642;1.853373;2.483671;4.163748;4.819223;1.497622;4.111670;2.758253;1.842331;4.317985;4.750889;4.879693;3.151798;4.750813;1.736390;3.608277;3.955597;1.618823;5.530206;6.022495;4.182732;3.853879;3.371804;3.010519;2.147823;2.540909;4.014313;3.433190;4.752705;3.882983;4.178484;2.646994;3.404758;2.612998;5.464767;3.601315;5.133572;6.182992;6.079916;9.303762;5.596693;4.554057;9.100839;5.186302;4.722765;4.893642;7.450222;6.490401;7.213528;7.047969;8.909303;8.852548;7.040366;5.368876;5.075795;8.922486;5.298678;4.211087;8.298553;7.141240;6.064186;6.049792;6.529322;7.217737;9.003687;7.273585;7.080836;5.207254;7.921549;7.386465;8.736244;3.680763;4.267891;7.050554;8.433877;5.877640;6.749747;7.147326;8.836554;8.124098;9.373456;7.069233;3.267441;7.490061;4.526768;8.040948;3.792875;7.405755;8.666887;7.481713;5.074193;5.972339;5.931550;9.243401;8.571015;7.022490;3.654061
1.220000;-4.060494;3.024440;3.481363;3.516520;2.975313;3.338282;1.852786;3.113735;4.108879;1.562069;5.321265;1.696741;3.256807;2.375987;3.614635;4.031656;2.621968;1.858311;2.934540;3.771003;5.333882;2.790689;3.809225;4.114458;1.653752;4.168337;3.446870;2.651715;3.485989;2.953257;4.814399;2.971640;4.499486;4.885304;4.788054;1.943198;2.956909;1.328848;3.543216;5.638903;4.912698;1.504054;5.120506;1.909303;4.995690;3.259868;4.029084;4.396395;5.582125;3.650817;2.744080;5.366168;2.701329;1.802311;3.099125;3.354574;3.826262;4.596219;1.853859;5.095624;1.349885;2.678543;1.674502;2.635457;4.120988;4.783831;3.445648;4.070767;3.185268;4.761036;5.110873;3.798409;4.252620;3.225904;2.098947;4.520826;2.136341;1.534135;1.573293;5.022255;1.846757;2.465345;4.161638;4.813791;1.494599;4.098944;2.752412;1.689266;4.317762;4.730883;4.870209;3.139915;4.748536;1.475836;3.604455;3.949756;1.612943;5.511566;6.005050;4.180379;3.840579;3.427062;3.002506;2.139273;2.535078;4.007084;3.423463;4.748220;3.881255;4.166927;2.646994;3.396771;2.605909;5.456057;3.583342;5.317730;6.177282;6.115933;9.298890;5.595912;4.550863;9.090892;5.175018;4.719790;4.884386;7.465973;6.582974;7.190100;7.047183;8.894625;8.839069;7.035664;5.359492;5.061881;8.906474;5.298678;4.970403;8.199140;7.191098;6.059707;6.020732;6.515678;7.181935;8.998113;7.273593;7.079817;5.204447;7.905992;7.377046;8.801616;3.684950;4.255041;7.044562;8.426733;5.871738;6.710210;7.142527;8.833180;8.090116;9.363331;7.058475;3.267442;7.484189;4.498229;8.038246;3.784978;7.387894;8.646736;7.465082;5.070836;5.945161;5.918335;9.224495;8.552543;7.021133;3.654061
1.220000;-2.370118;3.811634;3.482626;3.517634;2.976366;3.339910;1.822294;3.115733;4.109559;1.563216;5.322131;1.697737;3.258295;2.347344;3.724471;4.033519;2.621968;1.859810;2.935381;3.772732;5.335114;2.792104;3.809724;4.115557;1.655138;3.891586;3.448169;2.653695;3.487453;2.954413;4.814400;2.973449;4.500344;4.886036;4.788508;1.902985;2.958305;1.329559;3.544921;5.640906;4.913980;1.504533;5.121169;1.910113;4.997412;3.260552;4.029457;4.397126;5.583722;3.651420;2.745326;5.367778;2.702060;1.803173;3.100567;3.355949;4.397907;4.632798;1.854898;5.096997;1.365467;2.680189;1.675933;2.579652;4.122047;4.785238;3.446597;4.072451;3.185857;4.764653;5.112146;3.798409;4.254556;3.227561;2.100002;4.522589;2.137596;1.530048;1.573747;5.023808;1.847805;2.489405;4.162017;4.814681;1.495129;4.100609;2.753357;1.686036;4.404098;4.732880;4.871587;3.141513;4.748943;1.465813;3.605110;3.950703;1.613894;5.513533;6.006977;4.180798;3.842284;3.377501;3.003722;2.140552;2.536023;4.008208;3.424867;4.748977;3.881567;4.168492;2.646994;3.397984;2.607017;5.457355;3.585294;5.178160;6.178211;6.093519;9.299699;5.596057;4.551422;9.092320;5.176568;4.720314;4.899158;7.484494;6.501872;7.192115;7.078249;8.896420;8.840798;7.036451;5.358378;5.063632;8.908346;5.298678;4.256285;8.208129;7.098351;6.060466;6.022582;6.517409;7.183296;8.999024;7.273585;7.080005;5.204943;7.907832;7.378420;8.748079;3.678420;4.256715;7.045529;8.427849;5.872692;6.711167;7.143328;8.833766;8.091640;9.364774;7.059978;3.267442;7.500106;4.500105;8.038722;3.786182;7.389840;8.648735;7.466978;5.071419;5.947096;5.920038;9.226471;8.554507;7.021382;3.654060
1.220000;-6.308932;3.016031;3.505780;3.537174;2.994542;3.374261;1.820720;3.186846;4.120317;1.583594;5.336411;1.714698;3.287829;2.334489;3.614581;4.078728;2.607423;1.889677;2.949154;3.811024;5.357446;2.819391;3.817337;4.134779;1.681535;4.175838;3.472261;2.709008;3.516123;2.974881;4.814400;3.015708;4.514425;4.897722;4.795366;1.909295;2.984972;1.340865;3.582304;5.699353;4.937588;1.511803;5.131609;1.923280;5.035595;3.271374;4.035018;4.408813;5.616910;3.660787;2.768012;5.401417;2.713738;1.817366;3.128692;3.382096;3.835074;4.649769;1.872770;5.123075;1.377303;2.715154;1.703621;2.632942;4.140373;4.812137;3.462517;4.108814;3.194994;4.800400;5.135555;3.699648;4.305471;3.262886;2.118242;4.562457;2.160542;1.539010;1.580586;5.055560;1.865876;2.444895;4.167669;4.829450;1.503258;4.136292;2.769273;1.715650;4.334161;4.790778;4.897809;3.174711;4.755050;1.521991;3.615425;3.966606;1.629905;5.567145;6.056899;4.187107;3.879674;3.381718;3.025743;2.164100;2.551897;4.028008;3.451789;4.761111;3.886192;4.200755;2.646994;3.419919;2.626422;5.481360;3.636835;5.535227;6.193751;6.087800;9.312909;5.598134;4.560016;9.119869;5.208010;4.728317;4.889684;7.477734;6.493901;7.260967;7.095107;8.937919;8.878706;7.049194;5.359516;5.102835;8.953870;5.298676;4.209646;8.198309;7.098940;6.072583;6.110262;6.555818;7.294965;9.014189;7.273582;7.082716;5.212485;7.952003;7.404463;8.733472;3.757797;4.292773;7.061860;8.447406;5.888764;6.836859;7.156346;8.842855;8.196682;9.392852;7.089882;3.267441;7.730258;4.585999;8.045979;3.807872;7.441030;8.707097;7.514408;5.080458;6.028365;5.957161;9.280908;8.607602;7.025004;3.654060
1.220000;-4.194338;3.000145;3.506987;3.538153;2.995438;3.376264;1.819349;3.192226;4.120799;1.584626;5.337080;1.715522;3.289472;2.373539;3.652788;4.081609;2.621968;1.891343;2.949795;3.813331;5.358600;2.820879;3.817662;4.135737;1.682960;3.914121;3.473533;2.712799;3.517709;2.975916;4.814400;3.018340;4.515085;4.898252;4.795655;2.052218;2.986417;1.341376;3.584538;5.703448;4.938825;1.512112;5.132075;1.923889;5.037892;3.271859;4.035249;4.409342;5.618818;3.661199;2.769188;5.403363;2.714268;1.818031;3.130239;3.383502;3.827555;4.636773;1.873648;5.124478;1.355443;2.717203;1.705135;2.580832;4.141279;4.813599;3.463281;4.110970;3.195393;4.789765;5.136779;3.798409;4.308854;3.264960;2.119142;4.564891;2.161732;1.674271;1.580875;5.057364;1.866765;2.455450;4.167903;4.830146;1.503609;4.138391;2.770034;1.703667;4.371476;4.794817;4.899221;3.176624;4.755304;1.785509;3.615882;3.967367;1.630676;5.570777;6.060197;4.187371;3.881911;3.409126;3.026876;2.165332;2.552657;4.029003;3.453250;4.761666;3.886380;4.202602;2.646994;3.421051;2.627392;5.482624;3.640282;5.074653;6.194490;6.093668;9.313521;5.598216;4.560388;9.121373;5.209795;4.728661;4.905895;7.451839;6.506236;7.266109;7.046795;8.940485;8.880983;7.049779;5.358968;5.105216;8.956771;5.298677;4.400300;8.216472;7.177666;6.073137;6.117507;6.558134;7.305215;9.014902;7.273589;7.082825;5.212809;7.954794;7.405862;8.733795;3.681338;4.294903;7.062646;8.448388;5.889537;6.849019;7.156946;8.843253;8.206065;9.394392;7.091551;3.267442;7.560244;4.593036;8.046288;3.808985;7.444439;8.711180;7.517485;5.080853;6.034866;5.959380;9.284617;8.611189;7.025150;3.654061
1.220000;-4.444819;2.942013;3.495983;3.528905;2.986850;3.359730;1.820137;3.156641;4.115763;1.574971;5.330368;1.707519;3.275337;2.328333;3.640860;4.059586;2.336608;1.877040;2.943324;3.794817;5.347998;2.807851;3.814112;4.126646;1.670366;3.932605;3.462068;2.685565;3.503992;2.966219;4.814400;2.997817;4.508467;4.892775;4.792462;1.910172;2.973689;1.336079;3.566481;5.674574;4.927598;1.508725;5.127189;1.917707;5.019433;3.266792;4.032662;4.403866;5.602865;3.656821;2.758411;5.387183;2.708794;1.811359;3.116794;3.371033;3.830462;4.721634;1.865207;5.112041;1.350940;2.700359;1.691907;2.681325;4.132619;4.800763;3.455779;4.093426;3.191125;4.786078;5.125649;3.798409;4.283900;3.247935;2.110524;4.545582;2.150831;1.809725;1.577690;5.042127;1.858228;2.447140;4.165276;4.823198;1.499816;4.121191;2.762537;1.750341;4.345067;4.766233;4.886714;3.160661;4.752464;1.799128;3.611058;3.959875;1.623130;5.544428;6.035753;4.184436;3.863851;3.418644;3.016427;2.154135;2.545179;4.019630;3.440397;4.755973;3.884233;4.187105;2.646994;3.410641;2.618208;5.471204;3.615000;5.324028;6.187171;6.081465;9.307321;5.597253;4.556376;9.108212;5.194706;4.724927;4.950379;7.493867;6.493100;7.231732;7.068802;8.920352;8.862660;7.043799;5.360479;5.086240;8.934587;5.298676;4.418584;8.287235;7.148478;6.067452;6.072903;6.539560;7.247113;9.007768;7.273585;7.081570;5.209291;7.933305;7.393443;8.761374;3.687330;4.277513;7.054947;8.439129;5.881964;6.782791;7.150834;8.839006;8.151744;9.380971;7.077230;3.267442;7.670410;4.549409;8.042908;3.798693;7.419343;8.682355;7.494322;5.076630;5.993783;5.941452;9.257837;8.585105;7.023469;3.654062
1.220000;-4.638896;2.913797;3.497008;3.529699;2.987563;3.361621;1.819264;3.162727;4.116097;1.575819;5.330867;1.708163;3.276829;2.333435;3.624332;4.062516;2.621968;1.878559;2.943800;3.797066;5.348970;2.809170;3.814323;4.127421;1.671621;3.871858;3.463161;2.689619;3.505422;2.967071;4.814400;3.000451;4.508956;4.893152;4.792646;1.924324;2.974963;1.336439;3.568648;5.679004;4.928656;1.508923;5.127512;1.918154;5.021676;3.267132;4.032804;4.404243;5.604659;3.657099;2.759406;5.389015;2.709173;1.811855;3.118179;3.372270;3.861738;4.614781;1.865902;5.113274;1.353901;2.702308;1.693257;2.583213;4.133340;4.802052;3.456367;4.095495;3.191394;4.743378;5.126693;3.798409;4.287453;3.249913;2.111240;4.547979;2.151844;1.562782;1.577873;5.043800;1.858936;2.461592;4.165419;4.823726;1.500046;4.123201;2.763123;1.726216;4.676200;4.770597;4.887957;3.162457;4.752622;1.627107;3.611374;3.960461;1.623721;5.548284;6.039188;4.184601;3.866017;3.372055;3.017379;2.155189;2.545763;4.020440;3.441692;4.756371;3.884346;4.188819;2.646994;3.411582;2.618996;5.472289;3.618616;4.962265;6.187738;6.091768;9.307768;5.597297;4.556623;9.109554;5.196353;4.725153;4.891392;7.474342;6.488410;7.237503;7.062257;8.922904;8.864871;7.044225;5.359219;5.088575;8.937552;5.298678;4.212683;8.204099;7.101390;6.067850;6.081453;6.541820;7.259779;9.008317;7.273589;7.081628;5.209499;7.936128;7.394672;8.761077;3.684634;4.279557;7.055556;8.439926;5.882558;6.798141;7.151273;8.839272;8.163212;9.382349;7.078752;3.267442;7.485116;4.557684;8.043104;3.799625;7.422920;8.686776;7.497484;5.076895;6.001340;5.943590;9.261788;8.588900;7.023554;3.654062
1.220000;-3.763324;3.120035;3.493774;3.527015;2.985083;3.356592;1.838679;3.150964;4.114682;1.573007;5.328955;1.705860;3.272586;2.376520;3.655496;4.055625;2.591028;1.874270;2.941960;3.791375;5.345860;2.805285;3.813337;4.124783;1.667882;3.940787;3.459781;2.680895;3.501317;2.964247;4.814400;2.994075;4.507071;4.891605;4.791759;2.095797;2.971181;1.334947;3.563113;5.669688;4.925352;1.507983;5.126139;1.916399;5.016003;3.265707;4.032091;4.402696;5.599824;3.655874;2.756247;5.384107;2.707627;1.809954;3.114164;3.368570;3.922381;4.597012;1.863466;5.109585;1.349341;2.697177;1.689313;2.873249;4.130836;4.798230;3.454215;4.090133;3.190201;4.799049;5.123420;3.798409;4.279533;3.244725;2.108750;4.542021;2.148643;1.561913;1.576991;5.039199;1.856467;2.448110;4.164694;4.821740;1.498992;4.117950;2.760971;2.050564;4.313219;4.761390;4.884244;3.157621;4.751837;1.467061;3.610020;3.958312;1.621557;5.539875;6.031454;4.183790;3.860478;3.375668;3.014315;2.151895;2.543619;4.017716;3.437868;4.754763;3.883756;4.184136;2.646994;3.408536;2.616332;5.468922;3.610588;5.112269;6.185646;6.080569;9.306006;5.597037;4.555505;9.105633;5.191804;4.724114;4.883268;7.490926;6.511120;7.226196;7.053504;8.916673;8.859249;7.042531;5.362508;5.082732;8.930601;5.298676;4.379165;8.227014;7.133688;6.066242;6.066299;6.536112;7.239385;9.006270;7.273593;7.081287;5.208523;7.929421;7.390988;8.736746;3.730182;4.274246;7.053347;8.437230;5.880384;6.774528;7.149540;8.838088;8.144297;9.378344;7.074450;3.267442;7.498316;4.542902;8.042168;3.796615;7.414959;8.677485;7.490205;5.075717;5.987524;5.938100;9.253228;8.580587;7.023095;3.654061
1.220000;-6.373100;3.029369;3.512448;3.542747;2.999707;3.384438;1.843060;3.209590;4.123311;1.589420;5.340423;1.719499;3.296474;2.329279;3.621828;4.092457;2.405428;1.898424;2.953020;3.822470;5.363864;2.827337;3.819434;4.140257;1.689205;3.941423;3.479222;2.726170;3.524497;2.980732;4.814400;3.028454;4.518385;4.900982;4.797252;1.916922;2.992722;1.344016;3.593456;5.717606;4.944394;1.513805;5.134513;1.926970;5.047005;3.274386;4.036543;4.412074;5.626712;3.663383;2.774537;5.411362;2.716997;1.821354;3.136895;3.389682;4.029120;4.984774;1.877845;5.130643;1.352540;2.725527;1.711688;2.584298;4.145584;4.819963;3.467015;4.119631;3.197525;4.741405;5.142301;3.798409;4.321122;3.273370;2.123425;4.574418;2.167147;1.590882;1.582467;5.064901;1.871008;2.441917;4.169218;4.833606;1.505503;4.146886;2.773767;1.717516;4.311536;4.808837;4.905419;3.184514;4.756725;1.475836;3.618290;3.971096;1.634429;5.583722;6.072216;4.188839;3.890828;3.382085;3.032065;2.170887;2.556379;4.033658;3.459620;4.764502;3.887455;4.210262;2.646994;3.426219;2.631956;5.488289;3.652705;4.988315;6.198131;6.080467;9.316614;5.598697;4.562391;9.127895;5.217257;4.730526;4.890854;7.450723;6.532104;7.282900;7.052094;8.950412;8.890029;7.052759;5.394416;5.114580;8.967694;5.298676;4.223712;8.258659;7.122743;6.075969;6.139112;6.567302;7.333019;9.018458;7.273585;7.083455;5.214565;7.965383;7.412020;8.776863;3.702016;4.303495;7.066476;8.452985;5.893308;6.880459;7.159989;8.845372;8.232152;9.401039;7.098641;3.267441;7.490914;4.614183;8.047975;3.814092;7.456777;8.725313;7.528880;5.082960;6.054829;5.968230;9.297768;8.624002;7.025992;3.654061
1.220000;-3.699901;3.143444;3.500421;3.532650;2.990333;3.366329;1.841359;3.170484;4.117823;1.578879;5.333100;1.710770;3.281006;2.331536;4.004752;4.068299;2.609575;1.882773;2.945962;3.802182;5.352276;2.813082;3.815570;4.130329;1.675433;4.178406;3.466692;2.696259;3.509497;2.970141;4.814400;3.005955;4.511163;4.895011;4.793774;1.909209;2.978805;1.338244;3.573672;5.685894;4.932125;1.510117;5.129189;1.920228;5.026778;3.268865;4.033727;4.406105;5.609240;3.658615;2.762761;5.393644;2.711030;1.814077;3.122190;3.376049;3.876030;4.577999;1.868630;5.117044;1.349365;2.707077;1.697218;2.588155;4.136131;4.805917;3.458829;4.100418;3.192875;4.743487;5.130138;3.685526;4.293733;3.254726;2.114019;4.553253;2.155233;1.676243;1.578999;5.048223;1.861690;2.446676;4.166358;4.826026;1.501372;4.128043;2.765587;1.731932;4.343871;4.777441;4.891744;3.167040;4.753632;1.475836;3.613032;3.962922;1.626198;5.554793;6.045388;4.185644;3.871042;3.420589;3.020648;2.158652;2.548219;4.023424;3.445563;4.758298;3.885118;4.193313;2.646994;3.414845;2.621930;5.475807;3.624953;5.241850;6.190148;6.079861;9.309848;5.597651;4.558022;9.113495;5.200745;4.726460;4.882630;7.499087;6.492292;7.245119;7.188833;8.928338;8.869950;7.046239;5.363069;5.093784;8.943357;5.298676;4.242889;8.195509;7.154483;6.069774;6.090108;6.546947;7.269316;9.010674;7.273593;7.082089;5.210736;7.941810;7.398439;8.747298;3.684474;4.284444;7.058078;8.442879;5.885041;6.807987;7.153327;8.840748;8.172546;9.386357;7.082968;3.267441;7.489192;4.566246;8.044297;3.802852;7.429226;8.693647;7.503469;5.078360;6.009669;5.948587;9.268358;8.595366;7.024163;3.654061
1.220000;-4.495260;2.931400;3.489134;3.523142;2.981496;3.349480;1.876587;3.134895;4.112612;1.568958;5.326174;1.702528;3.266556;2.395269;3.754892;4.045989;2.569252;1.868158;2.939280;3.783358;5.341392;2.799749;3.811890;4.120979;1.662540;4.075191;3.454935;2.668815;3.495475;2.960177;4.814399;2.985140;4.504330;4.889350;4.790461;1.902625;2.965778;1.332767;3.555304;5.656834;4.920612;1.506603;5.124134;1.913844;5.008012;3.263623;4.031042;4.400442;5.592970;3.654081;2.751704;5.377152;2.705372;1.807191;3.108444;3.363282;3.843370;4.759729;1.859942;5.104310;1.349329;2.689920;1.683686;2.625441;4.127220;4.792778;3.451098;4.082560;3.188453;4.743015;5.118725;3.798409;4.268530;3.237388;2.105150;4.533638;2.144047;1.532888;1.575694;5.032672;1.852905;2.618069;4.163628;4.818860;1.497441;4.110532;2.757857;1.706959;4.453416;4.748673;4.878938;3.150766;4.750682;1.475836;3.608040;3.955199;1.618421;5.528213;6.020692;4.182595;3.852670;3.372646;3.009918;2.147169;2.540511;4.013788;3.432410;4.752417;3.882887;4.177497;2.646994;3.404158;2.612487;5.464096;3.599433;5.122832;6.182604;6.084216;9.303444;5.596651;4.553865;9.100035;5.185345;4.722590;4.905734;7.458603;6.575864;7.210701;7.103670;8.907905;8.851320;7.040063;5.364249;5.074502;8.920892;5.298677;4.481322;8.225675;7.154066;6.063899;6.045843;6.528067;7.212253;9.003313;7.273589;7.080782;5.207088;7.920033;7.385720;8.733317;3.685577;4.266741;7.050144;8.433362;5.877235;6.743330;7.147014;8.836350;8.119047;9.372635;7.068335;3.267441;7.489618;4.522930;8.040789;3.792283;7.403885;8.664643;7.480038;5.073988;5.968784;5.930350;9.241364;8.569050;7.022415;3.654061
1.220000;-6.975086;3.246403;3.498381;3.530921;2.988720;3.363343;1.886130;3.164435;4.116857;1.577078;5.331828;1.709262;3.278424;2.332332;3.657372;4.064407;2.526613;1.880168;2.944733;3.798867;5.350309;2.810697;3.814883;4.128626;1.673119;3.926630;3.464573;2.691530;3.506990;2.968333;4.814399;3.002311;4.509907;4.893966;4.793156;2.050657;2.976468;1.337230;3.570433;5.680903;4.930048;1.509460;5.128250;1.919051;5.023476;3.267894;4.033224;4.405057;5.606356;3.657771;2.760763;5.390720;2.709985;1.812810;3.119731;3.373756;3.923546;4.582273;1.867045;5.114756;1.353220;2.704044;1.694796;2.604218;4.134507;4.803566;3.457413;4.097266;3.192052;4.756674;5.128078;3.798409;4.289368;3.251659;2.112401;4.549807;2.153213;1.531360;1.578380;5.045460;1.860088;2.521371;4.165845;4.824710;1.500640;4.124957;2.764170;1.722073;4.318470;4.772493;4.889445;3.164153;4.753079;1.475835;3.612105;3.961506;1.624774;5.550202;6.041106;4.185072;3.867805;3.371837;3.018705;2.156580;2.546806;4.021673;3.443205;4.757210;3.884699;4.190493;2.646994;3.412912;2.620211;5.473696;3.620533;5.524766;6.188765;6.080173;9.308666;5.597462;4.557248;9.111083;5.198003;4.725737;4.886270;7.450350;6.546115;7.239256;7.052949;8.924757;8.866663;7.045100;5.394728;5.090393;8.939441;5.298677;4.266291;8.245378;7.213547;6.068687;6.082658;6.543625;7.259829;9.009317;7.273582;7.081841;5.210055;7.938004;7.396152;8.734807;3.681324;4.281317;7.056625;8.441147;5.883611;6.797291;7.152162;8.839929;8.163622;9.383897;7.080353;3.267442;7.533675;4.558948;8.043640;3.800937;7.424837;8.688657;7.499389;5.077547;6.002771;5.945371;9.263701;8.590816;7.023835;3.654061
1.220000;-4.967917;2.880987;3.494586;3.527732;2.985761;3.357634;1.848710;3.152327;4.115126;1.573747;5.329517;1.706506;3.273543;2.330340;3.737121;4.056821;2.621968;1.875224;2.942505;3.792480;5.346651;2.806193;3.813666;4.125492;1.668769;3.951384;3.460615;2.682185;3.502252;2.964988;4.814400;2.995235;4.507627;4.892081;4.792059;1.949999;2.972074;1.335410;3.564202;5.671002;4.926173;1.508297;5.126572;1.916924;5.017105;3.266152;4.032337;4.403173;5.600845;3.656269;2.757046;5.385136;2.708102;1.810515;3.115087;3.369451;3.854231;4.590823;1.864136;5.110464;1.366113;2.698229;1.690227;2.580930;4.131519;4.799129;3.454829;4.091208;3.190586;4.747595;5.124238;3.766020;4.280789;3.245784;2.109430;4.543147;2.149448;1.530398;1.577288;5.040196;1.857146;2.442853;4.164944;4.822319;1.499338;4.119016;2.761585;1.731484;4.344055;4.762697;4.885127;3.158641;4.752106;1.475836;3.610447;3.958926;1.622174;5.541154;6.032700;4.184065;3.861569;3.373698;3.015100;2.152715;2.544230;4.018441;3.438770;4.755254;3.883963;4.185140;2.646994;3.409318;2.617045;5.469753;3.611847;5.490541;6.186248;6.089737;9.306536;5.597134;4.555870;9.106543;5.192794;4.724457;4.902470;7.468670;6.507236;7.227547;7.092978;8.917815;8.860345;7.043044;5.359408;5.083849;8.931798;5.298679;4.753897;8.203505;7.105790;6.066732;6.067654;6.537217;7.240593;9.006866;7.273585;7.081411;5.208848;7.930601;7.391867;8.735400;3.706412;4.275315;7.053972;8.437952;5.881003;6.775573;7.150062;8.838470;8.145562;9.379269;7.075413;3.267441;7.491178;4.544259;8.042481;3.797388;7.416211;8.678787;7.491419;5.076098;5.988890;5.939185;9.254511;8.581858;7.023261;3.654060
1.220000;-5.786236;2.913938;3.503028;3.534866;2.992400;3.370134;1.867388;3.178135;4.119066;1.581185;5.334740;1.712702;3.284294;2.366027;3.649491;4.073244;2.352581;1.886098;2.947542;3.806401;5.354799;2.816135;3.816458;4.132509;1.678388;3.896330;3.469399;2.702263;3.512695;2.972459;4.814400;3.010589;4.512777;4.896361;4.794576;1.981127;2.981791;1.339550;3.577795;5.692222;4.934781;1.510965;5.130397;1.921742;5.030986;3.270116;4.034380;4.407452;5.612925;3.659701;2.765320;5.397373;2.712379;1.815705;3.125331;3.378978;3.930862;4.585973;1.870664;5.119967;1.350133;2.710948;1.700313;2.579349;4.138214;4.808928;3.460649;4.104427;3.193936;4.741518;5.132774;3.689781;4.299278;3.258630;2.116091;4.557637;2.157818;1.532274;1.579798;5.051752;1.863745;2.777313;4.167019;4.827719;1.502318;4.131996;2.767401;1.818224;4.326315;4.783713;4.894682;3.170721;4.754347;1.467097;3.614227;3.964738;1.628026;5.560610;6.050827;4.186380;3.875165;3.580958;3.023134;2.161300;2.550034;4.025669;3.448576;4.759696;3.885662;4.196886;2.646994;3.417317;2.624131;5.478507;3.630564;5.061028;6.191926;6.081186;9.311367;5.597898;4.559020;9.116582;5.204238;4.727392;4.882474;7.450930;6.497527;7.252539;7.056941;8.932894;8.874134;7.047708;5.358389;5.098097;8.948339;5.298677;4.407672;8.203358;7.098435;6.071169;6.099506;6.551180;7.281254;9.012409;7.273589;7.082410;5.211615;7.946645;7.401359;8.764050;3.696607;4.288427;7.059940;8.445094;5.886875;6.821425;7.154823;8.841803;8.183784;9.389495;7.086304;3.267442;7.537358;4.575466;8.045141;3.805301;7.434801;8.699974;7.508651;5.079411;6.018403;5.952683;9.274273;8.601134;7.024590;3.654061
1.220000;-5.705410;2.903856;3.497453;3.530079;2.987919;3.362255;1.826506;3.164030;4.116318;1.576212;5.331154;1.708498;3.277379;2.339183;3.615810;4.063339;2.621968;1.879120;2.944077;3.797771;5.349397;2.809681;3.814482;4.127793;1.672122;3.992408;3.463617;2.690621;3.505958;2.967467;4.814399;3.001219;4.509236;4.893389;4.792788;2.203393;2.975466;1.336670;3.569336;5.680065;4.929107;1.509075;5.127726;1.918418;5.022374;3.267352;4.032922;4.404479;5.605277;3.657292;2.759841;5.389637;2.709409;1.812138;3.118705;3.372764;3.884975;4.593396;1.866252;5.113766;1.356972;2.702952;1.693777;2.579654;4.133698;4.802556;3.456681;4.096166;3.191582;4.747082;5.127141;3.798409;4.288377;3.250568;2.111597;4.548710;2.152281;1.541530;1.578017;5.044385;1.859288;2.585060;4.165538;4.824018;1.500215;4.123853;2.763437;1.686055;4.325502;4.771651;4.888452;3.163073;4.752750;1.478085;3.611586;3.960776;1.624037;5.549253;6.040096;4.184733;3.866703;3.380751;3.017799;2.155638;2.546076;4.020823;3.442200;4.756618;3.884444;4.189420;2.646994;3.412007;2.619373;5.472744;3.619558;4.963977;6.188047;6.079864;9.308035;5.597343;4.556801;9.110077;5.196940;4.725321;4.902451;7.514972;6.505967;7.238768;7.133790;8.923669;8.865573;7.044482;5.367472;5.089297;8.938383;5.298676;4.270330;8.194568;7.102356;6.068094;6.083097;6.542526;7.261941;9.008619;7.273589;7.081688;5.209657;7.936935;7.395165;8.790090;3.680816;4.280221;7.055880;8.440304;5.882876;6.800615;7.151535;8.839461;8.165221;9.382879;7.079309;3.267441;7.540678;4.559291;8.043257;3.800041;7.423852;8.687838;7.498353;5.077082;6.002845;5.944277;9.262776;8.589864;7.023632;3.654061
1.380000;-6.321901;3.022292;3.494554;3.527627;2.985634;3.357986;1.821716;3.155219;4.114955;1.573656;5.329352;1.706362;3.273702;2.329054;3.635771;4.057736;2.545259;1.875401;2.942338;3.793013;5.346599;2.806281;3.813515;4.125381;1.668825;4.197689;3.460607;2.683774;3.502383;2.964899;4.814400;2.995980;4.507462;4.891910;4.791917;1.902331;2.972138;1.335238;3.564692;5.672830;4.926152;1.508150;5.126403;1.916755;5.017636;3.265981;4.032213;4.403001;5.601149;3.656102;2.757001;5.385455;2.707931;1.810348;3.115200;3.369498;3.853707;4.594923;1.864005;5.110510;1.349750;2.698604;1.690323;2.589885;4.131396;4.799199;3.454674;4.091650;3.190422;4.759914;5.124211;3.798409;4.282071;3.246175;2.109305;4.543762;2.149411;1.603029;1.577146;5.040436;1.857017;2.510377;4.164818;4.822155;1.499182;4.119428;2.761432;1.746704;4.609682;4.764481;4.885177;3.158942;4.751973;1.475836;3.610278;3.958772;1.622022;5.542616;6.033914;4.183932;3.862061;3.479338;3.015042;2.152694;2.544077;4.018340;3.438840;4.755083;3.883853;4.185408;2.646994;3.409261;2.616936;5.469743;3.613168;5.649857;6.186090;6.080169;9.306366;5.597077;4.555709;9.106634;5.193024;4.724302;4.892409;7.502396;6.632293;7.230230;7.045221;8.918515;8.860860;7.042872;5.367716;5.084427;8.932739;5.298676;4.278133;8.276072;7.108533;6.066562;6.072181;6.537756;7.247949;9.006705;7.273589;7.081340;5.208698;7.931461;7.391912;8.733542;3.689865;4.275741;7.053823;8.437853;5.880851;6.784799;7.149892;8.838307;8.152086;9.379372;7.075580;3.267442;7.509978;4.548611;8.042333;3.797322;7.417510;8.680607;7.492467;5.075934;5.992752;5.939661;9.256038;8.583290;7.023168;3.654063
1.380000;-6.639704;3.116914;3.497103;3.529778;2.987636;3.361773;1.821924;3.163117;4.116141;1.575899;5.330925;1.708230;3.276954;2.336739;3.626327;4.062729;2.621968;1.878686;2.943854;3.797237;5.349060;2.809279;3.814353;4.127497;1.671732;3.874166;3.463259;2.689896;3.505543;2.967153;4.814400;3.000644;4.509013;4.893199;4.792672;1.957990;2.975075;1.336483;3.568814;5.679304;4.928752;1.508950;5.127553;1.918204;5.021845;3.267174;4.032826;4.404287;5.604803;3.657136;2.759499;5.389161;2.709216;1.811911;3.118294;3.372378;3.828068;4.736097;1.865974;5.113381;1.366728;2.702460;1.693372;2.580997;4.133414;4.802162;3.456430;4.095659;3.191429;4.741414;5.126789;3.798409;4.287699;3.250070;2.111312;4.548159;2.151938;1.592191;1.577899;5.043931;1.859007;2.444530;4.165442;4.823780;1.500078;4.123357;2.763187;1.699725;4.389143;4.770892;4.888064;3.162601;4.752645;1.475836;3.611416;3.960524;1.623785;5.548549;6.039431;4.184626;3.866183;3.378273;3.017464;2.155285;2.545826;4.020519;3.441804;4.756420;3.884364;4.188963;2.646994;3.411671;2.619074;5.472385;3.618869;5.910236;6.187802;6.081247;9.307819;5.597307;4.556657;9.109670;5.196488;4.725182;4.882012;7.630379;6.505383;7.237879;7.092832;8.923100;8.865043;7.044275;5.358428;5.088749;8.937767;5.298676;4.212188;8.236024;7.098533;6.067896;6.081958;6.541993;7.260430;9.008376;7.273589;7.081639;5.209528;7.936333;7.394779;8.738606;3.740871;4.279716;7.055621;8.440005;5.882623;6.798851;7.151327;8.839310;8.163826;9.382469;7.078880;3.267442;7.551814;4.558176;8.043132;3.799712;7.423171;8.687069;7.497714;5.076931;6.001800;5.943754;9.262063;8.589164;7.023569;3.654063
1.380000;-3.203373;3.348436;3.497111;3.529864;2.987747;3.361382;1.822242;3.160160;4.116304;1.575971;5.331079;1.708358;3.276759;2.350608;3.618003;4.061758;2.443635;1.878481;2.944012;3.796656;5.349087;2.809168;3.814502;4.127591;1.671648;3.877549;3.463237;2.688244;3.505379;2.967221;4.814400;2.999848;4.509167;4.893362;4.792813;1.928672;2.974980;1.336648;3.568280;5.677409;4.928748;1.509098;5.127717;1.918365;5.021268;3.267339;4.032950;4.404453;5.604464;3.657297;2.759519;5.388801;2.709382;1.812067;3.118151;3.372300;4.153316;4.718103;1.866090;5.113307;1.349426;2.702040;1.693245;2.661401;4.133523;4.802064;3.456571;4.095171;3.191590;4.768874;5.126789;3.798409;4.286360;3.249633;2.111422;4.547496;2.151949;1.621431;1.578040;5.043656;1.859119;2.535653;4.165566;4.823934;1.500231;4.122909;2.763326;1.725668;4.435657;4.769044;4.887984;3.162260;4.752778;1.475836;3.611579;3.960663;1.623924;5.547024;6.038159;4.184761;3.865647;3.371814;3.017500;2.155285;2.545967;4.020602;3.441701;4.756584;3.884472;4.188659;2.646994;3.411712;2.619164;5.472371;3.617487;4.983397;6.187942;6.147104;9.307981;5.597363;4.556813;9.109549;5.196219;4.725335;4.886810;7.470970;6.513768;7.235123;7.055134;8.922343;8.864477;7.044438;5.358861;5.088124;8.936777;5.298676;4.263953;8.206120;7.134490;6.068062;6.077360;6.541406;7.253012;9.008522;7.273589;7.081710;5.209676;7.935424;7.394703;8.743574;3.793414;4.279245;7.055755;8.440084;5.882759;6.789561;7.151485;8.839469;8.157236;9.382331;7.078670;3.267442;7.522726;4.553767;8.043279;3.799756;7.421814;8.685186;7.496607;5.077090;5.997867;5.943232;9.260470;8.587671;7.023658;3.654061
1.380000;-6.692825;3.136096;3.496550;3.529357;2.987261;3.360719;1.831245;3.159615;4.115971;1.575446;5.330666;1.707894;3.276131;2.336471;3.634470;4.061065;2.621968;1.877850;2.943610;3.795974;5.348537;2.808556;3.814250;4.127088;1.671048;3.919332;3.462670;2.687571;3.504763;2.966699;4.814400;2.999157;4.508759;4.893006;4.792583;2.013076;2.974380;1.336301;3.567601;5.676759;4.928183;1.508855;5.127390;1.917976;5.020586;3.267002;4.032757;4.404096;5.603809;3.656997;2.758965;5.388143;2.709027;1.811655;3.117536;3.371706;4.170852;4.589564;1.865608;5.112712;1.374427;2.701375;1.692634;2.579450;4.133033;4.801452;3.456125;4.094499;3.191297;4.750279;5.126227;3.798409;4.285672;3.248966;2.110936;4.546810;2.151394;1.530488;1.577810;5.043013;1.858635;2.488286;4.165371;4.823511;1.499963;4.122235;2.762880;1.730177;4.335964;4.768385;4.887389;3.161605;4.752568;1.467073;3.611255;3.960218;1.623479;5.546340;6.037470;4.184546;3.864969;3.376367;3.016958;2.154718;2.545521;4.020090;3.441097;4.756217;3.884310;4.188004;2.646994;3.411169;2.618659;5.471799;3.616802;4.969317;6.187505;6.116493;9.307589;5.597285;4.556535;9.108934;5.195577;4.725075;4.906638;7.454435;6.504514;7.234552;7.074718;8.921653;8.863799;7.044057;5.412776;5.087438;8.936079;5.298678;4.285420;8.239367;7.098375;6.067693;6.077075;6.540724;7.253386;9.008091;7.273585;7.081611;5.209427;7.934731;7.394113;8.744154;3.682212;4.278574;7.055307;8.439579;5.882311;6.790485;7.151101;8.839176;8.157393;9.381716;7.078041;3.267442;7.501157;4.553447;8.043037;3.799214;7.421123;8.684535;7.495909;5.076799;5.997465;5.942558;9.259794;8.586988;7.023528;3.654061
1.380000;-5.463781;2.881399;3.510465;3.541052;2.998122;3.381609;1.848319;3.204265;4.122344;1.587659;5.339160;1.718016;3.294002;2.329486;3.630599;4.088861;2.621968;1.895930;2.951799;3.819359;5.361946;2.825037;3.818743;4.138588;1.686970;3.911804;3.477165;2.721884;3.522094;2.978965;4.814400;3.025064;4.517134;4.899938;4.796627;1.945750;2.990470;1.343004;3.590409;5.713108;4.942379;1.513144;5.133574;1.925800;5.043902;3.273416;4.036034;4.411029;5.623966;3.662538;2.772593;5.408588;2.715953;1.820098;3.134532;3.387471;3.835334;4.580119;1.876284;5.128436;1.352281;2.722656;1.709356;2.628443;4.143988;4.817688;3.465614;4.116662;3.196700;4.750885;5.140300;3.798409;4.317136;3.270473;2.121836;4.571196;2.165183;1.742034;1.581844;5.062270;1.869433;2.563125;4.168700;4.832302;1.504765;4.143972;2.772365;1.687419;4.537639;4.804380;4.903201;3.181773;4.756167;1.816039;3.617362;3.969696;1.633023;5.579550;6.068294;4.188264;3.887782;3.663387;3.030174;2.168873;2.554983;4.031944;3.457345;4.763420;3.887028;4.207593;2.646994;3.424334;2.630272;5.486242;3.648675;5.222737;6.196763;6.080143;9.315438;5.598503;4.561613;9.125573;5.214645;4.729802;4.885301;7.450047;6.597132;7.277723;7.076994;8.947071;8.886948;7.051625;5.359094;5.111403;8.964069;5.298678;4.507353;8.225300;7.110831;6.074887;6.132715;6.564184;7.325056;9.017122;7.273589;7.083203;5.213880;7.961854;7.409817;8.842806;3.683086;4.300544;7.065042;8.451289;5.891894;6.871581;7.158832;8.844550;8.224628;9.398678;7.096144;3.267442;7.500096;4.607896;8.047316;3.812228;7.452772;8.720823;7.525135;5.082142;6.048841;5.965204;9.293540;8.619866;7.025657;3.654061
1.380000;-6.932751;3.234379;3.491299;3.524969;2.983194;3.352685;1.819458;3.141200;4.113612;1.570864;5.327505;1.704113;3.269314;2.371789;3.898622;4.050163;2.545979;1.870952;2.940565;3.786919;5.343484;2.802300;3.812594;4.122771;1.665008;3.895868;3.457191;2.673854;3.498155;2.962091;4.814400;2.989052;4.505645;4.890437;4.791092;1.902354;2.968273;1.333819;3.558784;5.662135;4.922822;1.507275;5.125103;1.915070;5.011560;3.264628;4.031554;4.401528;5.596073;3.654950;2.753828;5.380290;2.706458;1.808513;3.111070;3.365727;3.890410;4.580046;1.861612;5.106750;1.350227;2.693181;1.686276;2.750463;4.128932;4.795291;3.452582;4.085945;3.189300;4.741586;5.120915;3.767633;4.273199;3.240681;2.106854;4.537340;2.146191;1.540914;1.576326;5.035637;1.854593;2.514184;4.164149;4.820236;1.498195;4.113859;2.759348;1.742929;4.349610;4.753922;4.881392;3.153865;4.751246;1.938509;3.608996;3.956683;1.619915;5.533108;6.025274;4.183177;3.856150;3.516802;3.011978;2.149373;2.541991;4.015640;3.434928;4.753546;3.883312;4.180507;2.646994;3.406213;2.614302;5.466345;3.604149;5.006015;6.184055;6.080019;9.304675;5.596840;4.554661;9.102611;5.188282;4.723330;4.901995;7.538598;6.542080;7.216832;7.048262;8.911751;8.854845;7.041248;5.360501;5.078145;8.925089;5.298676;4.214052;8.195808;7.139907;6.065026;6.053364;6.531637;7.221378;9.004727;7.273578;7.081029;5.207786;7.924114;7.388160;8.736611;3.686451;4.270099;7.051670;8.435186;5.878738;6.753344;7.148223;8.837193;8.127746;9.375257;7.071130;3.267442;7.520122;4.530319;8.041459;3.794314;7.408575;8.669936;7.484402;5.074827;5.975847;5.933805;9.246327;8.573900;7.022748;3.654060
1.380000;-6.070415;2.960702;3.502102;3.534005;2.991572;3.369145;1.984966;3.178325;4.118484;1.580307;5.334024;1.711907;3.283299;2.338304;3.615562;4.072401;2.621968;1.885109;2.946846;3.805444;5.353881;2.815157;3.816016;4.131655;1.677415;3.864834;3.468457;2.701714;3.511710;2.971577;4.814400;3.009688;4.512071;4.895740;4.794171;1.952386;2.980819;1.338944;3.576828;5.691791;4.933846;1.510540;5.129827;1.921067;5.030028;3.269531;4.034043;4.406832;5.611928;3.659179;2.764395;5.396381;2.711760;1.814993;3.124348;3.378010;3.972209;4.643517;1.869844;5.119001;1.350281;2.709962;1.699334;2.579433;4.137382;4.807956;3.459882;4.103456;3.193423;4.763848;5.131840;3.798409;4.298581;3.257648;2.115262;4.556700;2.156892;1.629406;1.579394;5.050757;1.862919;2.456661;4.166678;4.826987;1.501853;4.131012;2.766637;1.703164;4.311626;4.783265;4.893713;3.169728;4.753982;1.492682;3.613662;3.963973;1.627260;5.560005;6.050101;4.186005;3.874197;3.373089;3.022223;2.160366;2.549269;4.024802;3.447601;4.759059;3.885376;4.195891;2.646994;3.416413;2.623273;5.477565;3.629890;4.974429;6.191171;6.107041;9.310691;5.597762;4.558532;9.115601;5.203243;4.726932;4.886777;7.552984;6.524827;7.252602;7.091014;8.931981;8.873170;7.047046;5.359305;5.097153;8.947497;5.298678;4.217419;8.245077;7.206217;6.070535;6.100803;6.550223;7.284686;9.011667;7.273593;7.082235;5.211177;7.945787;7.400393;8.739328;3.684626;4.287450;7.059163;8.444235;5.886107;6.826365;7.154154;8.841292;8.186567;9.388512;7.085310;3.267442;7.560330;4.576630;8.044719;3.804396;7.434114;8.699548;7.507858;5.078904;6.019228;5.951717;9.273693;8.600511;7.024363;3.654062
1.380000;-5.301114;2.877098;3.473738;3.510091;2.969335;3.326925;1.824057;3.089753;4.105345;1.555363;5.316574;1.691164;3.247062;2.352165;3.764549;4.016631;2.621968;1.848453;2.930015;3.758320;5.326533;2.781691;3.806726;4.108135;1.645053;4.043444;3.438932;2.633233;3.476531;2.946520;4.814400;2.957617;4.494860;4.881465;4.785804;1.929320;2.948116;1.325136;3.530837;5.619348;4.904922;1.501668;5.117076;1.904978;4.983044;3.256313;4.027256;4.392556;5.571158;3.647742;2.736610;5.355048;2.697493;1.797646;3.089848;3.345955;3.832067;4.581919;1.847981;5.087028;1.378484;2.666978;1.665369;2.628714;4.114960;4.774967;3.440415;4.058742;3.182267;4.759442;5.103162;3.798409;4.235649;3.214218;2.092948;4.507611;2.128785;1.534186;1.571049;5.011765;1.840813;2.525574;4.159782;4.808935;1.491930;4.087139;2.747180;1.854725;4.560022;4.711511;4.861564;3.128943;4.746531;1.480371;3.601068;3.944529;1.607679;5.493674;5.988419;4.178308;3.828201;3.384424;2.995253;2.131518;2.529859;4.000568;3.414586;4.744236;3.879736;4.156263;2.646994;3.389548;2.599525;5.448148;3.566156;5.403630;6.172174;6.081727;9.294549;5.595231;4.548042;9.081804;5.164632;4.717160;4.883633;7.450049;6.534415;7.166912;7.158953;8.880855;8.826514;7.031477;5.362718;5.048889;8.891344;5.298676;4.390201;8.196855;7.100545;6.055726;5.990845;6.502953;7.143279;8.993131;7.273582;7.078927;5.201969;7.891318;7.368456;8.755107;3.680391;4.243109;7.039193;8.420296;5.866454;6.666306;7.138248;8.830195;8.053907;9.354065;7.048603;3.267442;7.624424;4.468984;8.035866;3.777838;7.370831;8.627201;7.449295;5.067869;5.917580;5.906044;9.206314;8.534823;7.019943;3.654061
1.380000;-5.559206;2.886925;3.519297;3.548554;3.005118;3.394488;1.893173;3.229998;4.126545;1.595469;5.344696;1.724556;3.305154;2.337772;3.630035;4.105581;2.408675;1.907197;2.957143;3.833638;5.370476;2.835375;3.821734;4.145969;1.696987;3.936023;3.486343;2.742134;3.532934;2.986808;4.814400;3.040743;4.522597;4.904491;4.799325;2.179708;3.000585;1.347411;3.604367;5.734447;4.951375;1.516003;5.137653;1.930915;5.058143;3.277640;4.038229;4.415582;5.636431;3.666205;2.781253;5.421211;2.720501;1.825602;3.145169;3.397392;3.841250;4.728977;1.883166;5.138334;1.354257;2.735753;1.719842;2.581156;4.151039;4.827886;3.471769;4.130261;3.200280;4.741481;5.149225;3.798409;4.335851;3.283699;2.128854;4.586033;2.173939;1.573925;1.584536;5.074218;1.876387;2.643726;4.170931;4.838022;1.507957;4.157322;2.778516;1.695076;4.414062;4.825528;4.913151;3.194238;4.758576;1.475836;3.621393;3.975842;1.639210;5.599205;6.086663;4.190749;3.901742;3.379316;3.038587;2.177851;2.561117;4.039540;3.467551;4.768143;3.888859;4.219723;2.646994;3.432714;2.637722;5.495384;3.667613;4.981178;6.202771;6.090404;9.320572;5.599331;4.564983;9.136006;5.226482;4.732945;4.912770;7.560579;6.580736;7.302675;7.045104;8.962492;8.901095;7.056580;5.363861;5.126008;8.980900;5.298677;4.402252;8.199833;7.327228;6.079607;6.164213;6.578503;7.365010;9.022989;7.273593;7.084280;5.216845;7.978210;7.419707;8.736995;3.697114;4.314032;7.071349;8.458799;5.898106;6.916553;7.163891;8.848112;8.262220;9.409305;7.107428;3.267442;7.537904;4.638775;8.050169;3.820523;7.471586;8.742146;7.542631;5.085686;6.078105;5.979070;9.313488;8.639343;7.027094;3.654061
1.380000;-4.103972;3.017339;3.493144;3.526477;2.984580;3.355693;1.820736;3.149294;4.114379;1.572447;5.328556;1.705390;3.271797;2.329254;3.665311;4.054479;2.621968;1.873469;2.941574;3.790382;5.345252;2.804553;3.813122;4.124252;1.667171;3.864807;3.459128;2.679533;3.500552;2.963684;4.814400;2.992995;4.506678;4.891278;4.791566;1.931714;2.970463;1.334628;3.562140;5.668270;4.924710;1.507776;5.125846;1.916029;5.015012;3.265401;4.031933;4.402369;5.598948;3.655611;2.755627;5.383219;2.707298;1.809557;3.113410;3.367864;3.841107;4.592554;1.862972;5.108880;1.357619;2.696258;1.688568;2.590499;4.130331;4.797504;3.453773;4.089183;3.189943;4.741506;5.122784;3.798409;4.278265;3.243799;2.108246;4.540989;2.148017;1.864296;1.576797;5.038354;1.855969;2.445887;4.164533;4.821329;1.498761;4.117014;2.760530;1.686292;4.336572;4.759979;4.883537;3.156745;4.751664;1.475836;3.609729;3.957871;1.621112;5.538550;6.030207;4.183610;3.859505;3.371837;3.013715;2.151253;2.543178;4.017171;3.437142;4.754423;3.883623;4.183286;2.646994;3.407938;2.615798;5.468269;3.609307;5.002361;6.185210;6.102490;9.305636;5.596979;4.555261;9.104893;5.190970;4.723888;4.907197;7.467733;6.483443;7.224566;7.047527;8.915604;8.858262;7.042175;5.363573;5.081714;8.929455;5.298676;4.329928;8.200809;7.112301;6.065902;6.064325;6.535114;7.237003;9.005855;7.273574;7.081210;5.208308;7.928297;7.390283;8.735768;3.792942;4.273303;7.052892;8.436700;5.879940;6.771909;7.149175;8.837831;8.142028;9.377594;7.073660;3.267442;7.555847;4.540968;8.041960;3.796022;7.413681;8.676063;7.489006;5.075460;5.985664;5.937131;9.251884;8.579274;7.022992;3.654061
1.380000;-5.386930;2.877342;3.522997;3.551695;3.008044;3.399869;1.836083;3.240220;4.128293;1.598738;5.347007;1.727294;3.309825;2.361938;3.896152;4.112496;2.621968;1.911918;2.959373;3.839587;5.374052;2.839705;3.822975;4.149062;1.701178;4.255789;3.490185;2.750399;3.537475;2.990093;4.814400;3.047252;4.524877;4.906389;4.800444;1.918260;3.004821;1.349247;3.610182;5.743125;4.955145;1.517188;5.139350;1.933049;5.064073;3.279398;4.039138;4.417480;5.641641;3.667730;2.784881;5.426484;2.722401;1.827897;3.149625;3.401551;3.832810;4.612918;1.886044;5.142480;1.396843;2.741223;1.724231;2.668189;4.153990;4.832159;3.474339;4.135927;3.201766;4.741858;5.152964;3.690023;4.343544;3.289218;2.131791;4.592204;2.177607;1.581356;1.585651;5.079215;1.879297;2.589635;4.171854;4.840410;1.509281;4.162893;2.781086;1.729855;4.552367;4.834127;4.917320;3.199447;4.759572;1.475836;3.623070;3.978411;1.641796;5.607251;6.094219;4.191779;3.907559;3.400244;3.042114;2.181612;2.563682;4.042722;3.471828;4.770112;3.889615;4.224796;2.646994;3.436228;2.640843;5.499214;3.675381;5.054574;6.205282;6.107112;9.322712;5.599670;4.566383;9.140378;5.231434;4.734249;4.882420;7.459678;6.500398;7.312624;7.045815;8.968890;8.906985;7.058646;5.361750;5.132085;8.987859;5.298678;4.403137;8.196400;7.101747;6.081573;6.176298;6.584468;7.379504;9.025438;7.273582;7.084724;5.218073;7.984978;7.423844;8.877030;3.685845;4.319656;7.073983;8.461939;5.900700;6.932315;7.166002;8.849591;8.276082;9.413754;7.112150;3.267442;7.546598;4.650671;8.051353;3.823995;7.479307;8.750791;7.549849;5.087155;6.089492;5.984851;9.321639;8.647321;7.027686;3.654062
1.380000;-6.492857;3.076908;3.485760;3.520234;2.978769;3.344806;1.830706;3.127280;4.110928;1.565940;5.323983;1.699964;3.262414;2.333349;3.615625;4.040245;2.394064;1.863981;2.937161;3.778275;5.338121;2.795868;3.810677;4.118111;1.658765;3.878962;3.451444;2.662236;3.491433;2.957148;4.814400;2.979667;4.502166;4.887530;4.789363;1.938386;2.961974;1.331003;3.550314;5.650018;4.917182;1.505442;5.122496;1.911810;5.002939;3.261930;4.030145;4.398622;5.588426;3.652603;2.748390;5.372555;2.703554;1.805011;3.104460;3.359540;3.864090;4.585052;1.857257;5.100577;1.405003;2.685181;1.679762;2.610522;4.124472;4.788944;3.448678;4.077673;3.187010;4.755401;5.115320;3.798409;4.262298;3.232613;2.102415;4.528398;2.140695;1.818784;1.574599;5.028281;1.850193;2.524700;4.162717;4.816599;1.496150;4.105718;2.755436;1.687490;4.334656;4.741899;4.875189;3.146218;4.749701;2.401960;3.606420;3.952781;1.615988;5.521764;6.014538;4.181580;3.847678;3.397240;3.006688;2.143745;2.538098;4.010847;3.428576;4.750532;3.882138;4.173050;2.646994;3.400937;2.609596;5.460618;3.593145;4.961095;6.180240;6.080816;9.301404;5.596309;4.552503;9.096127;5.180989;4.721315;4.897451;7.500801;6.495173;7.203219;7.049833;8.902515;8.846274;7.038090;5.360309;5.069329;8.915123;5.298678;4.253567;8.244412;7.133511;6.062016;6.037467;6.522973;7.203276;9.000998;7.273578;7.080336;5.205886;7.914387;7.381991;8.815709;3.682262;4.261887;7.047667;8.430450;5.874795;6.734228;7.145003;8.834912;8.110187;9.368667;7.064157;3.267442;7.485682;4.514631;8.039633;3.789099;7.397628;8.657846;7.474097;5.072559;5.960671;5.925389;9.234853;8.562641;7.021825;3.654061
1.380000;-5.007609;2.879847;3.500329;3.532520;2.990195;3.366452;1.822116;3.172122;4.117676;1.578756;5.332951;1.710623;3.281014;2.343924;3.632734;4.068752;2.540988;1.882793;2.945810;3.802411;5.352177;2.813054;3.815447;4.130196;1.675388;3.880373;3.466614;2.697116;3.509493;2.970021;4.814400;3.006305;4.511011;4.894864;4.793660;2.085019;2.978764;1.338097;3.573874;5.686895;4.932039;1.509997;5.129045;1.920076;5.027005;3.268718;4.033628;4.405956;5.609336;3.658477;2.762666;5.393749;2.710883;1.813924;3.122178;3.375999;3.830171;4.656008;1.868491;5.116993;1.374999;2.707217;1.697194;2.591013;4.135994;4.805886;3.458681;4.100594;3.192739;4.742700;5.130049;3.798409;4.294403;3.254872;2.113879;4.553528;2.155137;2.146053;1.578883;5.048286;1.861552;2.449594;4.166256;4.825877;1.501245;4.128207;2.765438;2.047038;4.421710;4.778409;4.891696;3.167133;4.753525;1.475836;3.612890;3.962772;1.626048;5.555573;6.046018;4.185534;3.871245;3.377171;3.020542;2.158564;2.548070;4.023297;3.445528;4.758148;3.885032;4.193379;2.646994;3.414740;2.621801;5.475725;3.625647;7.376773;6.189998;6.081924;9.309699;5.597608;4.557890;9.113474;5.200796;4.726334;4.901201;7.457736;6.515525;7.246626;7.069353;8.928658;8.870163;7.046088;5.382395;5.094040;8.943819;5.298677;4.279895;8.194590;7.105222;6.069622;6.092741;6.547178;7.273662;9.010521;7.273593;7.082033;5.210613;7.942225;7.398385;8.746996;3.716659;4.284607;7.057928;8.442746;5.884892;6.813455;7.153176;8.840611;8.176389;9.386340;7.082987;3.267442;7.629854;4.568767;8.044176;3.802743;7.429903;8.694633;7.504000;5.078226;6.011905;5.948783;9.269177;8.596122;7.024093;3.654061
1.380000;-4.156716;2.996323;3.475825;3.511909;2.971045;3.329746;1.914275;3.094225;4.106427;1.557243;5.317964;1.692775;3.249583;2.329428;3.847808;4.020045;2.497787;1.850997;2.931363;3.761369;5.328557;2.784063;3.807513;4.109926;1.647367;4.367199;3.441082;2.637108;3.478998;2.948410;4.814400;2.960878;4.496234;4.882628;4.786516;1.979300;2.950451;1.326266;3.533836;5.623343;4.907041;1.502421;5.118129;1.906272;4.986084;3.257401;4.027842;4.393722;5.573908;3.648695;2.738662;5.357829;2.698657;1.799029;3.092278;3.348254;3.832571;4.619288;1.849667;5.089322;1.353689;2.669832;1.667773;2.579465;4.116683;4.777312;3.441942;4.061678;3.183198;4.742129;5.105267;3.798409;4.239333;3.217098;2.094664;4.510746;2.130856;1.745469;1.571760;5.014429;1.842515;2.546492;4.160377;4.810367;1.492766;4.090037;2.748706;1.719840;4.311815;4.715493;4.863869;3.131697;4.747170;1.470969;3.602107;3.946056;1.609212;5.497476;5.992055;4.178968;3.831195;3.421381;2.997259;2.133634;2.531384;4.002406;3.416936;4.745439;3.880227;4.158959;2.646994;3.391547;2.601330;5.450297;3.569870;5.429965;6.173672;6.080223;9.295848;5.595456;4.548923;9.084205;5.167277;4.717984;4.884531;7.500921;6.490503;7.171315;7.045310;8.884082;8.829544;7.032737;5.359680;5.051993;8.894777;5.298676;4.382048;8.233707;7.113898;6.056931;5.995836;6.506011;7.148856;8.994593;7.273582;7.079221;5.202750;7.894684;7.370751;8.812773;3.682344;4.246032;7.040754;8.422115;5.867996;6.672183;7.139531;8.831122;8.059338;9.356499;7.051151;3.267442;7.493590;4.473934;8.036618;3.779821;7.374530;8.631210;7.452822;5.068791;5.922386;5.909029;9.210157;8.538606;7.020332;3.654061
1.380000;-4.418166;2.949271;3.496902;3.529602;2.987469;3.361502;1.823261;3.162715;4.116035;1.575713;5.330788;1.708073;3.276708;2.333869;3.633908;4.062405;2.360739;1.878444;2.943722;3.796945;5.348863;2.809053;3.814276;4.127323;1.671504;3.877670;3.463050;2.689535;3.505303;2.966969;4.814400;3.000334;4.508878;4.893085;4.792602;1.916567;2.974850;1.336372;3.568528;5.678930;4.928545;1.508878;5.127450;1.918079;5.021551;3.267067;4.032769;4.404174;5.604540;3.657043;2.759300;5.388892;2.709104;1.811777;3.118062;3.372155;3.830234;4.579581;1.865810;5.113160;1.352201;2.702186;1.693139;2.695062;4.133246;4.801939;3.456281;4.095376;3.191339;4.765078;5.126586;3.798409;4.287352;3.249794;2.111146;4.547859;2.151739;1.530458;1.577830;5.043677;1.858842;2.633674;4.165384;4.823644;1.499997;4.123081;2.763036;1.696590;4.315483;4.770520;4.887841;3.162336;4.752584;1.475836;3.611313;3.960376;1.623636;5.548190;6.039089;4.184560;3.865896;3.435570;3.017271;2.155080;2.545677;4.020341;3.441578;4.756302;3.884316;4.188702;2.646994;3.411477;2.618899;5.472177;3.618519;4.975960;6.187654;6.079928;9.307693;5.597284;4.556572;9.109437;5.196233;4.725106;4.891104;7.450860;6.498929;7.237483;7.045158;8.922791;8.864750;7.044153;5.372400;5.088457;8.937436;5.298676;4.225595;8.200402;7.216249;6.067777;6.081548;6.541700;7.260069;9.008231;7.273582;7.081611;5.209451;7.936007;7.394557;8.788413;3.690374;4.279435;7.055470;8.439826;5.882471;6.798551;7.151199;8.839217;8.163443;9.382232;7.078631;3.267442;7.516469;4.557766;8.043059;3.799518;7.422822;8.686699;7.497376;5.076841;6.001385;5.943470;9.261699;8.588806;7.023530;3.654061
1.380000;-4.773832;2.896088;3.491532;3.525178;2.983394;3.352970;1.820188;3.141675;4.113749;1.571075;5.327674;1.704303;3.269581;2.354278;3.671732;4.050489;2.611919;1.871216;2.940730;3.787218;5.343711;2.802556;3.812698;4.122982;1.665260;3.881882;3.457432;2.674225;3.498417;2.962306;4.814400;2.989368;4.505811;4.890584;4.791188;1.921782;2.968524;1.333959;3.559079;5.662523;4.923056;1.507375;5.125237;1.915230;5.011862;3.264766;4.031633;4.401674;5.596350;3.655073;2.754056;5.380571;2.706605;1.808683;3.111332;3.365974;3.849338;4.660347;1.861809;5.106996;1.363617;2.693468;1.686531;2.618898;4.129132;4.795544;3.452766;4.086239;3.189420;4.774046;5.121148;3.692195;4.273548;3.240968;2.107055;4.537643;2.146426;1.575573;1.576420;5.035911;1.854793;2.749636;4.164229;4.820408;1.498303;4.114150;2.759523;2.125343;4.323447;4.754307;4.881639;3.154144;4.751332;1.603653;3.609129;3.956867;1.620100;5.533473;6.025618;4.183265;3.856445;3.548272;3.012203;2.149606;2.542174;4.015850;3.435180;4.753696;3.883378;4.180786;2.646994;3.406432;2.614509;5.466580;3.604501;5.443550;6.184232;6.080856;9.304832;5.596873;4.554775;9.102863;5.188551;4.723437;4.956295;7.471831;6.531821;7.217287;7.063190;8.912057;8.855140;7.041404;5.363140;5.078445;8.925415;5.298678;4.247767;8.262486;7.226815;6.065174;6.054015;6.531937;7.222461;9.004902;7.273589;7.081070;5.207887;7.924431;7.388404;8.742521;3.684771;4.270388;7.051855;8.435396;5.878917;6.754742;7.148386;8.837312;8.128687;9.375515;7.071395;3.267442;7.485153;4.530951;8.041557;3.794537;7.408922;8.670308;7.484734;5.074944;5.976417;5.934096;9.246690;8.574261;7.022803;3.654060
1.380000;-6.696780;3.145931;3.482306;3.517327;2.976068;3.339631;1.848019;3.116329;4.109341;1.562907;5.321869;1.697447;3.257983;2.331056;3.669343;4.033379;2.621968;1.859495;2.935125;3.772488;5.334795;2.791783;3.809557;4.115252;1.654817;3.944147;3.447846;2.653780;3.487134;2.954099;4.814399;2.973262;4.500083;4.885803;4.788354;2.127038;2.957983;1.329334;3.544667;5.641079;4.913658;1.504373;5.120955;1.909863;4.997170;3.260333;4.029328;4.396895;5.583434;3.651223;2.745007;5.367489;2.701829;1.802911;3.100250;3.355627;4.149852;4.583118;1.854602;5.096674;1.383848;2.679909;1.675611;2.657955;4.121748;4.784919;3.446316;4.072184;3.185663;4.781862;5.111826;3.798409;4.254537;3.227285;2.099705;4.522367;2.137275;1.734256;1.573594;5.023508;1.847507;2.530080;4.161887;4.814413;1.494954;4.100336;2.753080;1.690544;4.442929;4.733037;4.871265;3.141220;4.748804;1.733693;3.604899;3.950424;1.613614;5.513577;6.006933;4.180655;3.842032;3.473940;3.003406;2.140233;2.535744;4.007901;3.424544;4.748739;3.881459;4.168192;2.646994;3.397665;2.606712;5.457032;3.585283;4.963272;6.177935;6.236724;9.299449;5.596004;4.551237;9.091999;5.176261;4.720138;4.897734;7.455930;6.504958;7.192625;7.046711;8.896220;8.840544;7.036206;5.361946;5.063399;8.908208;5.298677;4.219615;8.197374;7.238887;6.060227;6.023893;6.517167;7.185928;8.998753;7.273585;7.079939;5.204777;7.907678;7.378097;8.763945;3.782888;4.256447;7.045246;8.427539;5.872413;6.714687;7.143079;8.833574;8.093871;9.364451;7.059665;3.267441;7.514797;4.501325;8.038563;3.785867;7.389824;8.648897;7.466881;5.071228;5.948111;5.919780;9.226533;8.554534;7.021295;3.654060
1.380000;-4.330956;2.969546;3.508891;3.539760;2.996933;3.379078;1.858998;3.197878;4.121685;1.586305;5.338256;1.716917;3.291901;2.332935;3.665655;4.085294;2.621968;1.893795;2.950929;3.816465;5.360438;2.823121;3.818288;4.137320;1.685131;3.934405;3.475509;2.717273;3.520066;2.977601;4.814400;3.021792;4.516243;4.899212;4.796219;1.941198;2.988607;1.342306;3.587600;5.708163;4.940765;1.512710;5.132935;1.924973;5.041020;3.272749;4.035707;4.410306;5.621543;3.661968;2.771055;5.406120;2.715230;1.819199;3.132549;3.385651;3.826863;4.593709;1.875118;5.126623;1.362944;2.720068;1.707410;2.672874;4.142788;4.815812;3.464591;4.113949;3.196146;4.757064;5.138704;3.762546;4.312990;3.267853;2.120644;4.568151;2.163622;2.116404;1.581437;5.059971;1.868251;2.445302;4.168368;4.831362;1.504278;4.141319;2.771346;1.741914;4.571611;4.799489;4.901375;3.179346;4.755807;1.475836;3.616732;3.968676;1.631993;5.575120;6.064250;4.187891;3.884973;3.502494;3.028688;2.167269;2.553964;4.030631;3.455463;4.762664;3.886761;4.205251;2.646994;3.422856;2.628989;5.484598;3.644457;4.963149;6.195767;6.105446;9.314609;5.598387;4.561095;9.123638;5.212373;4.729321;4.883707;7.465319;6.484646;7.271594;7.059038;8.943878;8.884088;7.050828;5.369213;5.108422;8.960478;5.298678;4.320207;8.195321;7.099100;6.074133;6.124317;6.561276;7.313567;9.016152;7.273582;7.083048;5.213428;7.958395;7.408005;8.739743;3.734317;4.297858;7.063991;8.449996;5.890862;6.858177;7.158020;8.844001;8.214005;9.396699;7.094007;3.267442;7.487081;4.599723;8.046884;3.810770;7.448591;8.715883;7.521340;5.081595;6.041229;5.962416;9.289021;8.615490;7.025448;3.654061
1.380000;-6.376498;3.030607;3.512715;3.542994;2.999943;3.384742;1.828677;3.209750;4.123474;1.589671;5.340626;1.719726;3.296770;2.345220;3.747295;4.092753;2.432226;1.898724;2.953213;3.822776;5.364133;2.827629;3.819557;4.140500;1.689487;3.876755;3.479494;2.726429;3.524796;2.980985;4.814400;3.028754;4.518582;4.901156;4.797366;1.924389;2.993008;1.344185;3.593761;5.717846;4.944665;1.513924;5.134671;1.927160;5.047310;3.274550;4.036637;4.412247;5.627013;3.663529;2.774804;5.411664;2.717171;1.821555;3.137186;3.389966;4.030578;4.906959;1.878078;5.130925;1.354063;2.725836;1.711977;2.588300;4.145823;4.820247;3.467231;4.119943;3.197668;4.764852;5.142572;3.798409;4.321405;3.273674;2.123663;4.574722;2.167418;1.537730;1.582579;5.065206;1.871243;2.501287;4.169313;4.833812;1.505631;4.147202;2.773984;1.717816;4.331681;4.809084;4.905702;3.184817;4.756828;1.475836;3.618449;3.971313;1.634646;5.583989;6.072496;4.188944;3.891137;3.393109;3.032329;2.171160;2.556595;4.033906;3.459904;4.764681;3.887534;4.210570;2.646994;3.426482;2.632200;5.488564;3.652979;5.675896;6.198343;6.107952;9.316804;5.598735;4.562527;9.128181;5.217556;4.730656;4.886165;7.521142;6.503722;7.283076;7.079782;8.950720;8.890335;7.052945;5.361829;5.114886;8.967991;5.298678;4.214037;8.266223;7.239928;6.076150;6.139124;6.567607;7.332767;9.018668;7.273585;7.083503;5.214686;7.965677;7.412300;8.737296;3.717913;4.303799;7.066697;8.453232;5.893525;6.880040;7.160177;8.845515;8.231980;9.401329;7.098936;3.267442;7.563692;4.614207;8.048094;3.814353;7.457051;8.725554;7.529175;5.083101;6.054898;5.968538;9.298028;8.624270;7.026055;3.654060
1.380000;-7.499513;3.485607;3.513738;3.543839;3.000724;3.386320;1.828716;3.212989;4.123911;1.590559;5.341224;1.720449;3.298107;2.343350;3.615976;4.094858;2.621968;1.900075;2.953793;3.824545;5.365108;2.828849;3.819858;4.141331;1.690670;3.872916;3.480566;2.729003;3.526091;2.981876;4.814400;3.030720;4.519169;4.901636;4.797634;1.907218;2.994204;1.344648;3.595485;5.720571;4.945710;1.514209;5.135096;1.927706;5.049075;3.274992;4.036852;4.412727;5.628531;3.663906;2.775802;5.413206;2.717651;1.822148;3.138451;3.391135;3.972336;4.586621;1.878844;5.132092;1.362061;2.727438;1.713223;2.620588;4.146611;4.821453;3.467907;4.121618;3.198035;4.822173;5.143605;3.782969;4.323780;3.275299;2.124446;4.576569;2.168424;2.011965;1.582847;5.066651;1.872021;2.596172;4.169532;4.834432;1.505955;4.148839;2.774658;1.707087;4.343169;4.811772;4.906875;3.186335;4.757066;1.475836;3.618866;3.971984;1.635326;5.586486;6.074825;4.189191;3.892861;3.403167;3.033296;2.172201;2.557268;4.034766;3.461113;4.765180;3.887712;4.212041;2.646994;3.427441;2.633040;5.489627;3.655380;5.064972;6.199001;6.082730;9.317349;5.598812;4.562871;9.129419;5.218987;4.730974;4.944807;7.487049;6.497038;7.286223;7.087324;8.952641;8.892085;7.053473;5.360696;5.116700;8.970098;5.298678;4.340735;8.218931;7.113398;6.076648;6.142948;6.569381;7.337245;9.019304;7.273585;7.083603;5.214983;7.967731;7.413465;8.735293;3.712717;4.305459;7.067391;8.454082;5.894203;6.884789;7.160718;8.845880;8.236300;9.402596;7.100294;3.267441;7.516104;4.617975;8.048380;3.815304;7.459439;8.728267;7.531379;5.083464;6.058504;5.970247;9.300563;8.626743;7.026192;3.654060
1.380000;-5.344975;2.877342;3.492834;3.526199;2.984316;3.355318;1.844790;3.149276;4.114208;1.572162;5.328337;1.705140;3.271444;2.331022;3.625027;4.054115;2.542144;1.873114;2.941362;3.790002;5.344947;2.804209;3.812996;4.123978;1.666834;3.921295;3.458807;2.679250;3.500202;2.963396;4.814400;2.992620;4.506462;4.891093;4.791452;1.911418;2.970125;1.334449;3.561760;5.668021;4.924394;1.507657;5.125678;1.915825;5.014631;3.265227;4.031839;4.402184;5.598577;3.655458;2.755318;5.382847;2.707114;1.809341;3.113061;3.367529;3.843173;4.578947;1.862711;5.108545;1.349669;2.695884;1.688225;2.653314;4.130065;4.797166;3.453535;4.088806;3.189795;4.783471;5.122469;3.798409;4.277938;3.243423;2.107981;4.540612;2.147705;1.680213;1.576682;5.037993;1.855707;2.446096;4.164438;4.821105;1.498627;4.116642;2.760293;1.703422;4.314593;4.759723;4.883201;3.156374;4.751561;1.469799;3.609563;3.957632;1.620874;5.538245;6.029871;4.183504;3.859128;3.390645;3.013414;2.150939;2.542940;4.016890;3.436805;4.754232;3.883546;4.182920;2.646994;3.407637;2.615520;5.467951;3.608981;5.132695;6.184977;6.082656;9.305429;5.596941;4.555121;9.104548;5.190606;4.723756;4.885147;7.472636;6.486422;7.224494;7.087418;8.915223;8.857883;7.041975;5.358487;5.081336;8.929086;5.298678;4.215472;8.212108;7.099247;6.065713;6.064784;6.534735;7.238490;9.005624;7.273585;7.081161;5.208183;7.927924;7.389949;8.733309;3.678294;4.272924;7.052649;8.436420;5.879697;6.774174;7.148973;8.837683;8.143189;9.377244;7.073297;3.267442;7.572505;4.541364;8.041842;3.795722;7.413353;8.675806;7.488651;5.075314;5.985913;5.936752;9.251591;8.578963;7.022929;3.654062
1.380000;-5.335433;2.876762;3.500803;3.532918;2.990562;3.367194;2.056789;3.174176;4.117895;1.579169;5.333239;1.710965;3.281632;2.332745;3.870270;4.069806;2.362148;1.883422;2.946087;3.803259;5.352632;2.813621;3.815603;4.130586;1.675934;3.885616;3.467107;2.698518;3.510092;2.970436;4.814400;3.007275;4.511295;4.895100;4.793798;1.906854;2.979318;1.338326;3.574699;5.688405;4.932522;1.510146;5.129257;1.920343;5.027852;3.268938;4.033744;4.406190;5.610048;3.658667;2.763128;5.394473;2.711120;1.814211;3.122761;3.376540;3.844797;4.626742;1.868852;5.117534;1.362539;2.707976;1.697774;2.580655;4.136364;4.806441;3.459002;4.101386;3.192925;4.787286;5.130529;3.798409;4.295645;3.255639;2.114250;4.554423;2.155608;1.725502;1.579024;5.048956;1.861917;2.443847;4.166373;4.826172;1.501411;4.128981;2.765757;1.871664;4.412098;4.779910;4.892239;3.167844;4.753653;1.475836;3.613100;3.963094;1.626373;5.556911;6.047229;4.185664;3.872068;3.567214;3.020990;2.159047;2.548392;4.023698;3.446086;4.758395;3.885128;4.194063;2.646994;3.415184;2.622192;5.476218;3.626914;5.198107;6.190313;6.081253;9.309962;5.597651;4.558066;9.114049;5.201464;4.726497;4.887852;7.540055;6.486507;7.248590;7.124275;8.929609;8.871008;7.046347;5.362674;5.094914;8.944890;5.298676;4.245883;8.388800;7.124525;6.069867;6.095629;6.548033;7.277980;9.010828;7.273589;7.082090;5.210768;7.943247;7.398928;8.733348;3.681400;4.285398;7.058259;8.443145;5.885217;6.818724;7.153438;8.840798;8.180287;9.386934;7.083619;3.267441;7.517061;4.571564;8.044325;3.803185;7.431164;8.696169;7.505130;5.078412;6.014455;5.949602;9.270550;8.597447;7.024168;3.654061
1.380000;-4.699846;2.903894;3.492688;3.526146;2.984292;3.354745;1.893829;3.146168;4.114281;1.572086;5.328379;1.705139;3.271075;2.352333;3.712795;4.052958;2.328987;1.872735;2.941409;3.789237;5.344821;2.803928;3.813076;4.123931;1.666585;3.872999;3.458629;2.677418;3.499866;2.963322;4.814400;2.991637;4.506505;4.891160;4.791530;1.938655;2.969865;1.334518;3.561042;5.665952;4.924234;1.507736;5.125753;1.915880;5.013872;3.265300;4.031910;4.402252;5.598059;3.655536;2.755185;5.382308;2.707182;1.809383;3.112750;3.367288;3.862859;4.678737;1.862694;5.108308;1.409789;2.695283;1.687929;2.585453;4.130038;4.796894;3.453548;4.088137;3.189874;4.755268;5.122314;3.677432;4.276416;3.242807;2.107957;4.539762;2.147565;1.549681;1.576761;5.037535;1.855686;2.456066;4.164512;4.821139;1.498707;4.116004;2.760307;1.737277;4.356572;4.757702;4.882957;3.155855;4.751637;1.475836;3.609639;3.957650;1.620888;5.536531;6.028416;4.183580;3.858410;3.412090;3.013297;2.150782;2.542958;4.016831;3.436536;4.754296;3.883611;4.182439;2.646994;3.407524;2.615470;5.467777;3.607421;5.001320;6.185002;6.115008;9.305486;5.596977;4.555202;9.104259;5.190164;4.723836;4.883045;7.451821;6.507092;7.221588;7.049415;8.914291;8.857138;7.042034;5.376714;5.080526;8.927921;5.298677;4.756493;8.195610;7.163087;6.065776;6.060068;6.533966;7.231039;9.005652;7.273585;7.081207;5.208264;7.926838;7.389710;8.770024;3.679462;4.272274;7.052661;8.436368;5.879714;6.764925;7.149028;8.837763;8.136544;9.376940;7.072920;3.267443;7.490419;4.536837;8.041920;3.795619;7.411816;8.673757;7.487362;5.075394;5.981854;5.936049;9.249825;8.577292;7.022985;3.654061
1.380000;-6.925742;3.218247;3.506511;3.537735;2.995043;3.375656;1.833591;3.191644;4.120549;1.584194;5.336760;1.715148;3.288918;2.365808;3.700266;4.080936;2.390140;1.890779;2.949485;3.812692;5.358138;2.820346;3.817481;4.135327;1.682441;4.016674;3.473041;2.712122;3.517160;2.975483;4.814400;3.017677;4.514770;4.897984;4.795491;1.902538;2.985892;1.341115;3.583907;5.702779;4.938342;1.511940;5.131832;1.923590;5.037253;3.271606;4.035116;4.409075;5.618224;3.660979;2.768720;5.402760;2.714000;1.817712;3.129692;3.382984;3.876430;4.937919;1.873259;5.123961;1.388484;2.716589;1.704597;2.580067;4.140884;4.813068;3.462930;4.110346;3.195180;4.752164;5.136299;3.798409;4.308177;3.264340;2.118746;4.564241;2.161263;1.607526;1.580712;5.056782;1.866372;2.664193;4.167767;4.829816;1.503416;4.137773;2.769686;1.942821;4.350828;4.794150;4.898700;3.176024;4.755158;1.475836;3.615642;3.967015;1.630319;5.570102;6.059514;4.187222;3.881278;3.371815;3.026421;2.164852;2.552305;4.028580;3.452724;4.761387;3.886268;4.202012;2.646994;3.420597;2.626979;5.482135;3.639599;5.084749;6.194146;6.083951;9.313221;5.598165;4.560185;9.120838;5.209210;4.728474;4.905967;7.458531;6.483725;7.265506;7.138221;8.939825;8.880342;7.049489;5.385278;5.104570;8.956094;5.298677;4.474326;8.197737;7.098361;6.072858;6.117133;6.557493;7.305311;9.014568;7.273585;7.082759;5.212629;7.954122;7.405347;8.735214;3.683203;4.294280;7.062286;8.447971;5.889181;6.849452;7.156649;8.843039;8.206008;9.393849;7.090985;3.267442;7.607387;4.592631;8.046114;3.808532;7.443755;8.710515;7.516809;5.080641;6.034399;5.958745;9.283939;8.610509;7.025063;3.654061
1.380000;-4.558775;2.924655;3.493215;3.526535;2.984632;3.355821;1.886941;3.150053;4.114412;1.572505;5.328597;1.705441;3.271902;2.410855;3.634064;4.054715;2.420244;1.873574;2.941616;3.790544;5.345318;2.804644;3.813146;4.124309;1.667255;4.125377;3.459200;2.679927;3.500643;2.963744;4.814400;2.993196;4.506718;4.891313;4.791589;1.907176;2.970548;1.334662;3.562293;5.668721;4.924780;1.507802;5.125878;1.916069;5.015173;3.265435;4.031952;4.402405;5.599073;3.655640;2.755696;5.383345;2.707334;1.809600;3.113503;3.367947;3.978245;4.593273;1.863024;5.108963;1.349968;2.696394;1.688659;2.623378;4.130384;4.797593;3.453821;4.089329;3.189972;4.741820;5.122855;3.706364;4.278583;3.243936;2.108298;4.541169;2.148085;1.630588;1.576819;5.038471;1.856022;2.518581;4.164553;4.821371;1.498786;4.117158;2.760581;1.726379;4.326109;4.760416;4.883619;3.156867;4.751684;1.629099;3.609760;3.957917;1.621160;5.538906;6.030507;4.183632;3.859658;3.374184;3.013781;2.151323;2.543224;4.017229;3.437230;4.754459;3.883641;4.183387;2.646994;3.408002;2.615855;5.468343;3.609633;5.252496;6.185255;6.191786;9.305676;5.596986;4.555290;9.104980;5.191080;4.723913;4.893026;7.459286;6.485759;7.225263;7.101674;8.915798;8.858425;7.042212;5.366663;5.081888;8.929695;5.298676;4.257316;8.197152;7.100746;6.065939;6.065668;6.535277;7.239539;9.005896;7.273582;7.081219;5.208334;7.928522;7.390367;8.756341;3.686920;4.273445;7.052940;8.436750;5.879982;6.775356;7.149215;8.837860;8.144192;9.377685;7.073755;3.267442;7.527730;4.542226;8.041985;3.796086;7.414001;8.676505;7.489270;5.075489;5.986752;5.937284;9.252261;8.579623;7.023005;3.654061
1.380000;-4.610839;2.910650;3.468627;3.505814;2.965369;3.319164;1.875469;3.072675;4.103041;1.550893;5.313487;1.687474;3.240448;2.377367;3.614762;4.006209;2.480797;1.841766;2.927044;3.749604;5.321612;2.775615;3.805108;4.103930;1.639184;3.872081;3.433606;2.620264;3.470124;2.942032;4.814399;2.947930;4.491817;4.878955;4.784348;1.912737;2.942186;1.322711;3.522343;5.605565;4.899707;1.500124;5.114842;1.902139;4.974354;3.253995;4.026081;4.390046;5.563676;3.645743;2.731610;5.347462;2.694985;1.794580;3.083574;3.340149;3.854697;4.585245;1.844085;5.081237;1.349501;2.659069;1.659199;2.608177;4.110960;4.768981;3.436960;4.050486;3.180317;4.770409;5.097994;3.798409;4.223794;3.206223;2.088968;4.498508;2.123719;2.027365;1.569598;5.004625;1.836871;2.469694;4.158587;4.805738;1.490201;4.079054;2.743723;1.687431;4.428600;4.697877;4.855740;3.121462;4.745238;1.475835;3.598860;3.941079;1.604204;5.481134;5.976816;4.176972;3.819702;3.413234;2.990410;2.126318;2.526416;3.996232;3.408597;4.741626;3.878760;4.149005;2.646994;3.384721;2.595278;5.442842;3.554145;5.356920;6.168808;6.089176;9.291702;5.594796;4.546212;9.075669;5.157571;4.715458;4.883288;7.454995;6.576170;7.150430;7.093125;8.871363;8.817893;7.028734;5.362806;5.039952;8.880851;5.298677;4.315834;8.234864;7.194932;6.053121;5.969340;6.494210;7.115159;8.989850;7.273589;7.078360;5.200366;7.881165;7.362677;8.772701;3.689326;4.234935;7.035645;8.416013;5.862966;6.634242;7.135443;8.828257;8.027636;9.347808;7.041910;3.267442;7.583466;4.447961;8.034326;3.773069;7.358909;8.613452;7.438320;5.065940;5.897803;5.897611;9.193568;8.522419;7.019182;3.654061
1.380000;-5.560235;2.889149;3.500904;3.532995;2.990632;3.367368;1.819867;3.174606;4.117926;1.579253;5.333287;1.711030;3.281780;2.333278;3.618363;4.070065;2.621968;1.883569;2.946134;3.803467;5.352728;2.813748;3.815623;4.130663;1.676057;4.015816;3.467212;2.698845;3.510231;2.970520;4.814400;3.007510;4.511343;4.895136;4.793816;1.938055;2.979442;1.338360;3.574898;5.688757;4.932626;1.510164;5.129287;1.920385;5.028057;3.268970;4.033754;4.406228;5.610218;3.658694;2.763226;5.394646;2.711155;1.814260;3.122896;3.376661;3.826200;4.767188;1.868921;5.117653;1.360812;2.708159;1.697903;2.642427;4.136436;4.806567;3.459059;4.101581;3.192950;4.743534;5.130632;3.704930;4.295944;3.255826;2.114320;4.554642;2.155706;1.554073;1.579041;5.049117;1.861987;2.441519;4.166386;4.826225;1.501431;4.129169;2.765817;1.745574;4.343595;4.780257;4.892359;3.168015;4.753666;1.535643;3.613128;3.963151;1.626429;5.557228;6.047520;4.185680;3.872267;3.379744;3.021084;2.159151;2.548449;4.023779;3.446213;4.758431;3.885137;4.194228;2.646994;3.415276;2.622270;5.476325;3.627218;5.179252;6.190368;6.101013;9.310007;5.597655;4.558088;9.114178;5.201621;4.726518;4.886893;7.451967;6.535603;7.249004;7.046954;8.929836;8.871213;7.046387;5.373895;5.095130;8.945145;5.298676;4.231297;8.241500;7.328013;6.069907;6.096144;6.548241;7.278592;9.010882;7.273585;7.082094;5.210786;7.943498;7.399044;8.743066;3.784703;4.285589;7.058318;8.443223;5.885274;6.819386;7.153479;8.840821;8.180880;9.387062;7.083764;3.267441;7.492937;4.572068;8.044343;3.803275;7.431463;8.696509;7.505402;5.078435;6.014940;5.949800;9.270871;8.597757;7.024175;3.654061
1.380000;-4.212311;2.994636;3.503066;3.534841;2.992356;3.370475;1.820220;3.180408;4.118969;1.581171;5.334656;1.712644;3.284486;2.329022;3.616865;4.074021;2.466224;1.886304;2.947457;3.806888;5.354819;2.816268;3.816366;4.132481;1.678496;3.864883;3.469460;2.703551;3.512866;2.972448;4.814400;3.011240;4.512692;4.896266;4.794487;1.928486;2.981908;1.339454;3.578245;5.693691;4.934830;1.510876;5.130301;1.921653;5.031467;3.270019;4.034302;4.407356;5.613227;3.659605;2.765348;5.397693;2.712285;1.815621;3.125484;3.379082;3.926562;5.666339;1.870615;5.120070;1.349765;2.711313;1.700457;2.580437;4.138173;4.809049;3.460580;4.104847;3.193840;4.743264;5.132817;3.798409;4.300328;3.259009;2.116048;4.558186;2.157854;1.811901;1.579711;5.052009;1.863700;2.444859;4.166940;4.827639;1.502225;4.132388;2.767336;1.718906;4.323765;4.785147;4.894788;3.171025;4.754265;1.469237;3.614130;3.964669;1.627957;5.561813;6.051831;4.186297;3.875615;3.629498;3.023149;2.161347;2.549963;4.025647;3.448699;4.759603;3.885593;4.197161;2.646994;3.417335;2.624103;5.478562;3.631647;4.969357;6.191850;6.080788;9.311280;5.597862;4.558926;9.116718;5.204486;4.727299;4.933075;7.450543;6.637311;7.254657;7.076860;8.933513;8.874600;7.047615;5.361335;5.098620;8.949131;5.298678;4.614828;8.230205;7.098428;6.071075;6.103019;6.551671;7.286940;9.012333;7.273589;7.082364;5.211524;7.947380;7.401459;8.734167;3.695834;4.288828;7.059876;8.445067;5.886810;6.828563;7.154735;8.841707;8.188828;9.389647;7.086500;3.267441;7.503199;4.578840;8.045053;3.805312;7.435867;8.701436;7.509527;5.079316;6.021406;5.953128;9.275512;8.602304;7.024532;3.654061
1.380000;-5.289712;2.876087;3.484675;3.519317;2.977916;3.343191;1.820375;3.123932;4.110423;1.564984;5.323313;1.699171;3.261025;2.384891;3.665234;4.038119;2.621968;1.862579;2.936514;3.776475;5.337078;2.794588;3.810321;4.117211;1.657529;3.929557;3.450316;2.659628;3.490085;2.956188;4.814400;2.977677;4.501507;4.886982;4.789042;1.921252;2.960723;1.330473;3.548556;5.647264;4.916077;1.505100;5.122006;1.911192;5.001142;3.261421;4.029883;4.398073;5.586866;3.652164;2.747327;5.370974;2.703006;1.804347;3.103145;3.358313;3.992867;4.629838;1.856419;5.099352;1.357814;2.683538;1.678462;2.691957;4.123613;4.787680;3.447928;4.075965;3.186581;4.799776;5.114221;3.798409;4.259897;3.230951;2.101560;4.526522;2.139623;1.529815;1.574278;5.026791;1.849343;2.637143;4.162451;4.815905;1.495768;4.104040;2.754690;1.691392;4.359025;4.739168;4.873960;3.144658;4.749414;1.475835;3.605936;3.952036;1.615238;5.519230;6.012187;4.181285;3.845917;3.383563;3.005657;2.142642;2.537353;4.009916;3.427311;4.749963;3.881919;4.171530;2.646994;3.399905;2.608687;5.459492;3.590715;5.022524;6.179508;6.085071;9.300784;5.596212;4.552099;9.094835;5.179513;4.720940;4.946988;7.581666;6.490265;7.199978;7.087320;8.900552;8.844491;7.037492;5.382638;5.067484;8.912986;5.298678;4.220213;8.202287;7.335170;6.061447;6.033368;6.521167;7.198163;9.000287;7.273585;7.080210;5.205532;7.912306;7.380771;8.749777;3.716865;4.260193;7.046902;8.429529;5.874040;6.728579;7.144394;8.834486;8.105339;9.367344;7.062751;3.267442;7.503007;4.510599;8.039290;3.788084;7.395219;8.655097;7.471860;5.072135;5.956856;5.923642;9.232285;8.560139;7.021655;3.654060
1.380000;-6.976451;3.240587;3.504472;3.536062;2.993504;3.372386;1.833693;3.183531;4.119692;1.582436;5.335588;1.713727;3.286192;2.337548;3.631466;4.076352;2.371768;1.888026;2.948359;3.808959;5.356184;2.817868;3.816892;4.133686;1.680059;3.867419;3.470909;2.706221;3.514532;2.973717;4.814400;3.013461;4.513614;4.897045;4.794966;2.013692;2.983481;1.340210;3.580283;5.696444;4.936256;1.511379;5.131004;1.922520;5.033536;3.270747;4.034694;4.408135;5.615090;3.660243;2.766730;5.399575;2.713063;1.816548;3.127125;3.380632;3.903410;4.627861;1.871749;5.121615;1.349449;2.713248;1.702078;2.594615;4.139328;4.810641;3.461604;4.106839;3.194463;4.758822;5.134235;3.798409;4.302855;3.260961;2.117200;4.560319;2.159246;1.556238;1.580187;5.053811;1.864842;2.574275;4.167339;4.828600;1.502785;4.134352;2.768358;1.706072;4.385909;4.787898;4.896339;3.172891;4.754693;1.529268;3.614825;3.965692;1.628988;5.564423;6.054326;4.186738;3.877652;3.494365;3.024497;2.162771;2.550986;4.026884;3.450286;4.760409;3.885921;4.198980;2.646994;3.418678;2.625319;5.480007;3.634199;4.963273;6.192856;6.121976;9.312152;5.598012;4.559515;9.118335;5.206277;4.727852;4.884822;7.497040;6.487119;7.257721;7.057549;8.935705;8.876655;7.048457;5.358736;5.100730;8.951480;5.298677;4.295034;8.201282;7.108109;6.071883;6.106564;6.553747;7.291015;9.013313;7.273582;7.082559;5.212047;7.949672;7.403010;8.756304;3.688128;4.290814;7.060924;8.446295;5.887844;6.832943;7.155592;8.842327;8.192760;9.391285;7.088226;3.267442;7.493953;4.582334;8.045556;3.806642;7.438406;8.704196;7.511937;5.079932;6.024798;5.955153;9.278154;8.604904;7.024793;3.654061
1.380000;-5.811433;2.915504;3.505058;3.536501;2.993894;3.373548;1.822789;3.187694;4.119859;1.582907;5.335850;1.714072;3.287079;2.330255;3.623572;4.078233;2.621968;1.888930;2.948607;3.810365;5.356733;2.818643;3.816990;4.134112;1.680791;4.014907;3.471533;2.708904;3.515376;2.974193;4.814400;3.015127;4.513871;4.897235;4.795049;1.908757;2.984230;1.340390;3.581629;5.699392;4.936864;1.511471;5.131163;1.922750;5.034937;3.270916;4.034756;4.408326;5.616185;3.660377;2.767296;5.400695;2.713252;1.816808;3.127944;3.381353;4.232105;4.593090;1.872128;5.122335;1.350094;2.714448;1.702875;2.579370;4.139723;4.811391;3.461915;4.108120;3.194592;4.742414;5.134833;3.798409;4.305171;3.262181;2.117593;4.561828;2.159825;1.534523;1.580270;5.054823;1.865227;2.568653;4.167402;4.828875;1.502893;4.135592;2.768670;1.778831;4.379019;4.790803;4.897067;3.173985;4.754764;1.475836;3.614981;3.966004;1.629302;5.566955;6.056564;4.186815;3.878999;3.371934;3.025036;2.163375;2.551297;4.027331;3.451045;4.760610;3.885969;4.200020;2.646994;3.419212;2.625750;5.480632;3.636572;5.044056;6.193158;6.079868;9.312380;5.598029;4.559633;9.119129;5.207273;4.727958;4.903254;7.518630;6.615289;7.261666;7.093895;8.937329;8.878048;7.048675;5.393061;5.102197;8.953391;5.298676;5.126240;8.228232;7.099005;6.072083;6.112558;6.555161;7.300068;9.013602;7.273585;7.082583;5.212142;7.951485;7.403722;8.805367;3.735494;4.292079;7.061252;8.446736;5.888162;6.843987;7.155819;8.842456;8.200924;9.392109;7.089140;3.267442;7.486399;4.588131;8.045648;3.807170;7.440747;8.707160;7.513994;5.080060;6.030052;5.956490;9.280768;8.607401;7.024828;3.654061
1.380000;-8.167915;3.924911;3.487649;3.521855;2.980287;3.347467;1.906970;3.131949;4.111857;1.567625;5.325196;1.701388;3.264754;2.382521;3.706777;4.043571;2.527777;1.866344;2.938335;3.781184;5.339953;2.798054;3.811343;4.119709;1.660889;3.877081;3.453405;2.666119;3.493713;2.958838;4.814400;2.982820;4.503366;4.888534;4.789964;1.903246;2.964115;1.331975;3.553167;5.654077;4.919105;1.506078;5.123398;1.912934;5.005841;3.262862;4.030636;4.399626;5.591008;3.653416;2.750245;5.375166;2.704557;1.806218;3.106707;3.361644;4.118382;4.697940;1.858752;5.102676;1.349462;2.687880;1.681973;2.581919;4.126002;4.791103;3.450022;4.080463;3.187804;4.743463;5.117226;3.771706;4.265944;3.235332;2.103937;4.531404;2.142576;1.729367;1.575200;5.030770;1.851700;2.487276;4.163215;4.817851;1.496859;4.108463;2.756781;1.798079;4.316377;4.745920;4.877298;3.148800;4.750239;1.475836;3.607311;3.954122;1.617338;5.525555;6.018132;4.182136;3.850531;3.379161;3.008495;2.145664;2.539437;4.012486;3.430734;4.751573;3.882547;4.175571;2.646994;3.402740;2.611209;5.462568;3.596825;5.129928;6.181551;6.080049;9.302529;5.596496;4.553251;9.098328;5.183455;4.722016;4.886136;7.469472;6.556100;7.207776;7.275655;8.905612;8.849159;7.039180;5.365976;5.072294;8.918463;5.298676;4.217772;8.244188;7.127159;6.063054;6.042872;6.525887;7.209679;9.002280;7.273578;7.080579;5.206545;7.917648;7.384088;8.738064;3.678887;4.264653;7.049043;8.432073;5.876151;6.741208;7.146114;8.835703;8.116312;9.370899;7.066518;3.267441;7.485379;4.519953;8.040265;3.790881;7.401289;8.661882;7.477543;5.073345;5.965796;5.928222;9.238686;8.566405;7.022147;3.654061
1.380000;-6.161283;2.983631;3.500879;3.533012;2.990663;3.367108;1.872877;3.172378;4.117988;1.579261;5.333339;1.711069;3.281640;2.402621;3.714160;4.069413;2.621968;1.883419;2.946190;3.803081;5.352713;2.813651;3.815678;4.130682;1.675975;4.036308;3.467173;2.697691;3.510108;2.970528;4.814400;3.006980;4.511397;4.895196;4.793868;1.974495;2.979359;1.338420;3.574542;5.687411;4.932594;1.510218;5.129347;1.920443;5.027678;3.269032;4.033802;4.406287;5.609987;3.658753;2.763206;5.394401;2.711216;1.814313;3.122784;3.376587;3.833605;5.039785;1.868954;5.117580;1.352985;2.707874;1.697798;2.605140;4.136463;4.806477;3.459105;4.101256;3.193010;4.751850;5.130600;3.798409;4.295029;3.255532;2.114350;4.554200;2.155675;1.792322;1.579093;5.048923;1.862017;2.832901;4.166432;4.826277;1.501488;4.128868;2.765862;1.702422;4.690041;4.778950;4.892284;3.167783;4.753715;1.475836;3.613188;3.963197;1.626476;5.556168;6.046652;4.185728;3.871912;3.371820;3.021074;2.159115;2.548495;4.023793;3.446124;4.758491;3.885178;4.194016;2.646994;3.415272;2.622290;5.476285;3.626269;5.994604;6.190415;6.081023;9.310065;5.597676;4.558146;9.114076;5.201435;4.726576;4.886652;7.577847;6.511667;7.246951;7.051505;8.929336;8.870840;7.046446;5.359348;5.094709;8.944488;5.298677;4.237165;8.206518;7.149072;6.069966;6.092410;6.547851;7.272010;9.010931;7.273589;7.082121;5.210841;7.942891;7.398975;8.753438;3.679892;4.285273;7.058362;8.443238;5.885321;6.810792;7.153537;8.840880;8.175163;9.386954;7.083613;3.267442;7.484526;4.568517;8.044397;3.803269;7.430529;8.695176;7.504653;5.078493;6.011827;5.949451;9.269764;8.596725;7.024208;3.654061
1.380000;-5.230351;2.874972;3.500021;3.532228;2.989911;3.366171;1.958137;3.172552;4.117470;1.578461;5.332699;1.710349;3.280709;2.417957;3.616307;4.068585;2.621968;1.882488;2.945565;3.802160;5.351872;2.812743;3.815289;4.129905;1.675075;3.874220;3.466301;2.697134;3.509183;2.969723;4.814400;3.006098;4.510760;4.894645;4.793514;2.142318;2.978454;1.337881;3.573616;5.686969;4.931731;1.509844;5.128842;1.919839;5.026751;3.268511;4.033506;4.405735;5.609045;3.658289;2.762359;5.393461;2.710663;1.813675;3.121866;3.375688;3.826246;4.601062;1.868208;5.116683;1.366062;2.706937;1.696887;2.646964;4.135708;4.805570;3.458414;4.100324;3.192555;4.775496;5.129741;3.798409;4.294331;3.254595;2.113596;4.553295;2.154832;2.272070;1.578738;5.047987;1.861267;2.556726;4.166132;4.825618;1.501077;4.127933;2.765172;1.873531;4.593650;4.778487;4.891386;3.166843;4.753394;1.473686;3.612689;3.962507;1.625783;5.555554;6.045931;4.185397;3.870985;3.371855;3.020237;2.158255;2.547805;4.023003;3.445215;4.757923;3.884928;4.193078;2.646994;3.414431;2.621508;5.475416;3.625592;5.056943;6.189736;6.080894;9.309462;5.597558;4.557714;9.113163;5.200497;4.726169;4.883335;7.452924;6.499374;7.247004;7.054146;8.928452;8.869917;7.045856;5.384052;5.093799;8.943659;5.298677;4.412484;8.224859;7.211267;6.069396;6.093761;6.546933;7.275759;9.010262;7.273585;7.081969;5.210455;7.942049;7.398079;8.783912;3.684576;4.284340;7.057659;8.442456;5.884624;6.816310;7.152938;8.840429;8.178172;9.386031;7.082684;3.267442;7.488200;4.569725;8.044025;3.802440;7.429846;8.694734;7.503875;5.078044;6.012685;5.948524;9.269181;8.596097;7.024010;3.654062
1.380000;-6.078429;2.965944;3.496581;3.529406;2.987314;3.360643;1.896824;3.158808;4.116034;1.575495;5.330729;1.707951;3.276108;2.331010;3.618422;4.060832;2.621968;1.877822;2.943672;3.795849;5.348570;2.808558;3.814303;4.127138;1.671052;3.894633;3.462693;2.687148;3.504744;2.966743;4.814399;2.998970;4.508822;4.893068;4.792633;1.935066;2.974383;1.336364;3.567488;5.676268;4.928208;1.508907;5.127452;1.918040;5.020466;3.267064;4.032802;4.404160;5.603745;3.657056;2.758998;5.388075;2.709089;1.811719;3.117528;3.371712;3.896313;4.642168;1.865662;5.112718;1.380113;2.701290;1.692628;2.580014;4.133086;4.801452;3.456182;4.094398;3.191355;4.741548;5.126254;3.798409;4.285335;3.248878;2.110989;4.546660;2.151423;1.737277;1.577860;5.042964;1.858689;2.481000;4.165417;4.823574;1.500020;4.122146;2.762942;1.732651;4.411435;4.767907;4.887396;3.161542;4.752615;2.278443;3.611317;3.960279;1.623537;5.545951;6.037154;4.184595;3.864852;3.402229;3.016993;2.154747;2.545582;4.020134;3.441099;4.756281;3.884349;4.187962;2.646994;3.411204;2.618707;5.471823;3.616455;5.259184;6.187566;6.079865;9.307653;5.597306;4.556591;9.108931;5.195533;4.725129;4.887132;7.481867;6.500258;7.233812;7.056006;8.921482;8.863679;7.044121;5.369660;5.087302;8.935845;5.298678;4.246570;8.236091;7.143163;6.067759;6.075770;6.540596;7.251153;9.008154;7.273578;7.081637;5.209480;7.934513;7.394119;8.759246;3.679115;4.278478;7.055363;8.439628;5.882371;6.787618;7.151162;8.839235;8.155438;9.381703;7.078011;3.267441;7.484254;4.552205;8.043088;3.799251;7.420784;8.684049;7.495638;5.076859;5.996369;5.942445;9.259390;8.586613;7.023561;3.654061
1.380000;-5.713867;2.904922;3.502376;3.534274;2.991836;3.369344;1.848812;3.177427;4.118684;1.580578;5.334264;1.712167;3.283554;2.429452;3.646301;4.072415;2.621968;1.885354;2.947078;3.805593;5.354157;2.815422;3.816170;4.131925;1.677687;3.875236;3.468729;2.701447;3.511969;2.971850;4.814400;3.009766;4.512306;4.895951;4.794313;1.902484;2.981085;1.339151;3.576992;5.691415;4.934119;1.510689;5.130022;1.921294;5.030179;3.269731;4.034163;4.407043;5.612148;3.659359;2.764672;5.396594;2.711970;1.815232;3.124609;3.378279;3.971759;4.671904;1.870108;5.119269;1.367741;2.710157;1.699596;2.607501;4.137648;4.808222;3.460136;4.103634;3.193601;4.748396;5.132115;3.798409;4.298445;3.257841;2.115527;4.556822;2.157164;1.529851;1.579536;5.050992;1.863183;2.506658;4.166799;4.827231;1.502015;4.131200;2.766892;1.723064;4.362570;4.782907;4.893982;3.169946;4.754110;1.473398;3.613856;3.964224;1.627508;5.559792;6.049998;4.186138;3.874362;3.401263;3.022496;2.160640;2.549520;4.025073;3.447869;4.759276;3.885478;4.196118;2.646994;3.416683;2.623540;5.477838;3.629737;5.087087;6.191421;6.087962;9.310918;5.597811;4.558703;9.115863;5.203481;4.727093;4.891239;7.511276;6.501349;7.251807;7.242299;8.932075;8.873324;7.047269;5.358430;5.097285;8.947513;5.298677;4.734903;8.195797;7.208252;6.070750;6.098989;6.550371;7.281137;9.011911;7.273582;7.082296;5.211330;7.945823;7.400660;8.827332;3.678785;4.287633;7.059416;8.444505;5.886360;6.821594;7.154380;8.841469;8.183546;9.388770;7.085554;3.267442;7.511752;4.574930;8.044867;3.804672;7.433972;8.699175;7.507817;5.079079;6.017800;5.951884;9.273455;8.600311;7.024444;3.654061
1.380000;-5.745250;2.909012;3.500498;3.532759;2.990449;3.366249;1.820101;3.169566;4.117947;1.578981;5.333230;1.710891;3.280998;2.364687;3.796356;4.067999;2.612038;1.882764;2.946091;3.802028;5.352365;2.813111;3.815677;4.130439;1.675472;3.873682;3.466755;2.695728;3.509505;2.970243;4.814400;3.005719;4.511292;4.895139;4.793874;1.939161;2.978842;1.338370;3.573536;5.685281;4.932198;1.510220;5.129311;1.920358;5.026626;3.268989;4.033814;4.406230;5.609181;3.658732;2.762845;5.393575;2.711158;1.814206;3.122206;3.376092;3.826284;4.581439;1.868749;5.117090;1.369901;2.706986;1.697243;2.687186;4.136246;4.805945;3.458955;4.100298;3.192991;4.744640;5.130212;3.798409;4.293301;3.254626;2.114134;4.553068;2.155311;1.529671;1.579098;5.048186;1.861807;2.504958;4.166445;4.826157;1.501482;4.127941;2.765710;1.756502;4.617180;4.776846;4.891788;3.166980;4.753725;1.475836;3.613154;3.963047;1.626319;5.554293;6.044984;4.185739;3.870903;3.440214;3.020736;2.158726;2.548345;4.023530;3.445598;4.758426;3.885195;4.193254;2.646994;3.414932;2.622036;5.475875;3.624511;5.129797;6.190274;6.088324;9.309978;5.597690;4.558135;9.113524;5.200714;4.726570;4.882688;7.455211;6.496604;7.244261;7.095752;8.928127;8.869809;7.046368;5.358485;5.093613;8.943065;5.298676;4.343300;8.199705;7.098569;6.069902;6.088822;6.546794;7.267622;9.010800;7.273585;7.082136;5.210842;7.941540;7.398486;8.735410;3.696081;4.284333;7.058202;8.442985;5.885168;6.806159;7.153455;8.840863;8.170946;9.386377;7.082964;3.267442;7.502328;4.565007;8.044399;3.802944;7.428796;8.693053;7.503122;5.078477;6.008528;5.948460;9.267850;8.594887;7.024227;3.654062
1.380000;-4.580852;2.920313;3.494750;3.527849;2.985861;3.357998;1.819285;3.153871;4.115162;1.573874;5.329578;1.706593;3.273807;2.333161;3.626112;4.057447;2.621968;1.875496;2.942563;3.792930;5.346801;2.806421;3.813683;4.125605;1.668983;3.948158;3.460792;2.683121;3.502503;2.965116;4.814399;2.995782;4.507687;4.892124;4.792074;1.947362;2.972292;1.335449;3.564629;5.672048;4.926343;1.508315;5.126606;1.916978;5.017550;3.266188;4.032347;4.403216;5.601182;3.656296;2.757202;5.385481;2.708145;1.810575;3.115330;3.369660;3.851867;4.598427;1.864233;5.110672;1.376902;2.698602;1.690461;2.579390;4.131623;4.799350;3.454907;4.091612;3.190613;4.742193;5.124404;3.798409;4.281582;3.246165;2.109533;4.543633;2.149607;1.828752;1.577303;5.040504;1.857245;2.445086;4.164954;4.822385;1.499359;4.119401;2.761665;1.691819;4.353792;4.763723;4.885336;3.158979;4.752118;1.475836;3.610480;3.959003;1.622252;5.542027;6.033463;4.184078;3.861996;3.419482;3.015248;2.152886;2.544308;4.018559;3.438990;4.755301;3.883969;4.185462;2.646994;3.409461;2.617161;5.469932;3.612661;5.052600;6.186318;6.082498;9.306589;5.597134;4.555893;9.106776;5.193097;4.724478;4.882218;7.501346;6.483460;7.228997;7.053460;8.918348;8.860785;7.043092;5.370585;5.084318;8.932436;5.298677;4.237157;8.195324;7.122108;6.066779;6.069993;6.537668;7.244358;9.006933;7.273578;7.081414;5.208866;7.931200;7.392075;8.735302;3.682758;4.275712;7.054054;8.438074;5.881083;6.780324;7.150115;8.838496;8.148900;9.379510;7.075683;3.267442;7.512311;4.546503;8.042497;3.797533;7.417016;8.679829;7.492114;5.076124;5.990896;5.939607;9.255419;8.582721;7.023263;3.654060
1.380000;-7.756729;3.638784;3.506428;3.537710;2.995037;3.375291;1.819329;3.189321;4.120596;1.584156;5.336790;1.715157;3.288690;2.337966;3.615011;4.080148;2.586849;1.890543;2.949518;3.812187;5.358067;2.820175;3.817529;4.135305;1.682292;3.926586;3.472945;2.710821;3.516958;2.975444;4.814400;3.017015;4.514800;4.898026;4.795538;2.135483;2.985736;1.341160;3.583434;5.701302;4.938251;1.511986;5.131880;1.923628;5.036754;3.271656;4.035158;4.409119;5.617892;3.661028;2.768647;5.402416;2.714043;1.817743;3.129501;3.382841;3.898254;4.891752;1.873256;5.123819;1.373382;2.716200;1.704418;2.600599;4.140874;4.812915;3.462946;4.109908;3.195229;4.748167;5.136214;3.798409;4.307110;3.263941;2.118740;4.563676;2.161184;1.610482;1.580759;5.056497;1.866366;2.619587;4.167811;4.829841;1.503466;4.137368;2.769703;1.704749;4.315417;4.792699;4.898557;3.175693;4.755203;2.046846;3.615691;3.967032;1.630339;5.568890;6.058500;4.187267;3.880806;3.402221;3.026357;2.164760;2.552322;4.028551;3.452560;4.761430;3.886307;4.201710;2.646994;3.420532;2.626953;5.482036;3.638499;5.791906;6.194166;6.081313;9.313260;5.598185;4.560236;9.120663;5.208934;4.728521;4.889877;7.502384;6.546833;7.263348;7.111579;8.939199;8.879857;7.049529;5.505939;5.104033;8.955288;5.298678;4.214741;8.199916;7.180318;6.072901;6.113483;6.556984;7.299329;9.014592;7.273593;7.082784;5.212677;7.953381;7.405203;8.817091;3.693343;4.293856;7.062300;8.447942;5.889199;6.841924;7.156686;8.843089;8.200723;9.393661;7.090753;3.267442;7.499668;4.589133;8.046164;3.808475;7.442680;8.709034;7.515914;5.080690;6.031295;5.958283;9.282687;8.609330;7.025094;3.654060
1.380000;-4.612958;2.919585;3.512090;3.542501;2.999497;3.383632;1.823790;3.206406;4.123251;1.589149;5.340304;1.719320;3.295881;2.342721;3.666203;4.091074;2.621968;1.897819;2.952909;3.821470;5.363534;2.826831;3.819412;4.140019;1.688731;3.909817;3.478832;2.724149;3.523942;2.980459;4.814400;3.027241;4.518267;4.900911;4.797238;1.931554;2.992241;1.343949;3.592500;5.715369;4.944023;1.513787;5.134458;1.926871;5.046010;3.274327;4.036538;4.412000;5.625961;3.663344;2.774194;5.410588;2.716924;1.821237;3.136360;3.389221;4.114812;4.578260;1.877643;5.130184;1.349970;2.724693;1.711168;2.582366;4.145370;4.819468;3.466859;4.118732;3.197488;4.745734;5.141935;3.798409;4.319394;3.272517;2.123214;4.573334;2.166795;1.580688;1.582453;5.064220;1.870802;2.477904;4.169213;4.833476;1.505477;4.146025;2.773611;1.687221;4.350994;4.806640;4.904956;3.183761;4.756718;1.475836;3.618238;3.970941;1.634273;5.581814;6.070545;4.188829;3.889874;3.401617;3.031745;2.170515;2.556225;4.033406;3.459125;4.764422;3.887455;4.209555;2.646994;3.425901;2.631714;5.487902;3.650933;4.993147;6.197983;6.083895;9.316515;5.598703;4.562360;9.127378;5.216582;4.730503;4.912992;7.503978;6.520466;7.279891;7.045297;8.949243;8.889048;7.052669;5.363916;5.113529;8.966291;5.298677;4.210365;8.194585;7.151497;6.075888;6.134550;6.566293;7.326257;9.018320;7.273582;7.083459;5.214545;7.964061;7.411560;8.734755;3.678438;4.302606;7.066311;8.452744;5.893147;6.872343;7.159894;8.845335;8.226010;9.400503;7.098039;3.267442;7.507987;4.609767;8.047958;3.813781;7.455026;8.723077;7.527367;5.082925;6.050811;5.967290;9.295806;8.622128;7.025993;3.654061
1.380000;-7.932336;3.753368;3.498252;3.530788;2.988591;3.363285;1.837575;3.165276;4.116754;1.576944;5.331706;1.709134;3.278323;2.331205;3.615145;4.064509;2.621968;1.880067;2.944613;3.798858;5.350179;2.810580;3.814803;4.128495;1.672998;3.864357;3.464446;2.691862;3.506884;2.968200;4.814399;3.002360;4.509785;4.893858;4.793082;1.996893;2.976350;1.337124;3.570410;5.681313;4.929917;1.509383;5.128151;1.918936;5.023462;3.267790;4.033162;4.404949;5.606286;3.657678;2.760633;5.390655;2.709877;1.812689;3.119620;3.373636;3.866618;5.398038;1.866915;5.114636;1.379376;2.703991;1.694684;2.726880;4.134376;4.803449;3.457286;4.097229;3.191960;4.760748;5.127950;3.768903;4.289588;3.251611;2.112270;4.549818;2.153080;1.617603;1.578307;5.045374;1.859956;2.443177;4.165783;4.824589;1.500556;4.124910;2.764042;1.828196;4.350430;4.772896;4.889325;3.164082;4.753013;2.170154;3.612006;3.961380;1.624645;5.550484;6.041305;4.185003;3.867778;3.395493;3.018575;2.156451;2.546681;4.021540;3.443091;4.757101;3.884647;4.190418;2.646994;3.412775;2.620078;5.473566;3.620771;5.368600;6.188640;6.090643;9.308555;5.597437;4.557160;9.110974;5.197916;4.725656;4.881997;7.498722;6.600980;7.240019;7.053022;8.924796;8.866652;7.044986;5.369595;5.090394;8.939553;5.298678;5.206251;8.261696;7.146058;6.068576;6.084230;6.543616;7.262754;9.009199;7.273593;7.081808;5.209977;7.938090;7.396037;8.848515;3.680421;4.281277;7.056496;8.441016;5.883486;6.801177;7.152048;8.839838;8.166146;9.383796;7.080261;3.267441;7.542341;4.560442;8.043565;3.800808;7.425065;8.689082;7.499539;5.077456;6.004039;5.945343;9.264011;8.591093;7.023792;3.654061
1.380000;-6.352213;3.033824;3.488811;3.522809;2.981164;3.349306;1.844460;3.136170;4.112342;1.568627;5.325862;1.702200;3.266300;2.359079;3.769589;4.046113;2.621968;1.867910;2.938974;3.783280;5.341073;2.799465;3.811675;4.120645;1.662244;3.864623;3.454619;2.669320;3.495204;2.959845;4.814400;2.985167;4.504022;4.889067;4.790262;1.925332;2.965485;1.332489;3.555203;5.657484;4.920292;1.506395;5.123867;1.913542;5.007931;3.263352;4.030872;4.400158;5.592779;3.653833;2.751381;5.376966;2.705090;1.806880;3.108167;3.362982;3.839725;5.725479;1.859612;5.104011;1.414706;2.689764;1.683404;2.656168;4.126887;4.792483;3.450773;4.082436;3.188209;4.741466;5.118404;3.763101;4.268857;3.237239;2.104818;4.533599;2.143724;1.668657;1.575495;5.032450;1.852572;2.594243;4.163456;4.818545;1.497216;4.110393;2.757535;1.702723;4.394940;4.749287;4.878641;3.150573;4.750501;1.475836;3.607774;3.954876;1.618098;5.528646;6.020980;4.182407;3.852567;3.416485;3.009588;2.146850;2.540189;4.013456;3.432120;4.752128;3.882742;4.177280;2.646994;3.403831;2.612153;5.463780;3.599781;5.201487;6.182284;6.079908;9.303143;5.596580;4.553629;9.099751;5.185117;4.722366;4.913407;7.452720;6.484323;7.211854;7.142947;8.907913;8.851228;7.039765;5.360952;5.074446;8.921027;5.298676;4.499174;8.388987;7.225458;6.063611;6.048099;6.527990;7.216198;9.002994;7.273582;7.080690;5.206874;7.920119;7.385420;8.744400;3.694178;4.266608;7.049818;8.433027;5.876912;6.748377;7.146715;8.836105;8.122501;9.372353;7.068086;3.267441;7.486945;4.525073;8.040583;3.791958;7.404222;8.665281;7.480231;5.073744;5.970647;5.930242;9.241830;8.569464;7.022298;3.654061
1.380000;-5.215953;2.875073;3.483208;3.518137;2.976839;3.340731;1.846144;3.117328;4.109855;1.563741;5.322515;1.698182;3.259011;2.332684;3.864643;4.034559;2.306913;1.860534;2.935752;3.773631;5.335678;2.792773;3.809939;4.116054;1.655792;3.899200;3.448771;2.654945;3.488152;2.954936;4.814400;2.974430;4.500720;4.886353;4.788704;1.908393;2.958962;1.329869;3.545803;5.642222;4.914572;1.504740;5.121457;1.910469;4.998311;3.260850;4.029616;4.397445;5.584517;3.651680;2.745899;5.368584;2.702378;1.803552;3.101258;3.356597;3.836151;4.757237;1.855364;5.097644;1.350376;2.681021;1.676610;2.588113;4.122523;4.785904;3.447015;4.073309;3.186112;4.774813;5.112735;3.766897;4.255716;3.228398;2.100477;4.523521;2.138173;1.582846;1.573942;5.024572;1.848275;2.645222;4.162180;4.815074;1.495358;4.101455;2.753777;1.690509;4.350669;4.734185;4.872236;3.142310;4.749118;1.467120;3.605395;3.951123;1.614316;5.514745;6.008116;4.180979;3.843167;3.552319;3.004280;2.141144;2.536443;4.008718;3.425529;4.749306;3.881701;4.169266;2.646994;3.398536;2.607516;5.457955;3.586467;5.777840;6.178624;6.080832;9.300057;5.596119;4.551661;9.093001;5.177328;4.720538;4.904967;7.569524;6.484493;7.193662;7.060821;8.897389;8.841687;7.036796;5.358940;5.064551;8.909392;5.298677;4.405880;8.194816;7.120707;6.060793;6.024569;6.518312;7.185894;8.999428;7.273578;7.080087;5.205155;7.908863;7.379065;8.849770;3.679563;4.257570;7.045959;8.428349;5.873117;6.714164;7.143680;8.834020;8.094064;9.365460;7.060709;3.267441;7.487502;4.502052;8.038931;3.786736;7.391004;8.650063;7.468064;5.071671;5.948921;5.920913;9.227706;8.555710;7.021488;3.654061
1.380000;-3.969941;3.052897;3.489014;3.522977;2.981317;3.349658;1.825241;3.137434;4.112432;1.568799;5.325982;1.702344;3.266575;2.443501;3.656649;4.046653;2.593674;1.868193;2.939089;3.783691;5.341267;2.799715;3.811739;4.120809;1.662484;4.174978;3.454834;2.670100;3.495475;2.960022;4.814400;2.985649;4.504139;4.889164;4.790321;2.002188;2.965729;1.332584;3.555598;5.658336;4.920502;1.506457;5.123955;1.913653;5.008337;3.263443;4.030921;4.400256;5.593110;3.653912;2.751579;5.377303;2.705187;1.807000;3.108428;3.363221;3.829571;4.590258;1.859765;5.104248;1.408324;2.690120;1.683660;2.579785;4.127042;4.792731;3.450909;4.082811;3.188286;4.746821;5.118610;3.798409;4.269527;3.237602;2.104973;4.534039;2.143921;1.594800;1.575553;5.032762;1.852726;2.556798;4.163505;4.818668;1.497284;4.110764;2.757671;1.707030;4.379499;4.750137;4.878879;3.150904;4.750553;1.988775;3.607860;3.955010;1.618232;5.529382;6.021625;4.182462;3.852962;3.372345;3.009784;2.147059;2.540322;4.013625;3.432368;4.752229;3.882782;4.177602;2.646994;3.404020;2.612321;5.463994;3.600465;5.118486;6.182414;6.080388;9.303252;5.596598;4.553702;9.100006;5.185424;4.722432;4.890544;7.453606;6.484513;7.213040;7.051575;8.908377;8.851634;7.039873;5.359022;5.074872;8.921576;5.298677;4.530834;8.194606;7.121801;6.063714;6.050026;6.528404;7.219338;9.003123;7.273589;7.080715;5.206939;7.920641;7.385658;8.736819;3.678537;4.266982;7.049955;8.433196;5.877046;6.752348;7.146827;8.836183;8.125273;9.372618;7.068368;3.267442;7.492429;4.526927;8.040644;3.792147;7.404897;8.666148;7.480823;5.073822;5.972292;5.930633;9.242588;8.570187;7.022330;3.654060
1.380000;-5.528612;2.887932;3.489805;3.523644;2.981939;3.350821;1.849843;3.139862;4.112802;1.569498;5.326472;1.702925;3.267582;2.342193;3.625380;4.048184;2.571857;1.869207;2.939562;3.784989;5.342029;2.800646;3.812001;4.121468;1.663384;3.891063;3.455657;2.671973;3.496450;2.960721;4.814399;2.987082;4.504621;4.889565;4.790555;1.983130;2.966638;1.332972;3.556866;5.660326;4.921308;1.506706;5.124314;1.914104;5.009634;3.263814;4.031112;4.400657;5.594240;3.654233;2.752352;5.378445;2.705588;1.807486;3.109386;3.364111;3.826891;4.595743;1.860375;5.105136;1.353588;2.691310;1.684602;2.745716;4.127670;4.793649;3.451453;4.084046;3.188600;4.742437;5.119410;3.756796;4.271250;3.238800;2.105597;4.535389;2.144707;2.930414;1.575788;5.033840;1.853346;2.462598;4.163702;4.819175;1.497565;4.111972;2.758211;1.692837;4.553430;4.752100;4.879774;3.152031;4.750763;1.475836;3.608216;3.955554;1.618781;5.531198;6.023316;4.182681;3.854232;3.380320;3.010535;2.147860;2.540865;4.014302;3.433283;4.752646;3.882941;4.178698;2.646994;3.404771;2.612983;5.464812;3.602209;5.206519;6.182948;6.082572;9.303703;5.596670;4.553998;9.100945;5.186491;4.722709;4.919396;7.459422;6.483656;7.215384;7.090695;8.909786;8.852916;7.040309;5.369945;5.076202;8.923113;5.298676;4.570518;8.194663;7.107896;6.064127;6.053066;6.529706;7.223353;9.003642;7.273585;7.080809;5.207198;7.922135;7.386546;8.741376;3.698590;4.268204;7.050517;8.433866;5.877597;6.756977;7.147272;8.836494;8.129008;9.373570;7.069384;3.267442;7.625628;4.529897;8.040894;3.792887;7.406628;8.668119;7.482428;5.074132;5.975092;5.931891;9.244427;8.571982;7.022456;3.654062
1.380000;-2.946738;3.473109;3.486886;3.521191;2.979662;3.346436;1.845894;3.130570;4.111466;1.566934;5.324691;1.700801;3.263826;2.334662;3.701677;4.042358;2.507122;1.865409;2.937846;3.780082;5.339212;2.797184;3.811061;4.119052;1.660041;4.225821;3.452613;2.664798;3.492807;2.958148;4.814400;2.981647;4.502864;4.888113;4.789710;1.908241;2.963260;1.331568;3.552080;5.652732;4.918329;1.505810;5.123018;1.912465;5.004738;3.262470;4.030427;4.399204;5.590005;3.653074;2.749493;5.374153;2.704137;1.805716;3.105817;3.360801;3.866250;4.872419;1.858135;5.101834;1.351186;2.686840;1.681094;2.631254;4.125371;4.790237;3.449464;4.079391;3.187469;4.741977;5.116455;3.798409;4.264663;3.234285;2.103311;4.530274;2.141813;1.766810;1.574945;5.029792;1.851079;2.447613;4.163003;4.817329;1.496559;4.107409;2.756223;1.689182;4.319351;4.744578;4.876454;3.147797;4.750010;1.475836;3.606936;3.953567;1.616779;5.524249;6.016862;4.181903;3.849446;3.371893;3.007760;2.144890;2.538882;4.011816;3.429872;4.751137;3.882373;4.174579;2.646994;3.402002;2.610546;5.461782;3.595538;4.962180;6.181005;6.079979;9.302063;5.596416;4.552935;9.097452;5.182491;4.721719;4.931279;7.479041;6.648863;7.206404;7.221830;8.904453;8.848060;7.038725;5.358916;5.071176;8.917253;5.298676;4.210339;8.225575;7.508311;6.062619;6.041574;6.524784;7.208709;9.001749;7.273585;7.080475;5.206266;7.916454;7.383249;8.734072;3.752348;4.263596;7.048474;8.431408;5.875590;6.740543;7.145652;8.835371;8.115231;9.370010;7.065585;3.267442;7.572180;4.518647;8.039997;3.790156;7.400010;8.660549;7.476309;5.073014;5.964455;5.927142;9.237380;8.565106;7.022010;3.654061
1.380000;-6.294398;3.016214;3.499206;3.531631;2.989386;3.364499;1.826542;3.166623;4.117270;1.577812;5.332364;1.709887;3.279439;2.376234;3.651457;4.065866;2.621968;1.881189;2.945250;3.800134;5.351108;2.811640;3.815182;4.129325;1.674038;3.866281;3.465422;2.693269;3.507979;2.969073;4.814400;3.003687;4.510434;4.894412;4.793424;1.929332;2.977398;1.337662;3.571674;5.682726;4.930884;1.509746;5.128653;1.919549;5.024737;3.268309;4.033445;4.405503;5.607474;3.658135;2.761573;5.391855;2.710431;1.813344;3.120703;3.374670;3.849742;5.038728;1.867702;5.115670;1.353994;2.705215;1.695754;2.596904;4.135176;4.804499;3.458004;4.098476;3.192407;4.750878;5.128910;3.748636;4.290984;3.252841;2.113069;4.551117;2.154029;1.536770;1.578651;5.046537;1.860749;2.527822;4.166070;4.825264;1.500958;4.126147;2.764758;1.723962;4.364679;4.774305;4.890361;3.165273;4.753322;1.475836;3.612504;3.962096;1.625367;5.551891;6.042695;4.185323;3.869041;3.372926;3.019494;2.157415;2.547396;4.022391;3.444140;4.757673;3.884882;4.191586;2.646994;3.413693;2.620917;5.474545;3.622172;5.191324;6.189342;6.081453;9.309168;5.597547;4.557581;9.112043;5.199076;4.726052;4.936191;7.458200;6.498209;7.241383;7.053991;8.926115;8.867925;7.045582;5.358751;5.091687;8.940912;5.298678;4.211887;8.231395;7.123113;6.069149;6.085370;6.544895;7.263362;9.009890;7.273585;7.081952;5.210351;7.939437;7.397068;8.767795;3.713068;4.282520;7.057227;8.441859;5.884209;6.801364;7.152655;8.840281;8.166926;9.384877;7.081381;3.267442;7.494399;4.561609;8.043925;3.801716;7.426468;8.690495;7.500915;5.077899;6.005280;5.946604;9.265419;8.592495;7.023981;3.654061
1.380000;-3.066924;3.434168;3.516120;3.545813;3.002546;3.390065;1.822332;3.222258;4.124948;1.592624;5.342625;1.722138;3.301248;2.334600;3.656378;4.100071;2.621968;1.903259;2.955139;3.828812;5.367401;2.831719;3.820580;4.143269;1.693432;3.988973;3.483053;2.735705;3.529127;2.983953;4.814400;3.035520;4.520551;4.902769;4.798279;1.904908;2.997000;1.345739;3.599630;5.727745;4.948145;1.514897;5.136099;1.928992;5.053323;3.276034;4.037373;4.413858;5.632133;3.664801;2.778130;5.416862;2.718781;1.823542;3.141422;3.393871;4.986246;4.750561;1.880633;5.134817;1.366778;2.731266;1.716141;2.701805;4.148448;4.824269;3.469481;4.125626;3.198908;4.742630;5.146018;3.798409;4.329812;3.279174;2.126275;4.581045;2.170787;1.531145;1.583493;5.070067;1.873830;2.570130;4.170062;4.835886;1.506729;4.152757;2.776237;1.789099;4.312838;4.818875;4.909618;3.189937;4.757639;1.475836;3.619858;3.973559;1.636915;5.592925;6.080717;4.189785;3.897004;3.388848;3.035548;2.174627;2.558838;4.036768;3.463938;4.766357;3.888143;4.215519;2.646994;3.429687;2.634999;5.492108;3.661519;5.132225;6.200538;6.087470;9.318642;5.599002;4.563688;9.132322;5.222368;4.731733;4.887762;7.535524;6.522297;7.295114;7.080681;8.957347;8.896303;7.054712;5.368175;5.121087;8.975366;5.298677;4.290977;8.194711;7.161386;6.077824;6.155233;6.573662;7.354411;9.020803;7.273585;7.083852;5.215699;7.972803;7.416188;8.751745;3.678731;4.309431;7.069012;8.456055;5.895797;6.905097;7.161991;8.846747;8.252057;9.405563;7.103484;3.267442;7.524428;4.629925;8.049067;3.817519;7.465521;8.735443;7.536916;5.084327;6.069594;5.974362;9.307134;8.633111;7.026529;3.654061
1.380000;-7.206686;3.347841;3.493926;3.527057;2.985092;3.357261;1.846395;3.154958;4.114589;1.573073;5.328894;1.705846;3.272998;2.338449;3.635839;4.057026;2.565728;1.874695;2.941893;3.792281;5.345984;2.805598;3.813241;4.124818;1.668157;3.951979;3.459963;2.683177;3.501690;2.964314;4.814400;2.995255;4.507007;4.891520;4.791666;1.959436;2.971466;1.334857;3.563957;5.672286;4.925519;1.507889;5.126046;1.916325;5.016901;3.265611;4.032006;4.402610;5.600425;3.655777;2.756381;5.384729;2.707540;1.809893;3.114510;3.368832;3.826588;4.605824;1.863470;5.109844;1.349420;2.697875;1.689640;2.614585;4.130851;4.798522;3.454180;4.090918;3.190103;4.747243;5.123580;3.683357;4.281409;3.245445;2.108761;4.543029;2.148787;1.676587;1.576898;5.039720;1.856477;2.442416;4.164608;4.821688;1.498893;4.118697;2.760940;1.698607;4.311831;4.763923;4.884509;3.158220;4.751748;1.475836;3.609925;3.958278;1.621522;5.541990;6.033243;4.183699;3.861326;3.374293;3.014431;2.152060;2.543583;4.017766;3.438164;4.754679;3.883680;4.184689;2.646994;3.408645;2.616369;5.469102;3.612519;5.074366;6.185602;6.081064;9.305935;5.596995;4.555407;9.105953;5.192310;4.724015;4.958560;7.461749;6.636164;7.229911;7.046557;8.917789;8.860131;7.042453;5.358375;5.083694;8.932024;5.298678;4.364511;8.223240;7.102145;6.066158;6.072477;6.537023;7.249353;9.006226;7.273593;7.081234;5.208427;7.930739;7.391243;8.733835;3.679365;4.275008;7.053319;8.437281;5.880353;6.787018;7.149464;8.837989;8.153155;9.378690;7.074880;3.267442;7.557055;4.548833;8.042071;3.796718;7.416855;8.680058;7.491779;5.075619;5.992808;5.938924;9.255423;8.582657;7.023029;3.654063
1.380000;-4.615572;2.913212;3.483764;3.518552;2.977203;3.341815;1.849374;3.120629;4.110000;1.564184;5.322752;1.698505;3.259854;2.328691;3.618655;4.036235;2.621968;1.861390;2.935974;3.774918;5.336200;2.793505;3.810019;4.116454;1.656485;3.879210;3.449366;2.657232;3.488951;2.955384;4.814399;2.975941;4.500953;4.886522;4.788770;1.944608;2.959666;1.330028;3.547040;5.644705;4.915145;1.504814;5.121593;1.910675;4.999591;3.260995;4.029663;4.397613;5.585537;3.651794;2.746434;5.369624;2.702546;1.803789;3.102033;3.357280;3.828121;4.749560;1.855718;5.098321;1.365453;2.682131;1.677364;2.623793;4.122893;4.786620;3.447306;4.074491;3.186221;4.784139;5.113298;3.680491;4.257733;3.229526;2.100843;4.524892;2.138718;1.819796;1.574008;5.025521;1.848637;2.455363;4.162226;4.815327;1.495447;4.102602;2.754071;1.723079;4.313923;4.736632;4.872921;3.143326;4.749171;1.475836;3.605529;3.951412;1.614610;5.516932;6.010071;4.181036;3.844403;3.433123;3.004789;2.141714;2.536730;4.009140;3.426246;4.749485;3.881736;4.170244;2.646994;3.399044;2.607925;5.458545;3.588516;4.960788;6.178899;6.088498;9.300267;5.596128;4.551760;9.093739;5.178256;4.720624;4.884288;7.462046;6.495446;7.196801;7.045245;8.898849;8.842948;7.036991;5.403185;5.065883;8.911083;5.298677;4.640977;8.200278;7.141169;6.060969;6.028950;6.519602;7.191875;8.999690;7.273589;7.080101;5.205234;7.910474;7.379738;8.734128;3.678471;4.258735;7.046260;8.428762;5.873412;6.721047;7.143878;8.834126;8.099592;9.366233;7.061562;3.267442;7.553505;4.506310;8.039002;3.787228;7.393034;8.652527;7.469872;5.071777;5.952884;5.922132;9.229934;8.557858;7.021511;3.654061
1.380000;-4.993812;2.879312;3.485080;3.519692;2.978277;3.343601;1.918886;3.123513;4.110674;1.565369;5.323623;1.699517;3.261445;2.427714;3.722512;4.038412;2.518076;1.863001;2.936818;3.776856;5.337477;2.795010;3.810508;4.117582;1.657949;3.878798;3.450724;2.659713;3.490509;2.956571;4.814400;2.978016;4.501814;4.887250;4.789213;1.945465;2.961141;1.330732;3.548946;5.647272;4.916482;1.505281;5.122250;1.911484;5.001527;3.261673;4.030026;4.398339;5.587286;3.652387;2.747728;5.371388;2.703273;1.804653;3.103569;3.358731;3.850868;4.600688;1.856776;5.099772;1.350342;2.683944;1.678884;2.580016;4.123975;4.788104;3.448264;4.076362;3.186800;4.744636;5.114628;3.798409;4.260090;3.231356;2.101922;4.526889;2.140028;1.595586;1.574449;5.027213;1.849704;2.475475;4.162596;4.816224;1.495966;4.104445;2.755025;1.705298;4.484812;4.739188;4.874378;3.145073;4.749569;1.475835;3.606179;3.952368;1.615571;5.519365;6.012397;4.181446;3.846310;3.373224;3.006051;2.143049;2.537686;4.010295;3.427733;4.750238;3.882039;4.171951;2.646994;3.400302;2.609062;5.459902;3.590891;4.980196;6.179835;6.086848;9.301079;5.596269;4.552307;9.095255;5.179932;4.721137;4.890782;7.455987;6.579268;7.199637;7.073165;8.900899;8.844874;7.037778;5.370466;5.067856;8.913272;5.298677;4.356270;8.426452;7.100439;6.061725;6.032196;6.521545;7.195569;9.000609;7.273589;7.080281;5.205717;7.912616;7.381185;8.734813;3.701568;4.260591;7.047240;8.429909;5.874377;6.725001;7.144684;8.834705;8.103172;9.367766;7.063175;3.267442;7.627665;4.509516;8.039470;3.788478;7.395394;8.655097;7.472118;5.072352;5.955992;5.924034;9.232392;8.560279;7.021750;3.654061
1.380000;-6.174280;2.989382;3.487763;3.521926;2.980345;3.347755;1.820707;3.133184;4.111860;1.567705;5.325220;1.701436;3.264955;2.342022;3.664875;4.044086;2.621968;1.866551;2.938356;3.781549;5.340058;2.798226;3.811336;4.119777;1.661045;3.867632;3.453527;2.666887;3.493908;2.958920;4.814400;2.983266;4.503388;4.888543;4.789957;1.955240;2.964276;1.331982;3.553512;5.654932;4.919224;1.506071;5.123400;1.912952;5.006204;3.262868;4.030627;4.399633;5.591278;3.653414;2.750353;5.375443;2.704566;1.806242;3.106893;3.361798;3.827479;4.722164;1.858805;5.102829;1.356979;2.688179;1.682148;2.581414;4.126061;4.791269;3.450057;4.080788;3.187802;4.828702;5.117345;3.779166;4.266599;3.235640;2.103995;4.531802;2.142682;1.794913;1.575191;5.031009;1.851758;2.477860;4.163205;4.817881;1.496853;4.108780;2.756820;1.686054;4.317457;4.746758;4.877453;3.149070;4.750229;1.468817;3.607313;3.954159;1.617376;5.526279;6.018759;4.182128;3.850879;3.383817;3.008595;2.145782;2.539474;4.012561;3.430900;4.751584;3.882537;4.175819;2.646994;3.402839;2.611279;5.462694;3.597497;5.081659;6.181584;6.080626;9.302550;5.596489;4.553245;9.098503;5.183692;4.722010;4.892690;7.515817;6.527208;7.208945;7.094096;8.906045;8.849521;7.039195;5.392165;5.072678;8.918992;5.298677;4.544889;8.303483;7.266790;6.063069;6.044672;6.526256;7.212413;9.002312;7.273589;7.080570;5.206539;7.918137;7.384241;8.736274;3.678347;4.264977;7.049082;8.432146;5.876187;6.744540;7.146132;8.835700;8.118781;9.371082;7.066728;3.267442;7.493747;4.521692;8.040257;3.790976;7.401953;8.662737;7.478114;5.073342;5.967369;5.928564;9.239431;8.567117;7.022138;3.654061
1.380000;-4.579051;2.923291;3.502582;3.534455;2.992006;3.369636;1.827824;3.178138;4.118793;1.580764;5.334403;1.712325;3.283808;2.335761;3.645130;4.072798;2.460743;1.885611;2.947215;3.805916;5.354357;2.815659;3.816252;4.132102;1.677916;4.006486;3.468944;2.701937;3.512213;2.972037;4.814399;3.010121;4.512444;4.896073;4.794387;1.902355;2.981318;1.339265;3.577305;5.691944;4.934331;1.510767;5.130129;1.921424;5.030500;3.269840;4.034224;4.407160;5.612428;3.659457;2.764876;5.396879;2.712088;1.815369;3.124851;3.378508;4.002267;4.595391;1.870274;5.119497;1.365897;2.710454;1.699835;2.587692;4.137818;4.808454;3.460286;4.103940;3.193696;4.745808;5.132324;3.798409;4.298886;3.258138;2.115698;4.557157;2.157372;1.598611;1.579610;5.051258;1.863353;2.505772;4.166861;4.827374;1.502100;4.131502;2.767040;1.694104;4.383461;4.783428;4.894210;3.170227;4.754178;1.617247;3.613962;3.964376;1.627662;5.560262;6.050428;4.186207;3.874675;3.573953;3.022694;2.160850;2.549671;4.025254;3.448103;4.759398;3.885529;4.196389;2.646994;3.416881;2.623721;5.478050;3.630185;4.960792;6.191568;6.086993;9.311049;5.597836;4.558792;9.116101;5.203749;4.727179;4.910065;7.450029;6.654984;7.252482;7.086195;8.932427;8.873646;7.047395;5.363119;5.097616;8.947897;5.298676;4.933816;8.301265;7.203435;6.070872;6.100039;6.550695;7.282868;9.012056;7.273585;7.082328;5.211411;7.946197;7.400897;8.762697;3.678328;4.287937;7.059571;8.444685;5.886513;6.823853;7.154508;8.841564;8.185058;9.389015;7.085814;3.267442;7.810188;4.575929;8.044946;3.804870;7.434417;8.699700;7.508224;5.079173;6.018706;5.952197;9.273934;8.600778;7.024486;3.654061
1.380000;-6.140568;2.974751;3.504724;3.536190;2.993593;3.373162;1.839863;3.187105;4.119643;1.582591;5.335588;1.713784;3.286718;2.330920;3.620382;4.077814;2.621968;1.888565;2.948350;3.809967;5.356403;2.818290;3.816823;4.133802;1.680441;4.058593;3.471193;2.708440;3.515015;2.973874;4.814400;3.014725;4.513612;4.897005;4.794896;1.907606;2.983875;1.340165;3.581235;5.698929;4.936524;1.511310;5.130950;1.922501;5.034537;3.270697;4.034626;4.408098;5.615804;3.660181;2.766964;5.400312;2.713022;1.816547;3.127583;3.381001;5.435050;4.580116;1.871830;5.121982;1.354905;2.714060;1.702514;2.612540;4.139422;4.811041;3.461638;4.107732;3.194400;4.761820;5.134496;3.798409;4.304735;3.261792;2.117292;4.561424;2.159493;1.850413;1.580117;5.054448;1.864930;2.459682;4.167271;4.828609;1.502717;4.135204;2.768393;1.784682;4.311052;4.790324;4.896713;3.173602;4.754624;1.475836;3.614770;3.965725;1.629024;5.566509;6.056125;4.186669;3.878604;3.405491;3.024706;2.163036;2.551019;4.027018;3.450687;4.760375;3.885859;4.199647;2.646994;3.418886;2.625439;5.480291;3.636120;4.966039;6.192880;6.091846;9.312129;5.597976;4.559450;9.118762;5.206898;4.727785;4.932716;7.586739;6.809296;7.261087;7.100229;8.936910;8.877642;7.048431;5.372584;5.101792;8.952959;5.298676;4.284707;8.210295;7.202775;6.071846;6.111708;6.554761;7.298605;9.013331;7.273589;7.082514;5.211976;7.951057;7.403369;8.745705;3.713669;4.291687;7.060966;8.446418;5.887881;6.842011;7.155572;8.842263;8.199662;9.391742;7.088768;3.267441;7.622841;4.587303;8.045485;3.806840;7.440301;8.706649;7.513560;5.079868;6.029314;5.956087;9.280305;8.606946;7.024739;3.654061
1.380000;-3.535287;3.195196;3.482543;3.517551;2.976284;3.339864;1.963632;3.115904;4.109495;1.563133;5.322056;1.697656;3.258222;2.332249;3.631846;4.033515;2.621968;1.859739;2.935308;3.772693;5.335032;2.792029;3.809672;4.115474;1.655063;4.016889;3.448086;2.653758;3.487376;2.954329;4.814400;2.973432;4.500269;4.885967;4.788460;1.909452;2.958227;1.329493;3.544879;5.640991;4.913898;1.504484;5.121105;1.910041;4.997376;3.260485;4.029416;4.397058;5.583664;3.651360;2.745242;5.367721;2.701992;1.803097;3.100494;3.355871;3.847659;4.764705;1.854817;5.096918;1.353133;2.680135;1.675856;2.641169;4.121965;4.785165;3.446517;4.072403;3.185799;4.751554;5.112064;3.748121;4.254591;3.227508;2.099921;4.522558;2.137515;1.546384;1.573700;5.023746;1.847723;2.616078;4.161976;4.814605;1.495076;4.100559;2.753280;1.709566;4.353676;4.732961;4.871509;3.141455;4.748900;1.465482;3.605047;3.950625;1.613815;5.513587;6.007004;4.180756;3.842242;3.375182;3.003640;2.140469;2.535944;4.008126;3.424788;4.748906;3.881533;4.168438;2.646994;3.397901;2.606934;5.457273;3.585330;5.632277;6.178130;6.080330;9.299629;5.596040;4.551366;9.092245;5.176502;4.720259;4.887838;7.471767;6.521969;7.192269;7.078120;8.896398;8.840750;7.036380;5.374859;5.063597;8.908342;5.298677;4.260984;8.208235;7.134295;6.060391;6.022856;6.517372;7.183637;8.998947;7.273582;7.079985;5.204891;7.907830;7.378339;8.733307;3.688315;4.256666;7.045450;8.427768;5.872615;6.711487;7.143255;8.833708;8.091973;9.364699;7.059909;3.267442;7.484344;4.500371;8.038677;3.786100;7.389873;8.648824;7.466989;5.071360;5.947328;5.919992;9.226529;8.554551;7.021354;3.654061
1.380000;-6.012594;2.958631;3.476222;3.512208;2.971313;3.330523;1.850022;3.096928;4.106544;1.557565;5.318146;1.693016;3.250179;2.378312;3.722015;4.021290;2.621968;1.851604;2.931534;3.762306;5.328930;2.784587;3.807584;4.110219;1.647864;3.945993;3.441511;2.638874;3.479568;2.948735;4.814399;2.961991;4.496410;4.882763;4.786578;1.907108;2.950955;1.326393;3.534735;5.625285;4.907453;1.502489;5.118242;1.906433;4.987020;3.257519;4.027889;4.393854;5.574638;3.648790;2.739049;5.358577;2.698791;1.799211;3.092831;3.348741;3.887198;4.841968;1.849928;5.089807;1.379994;2.670637;1.668310;2.579905;4.116953;4.777832;3.442161;4.062529;3.183291;4.746865;5.105674;3.798409;4.240860;3.217911;2.094932;4.511752;2.131246;1.646080;1.571822;5.015108;1.842780;2.458607;4.160424;4.810559;1.492845;4.090863;2.748922;1.872086;4.327044;4.717402;4.864359;3.132428;4.747223;1.669594;3.602218;3.946272;1.609431;5.499146;5.993537;4.179023;3.832095;3.387423;2.997624;2.134041;2.531599;4.002714;3.417449;4.745580;3.880264;4.159656;2.646994;3.391909;2.601628;5.450721;3.571434;5.077737;6.173879;6.089965;9.296009;5.595471;4.549007;9.084736;5.167947;4.718062;4.887914;7.498852;6.483808;7.173872;7.048901;8.885156;8.830467;7.032887;5.379478;5.052968;8.896043;5.298676;4.252447;8.417381;7.193061;6.057074;5.999663;6.506953;7.154522;8.994798;7.273582;7.079240;5.202820;7.895883;7.371236;8.760661;3.690510;4.246877;7.040979;8.422414;5.868214;6.678999;7.139690;8.831214;8.064472;9.357048;7.051765;3.267442;7.484638;4.477626;8.036684;3.780178;7.376073;8.633141;7.454179;5.068881;5.925761;5.909916;9.211872;8.540251;7.020360;3.654060
1.380000;-6.934719;3.238192;3.477466;3.513184;2.972193;3.332754;1.855514;3.103812;4.106978;1.558600;5.318776;1.693815;3.251959;2.378459;3.614726;4.024689;2.301163;1.853416;2.932136;3.764939;5.330112;2.786171;3.807863;4.111172;1.649368;3.941967;3.442827;2.643521;3.481271;2.949777;4.814400;2.965050;4.497028;4.883245;4.786824;1.958850;2.952484;1.326855;3.537272;5.630349;4.908733;1.502751;5.118659;1.906998;4.989638;3.257956;4.028080;4.394338;5.576760;3.649153;2.740256;5.360741;2.699273;1.799836;3.094484;3.350227;3.832433;4.744305;1.850788;5.091286;1.353154;2.672928;1.669927;2.590409;4.117844;4.779382;3.442892;4.064965;3.183643;4.771881;5.106937;3.788850;4.244944;3.220242;2.095817;4.514551;2.132476;1.532657;1.572067;5.017088;1.843655;2.445976;4.160619;4.811220;1.493148;4.093228;2.749654;1.688861;4.460983;4.722392;4.865850;3.134549;4.747437;1.475836;3.602629;3.947002;1.610171;5.503569;5.997497;4.179245;3.834633;3.375167;2.998782;2.135317;2.532328;4.003707;3.419000;4.746089;3.880417;4.161680;2.646994;3.393056;2.602594;5.452033;3.575599;5.525938;6.174589;6.080027;9.296578;5.595533;4.549332;9.086341;5.169900;4.718358;4.882097;7.467111;6.634220;7.180423;7.181219;8.888138;8.833055;7.033429;5.403898;5.055698;8.899472;5.298677;4.600821;8.207688;7.105907;6.057577;6.009230;6.509598;7.168486;8.995482;7.273593;7.079323;5.203096;7.899163;7.372711;8.841701;3.678869;4.249279;7.041739;8.423391;5.868958;6.695781;7.140245;8.831563;8.077168;9.358701;7.053581;3.267442;7.546411;4.486893;8.036947;3.781309;7.380193;8.638194;7.457834;5.069227;5.934256;5.912431;9.216408;8.544609;7.020474;3.654061
1.380000;-8.103486;3.867460;3.495548;3.528491;2.986449;3.359338;1.820293;3.157614;4.115474;1.574551;5.330016;1.707132;3.274901;2.331001;3.624467;4.059403;2.597948;1.876611;2.942981;3.794483;5.347566;2.807413;3.813893;4.126234;1.669928;3.864678;3.461630;2.685724;3.503556;2.965798;4.814399;2.997566;4.508116;4.892467;4.792260;1.968952;2.973250;1.335779;3.566135;5.674866;4.927162;1.508513;5.126906;1.917374;5.019101;3.266502;4.032495;4.403559;5.602464;3.656560;2.757978;5.386784;2.708487;1.811008;3.116354;3.370593;3.827503;4.580263;1.864809;5.111602;1.419930;2.699977;1.691467;2.593668;4.132215;4.800315;3.455406;4.093060;3.190870;4.744381;5.125214;3.798409;4.283894;3.247559;2.110122;4.545276;2.150399;2.096780;1.577489;5.041710;1.857828;2.462670;4.165105;4.822840;1.499583;4.120817;2.762163;1.752863;4.400210;4.766503;4.886273;3.160259;4.752281;1.480176;3.610777;3.959501;1.622756;5.544518;6.035712;4.184249;3.863500;3.374438;3.015995;2.153699;2.544804;4.019214;3.439958;4.755659;3.884091;4.186692;2.646994;3.410205;2.617798;5.470765;3.615018;5.007496;6.186802;6.130351;9.306986;5.597187;4.556134;9.107774;5.194288;4.724699;4.883355;7.458786;6.485743;7.232572;7.213859;8.920080;8.862320;7.043474;5.359505;5.085923;8.934417;5.298678;4.215781;8.196296;7.181798;6.067137;6.075114;6.539231;7.251765;9.007404;7.273593;7.081481;5.209074;7.933097;7.393001;8.867555;3.704335;4.277146;7.054567;8.438718;5.881587;6.789230;7.150508;8.838754;8.155647;9.380533;7.076802;3.267441;7.534588;4.551480;8.042695;3.798266;7.419347;8.682647;7.494203;5.076377;5.995469;5.941099;9.257962;8.585177;7.023356;3.654060
1.380000;-3.893162;3.070665;3.477859;3.513517;2.972503;3.333324;1.939158;3.104747;4.107161;1.558948;5.319020;1.694105;3.252457;2.334612;3.643930;4.025401;2.385019;1.853920;2.932372;3.765561;5.330491;2.786630;3.807992;4.111500;1.649812;4.039251;3.443240;2.644340;3.481749;2.950125;4.814400;2.965727;4.497272;4.883445;4.786940;1.968356;2.952934;1.327049;3.537884;5.631204;4.909134;1.502876;5.118837;1.907224;4.990259;3.258140;4.028173;4.394536;5.577312;3.649312;2.740640;5.361297;2.699473;1.800079;3.094959;3.350669;3.907429;4.636083;1.851093;5.091727;1.393415;2.673506;1.670395;2.602950;4.118155;4.779834;3.443163;4.065562;3.183797;4.776573;5.107334;3.798409;4.245724;3.220824;2.096128;4.515194;2.132863;1.534572;1.572182;5.017618;1.843962;2.579149;4.160714;4.811472;1.493286;4.093818;2.749928;1.714882;4.725879;4.723236;4.866293;3.135099;4.747539;1.475836;3.602804;3.947275;1.610443;5.504378;5.998263;4.179350;3.835245;3.379631;2.999157;2.135717;2.532599;4.004044;3.419456;4.746295;3.880494;4.162220;2.646994;3.393432;2.602926;5.452440;3.576381;5.536914;6.174853;6.094610;9.296804;5.595567;4.549479;9.086804;5.170425;4.718494;4.882191;7.473137;6.537569;7.181341;7.045142;8.888800;8.833677;7.033648;5.364315;5.056334;8.900181;5.298677;4.210370;8.223096;7.133053;6.057784;6.010191;6.510221;7.169317;8.995741;7.273585;7.079370;5.203223;7.899860;7.373154;8.734472;3.681022;4.249871;7.042016;8.423726;5.869230;6.696433;7.140468;8.831717;8.078052;9.359170;7.054079;3.267442;7.512973;4.487855;8.037070;3.781677;7.380973;8.639041;7.458576;5.069382;5.935218;5.913036;9.217216;8.545410;7.020536;3.654061
1.380000;-9.347007;4.901782;3.500460;3.532641;2.990310;3.366593;1.867877;3.172194;4.117761;1.578879;5.333051;1.710736;3.281155;2.346713;3.626589;4.068888;2.621968;1.882934;2.945910;3.802552;5.352304;2.813189;3.815511;4.130317;1.675523;3.884094;3.466743;2.697236;3.509634;2.970144;4.814400;3.006446;4.511109;4.894951;4.793718;1.928249;2.978901;1.338183;3.574017;5.687001;4.932170;1.510059;5.129125;1.920172;5.027148;3.268802;4.033677;4.406044;5.609477;3.658552;2.762793;5.393891;2.710970;1.814025;3.122311;3.376135;4.163974;4.679798;1.868605;5.117130;1.364734;2.707358;1.697333;2.597645;4.136109;4.806019;3.458788;4.100734;3.192813;4.741487;5.130179;3.784763;4.294534;3.255014;2.113997;4.553670;2.155268;1.624728;1.578942;5.048425;1.861667;2.444367;4.166306;4.825980;1.501313;4.128351;2.765545;1.713510;4.314473;4.778526;4.891831;3.167274;4.753579;1.646465;3.612970;3.962879;1.626158;5.555695;6.046150;4.185589;3.871386;3.565332;3.020670;2.158695;2.548179;4.023419;3.445662;4.758238;3.885072;4.193516;2.646994;3.414863;2.621919;5.475857;3.625777;4.973503;6.190105;6.138913;9.309793;5.597629;4.557960;9.113608;5.200938;4.726400;4.885020;7.455394;6.483560;7.246720;7.065120;8.928811;8.870312;7.046183;5.381776;5.094181;8.943964;5.298678;4.225801;8.218272;7.098831;6.069714;6.092741;6.547322;7.273498;9.010629;7.273589;7.082057;5.210678;7.942365;7.398523;8.901017;3.695381;4.284752;7.058038;8.442869;5.885000;6.813177;7.153269;8.840685;8.176279;9.386481;7.083130;3.267442;7.512959;4.568787;8.044238;3.802870;7.430037;8.694754;7.504137;5.078298;6.011938;5.948924;9.269302;8.596249;7.024125;3.654063
1.380000;-5.408922;2.879943;3.492922;3.526268;2.984376;3.355477;1.819794;3.149606;4.114233;1.572235;5.328379;1.705194;3.271572;2.356252;3.774073;4.054344;2.621968;1.873244;2.941400;3.790190;5.345033;2.804326;3.813011;4.124045;1.666944;3.935236;3.458901;2.679532;3.500324;2.963470;4.814400;2.992831;4.506502;4.891121;4.791465;1.944318;2.970236;1.334477;3.561943;5.668316;4.924486;1.507670;5.125703;1.915862;5.014818;3.265254;4.031848;4.402215;5.598731;3.655478;2.755406;5.383004;2.707144;1.809381;3.113183;3.367638;3.907875;5.567342;1.862770;5.108655;1.392608;2.696049;1.688342;2.711535;4.130126;4.797286;3.453586;4.088979;3.189815;4.742100;5.122559;3.798409;4.278199;3.243592;2.108043;4.540809;2.147796;1.637540;1.576695;5.038138;1.855768;2.504481;4.164447;4.821148;1.498641;4.116808;2.760340;1.756144;4.351358;4.760017;4.883311;3.156528;4.751572;1.946795;3.609587;3.957682;1.620923;5.538517;6.030127;4.183513;3.859309;3.502182;3.013496;2.151030;2.542989;4.016961;3.436917;4.754264;3.883552;4.183064;2.646994;3.407720;2.615588;5.468046;3.609247;4.960837;6.185026;6.081136;9.305470;5.596944;4.555139;9.104664;5.190749;4.723771;4.882034;7.458980;6.492167;7.224823;7.047513;8.915437;8.858071;7.042010;5.376858;5.081529;8.929326;5.298678;5.175227;8.199446;7.247172;6.065743;6.065114;6.534924;7.238721;9.005670;7.273585;7.081164;5.208199;7.928155;7.390061;8.734211;3.705942;4.273098;7.052701;8.436488;5.879749;6.774299;7.149007;8.837702;8.143461;9.377366;7.073431;3.267441;7.498410;4.541694;8.041855;3.795803;7.413619;8.676105;7.488899;5.075333;5.986257;5.936934;9.251872;8.579236;7.022933;3.654060
1.380000;-4.344493;2.959325;3.486107;3.520584;2.979115;3.345017;1.825053;3.125941;4.111201;1.566291;5.324301;1.700306;3.262703;2.346004;3.633795;4.040157;2.621968;1.864268;2.937475;3.778395;5.338476;2.796186;3.810890;4.118461;1.659093;3.869269;3.451785;2.661741;3.491734;2.957499;4.814400;2.979675;4.502485;4.887817;4.789558;1.990123;2.962297;1.331284;3.550457;5.649382;4.917528;1.505648;5.122764;1.912116;5.003060;3.262203;4.030311;4.398909;5.588660;3.652851;2.748738;5.372777;2.703841;1.805329;3.104774;3.359868;4.083995;4.869705;1.857602;5.100905;1.462538;2.685380;1.680074;2.602928;4.124820;4.789268;3.449011;4.077841;3.187254;4.748396;5.115666;3.798409;4.261993;3.232800;2.102762;4.528474;2.141050;2.024781;1.574796;5.028543;1.850538;2.567192;4.162885;4.816923;1.496374;4.105899;2.755773;1.688597;4.433390;4.741282;4.875516;3.146451;4.749881;1.475836;3.606686;3.953115;1.616321;5.521344;6.014277;4.181767;3.847821;3.409806;3.007038;2.144091;2.538431;4.011198;3.428896;4.750825;3.882279;4.173293;2.646994;3.401286;2.609948;5.460960;3.592816;4.976260;6.180568;6.122539;9.301710;5.596379;4.552737;9.096441;5.181252;4.721537;4.907203;7.503153;6.559226;7.202013;7.056919;8.902534;8.846403;7.038391;5.385041;5.069424;8.915023;5.298676;4.301466;8.275484;7.163596;6.062311;6.035021;6.523090;7.198949;9.001327;7.273589;7.080425;5.206098;7.914329;7.382319;8.823730;3.679579;4.262061;7.048005;8.430799;5.875131;6.728703;7.145309;8.835156;8.106403;9.368974;7.064442;3.267442;7.564083;4.512304;8.039837;3.789452;7.397313;8.657207;7.473927;5.072802;5.958674;5.925536;9.234391;8.562245;7.021939;3.654061
1.380000;-6.748528;3.157961;3.494864;3.527949;2.985956;3.358148;1.862557;3.153981;4.115219;1.573977;5.329656;1.706683;3.273943;2.474744;3.621119;4.057611;2.621968;1.875638;2.942636;3.793085;5.346916;2.806553;3.813725;4.125704;1.669111;3.907784;3.460912;2.683279;3.502641;2.965220;4.814400;2.995943;4.507762;4.892188;4.792112;2.076237;2.972419;1.335510;3.564786;5.672204;4.926461;1.508355;5.126663;1.917048;5.017710;3.266247;4.032378;4.403278;5.601329;3.656347;2.757315;5.385628;2.708208;1.810651;3.115461;3.369786;3.842451;4.602953;1.864327;5.110797;1.440694;2.698753;1.690593;2.606713;4.131718;4.799486;3.454991;4.091766;3.190662;4.811130;5.124521;3.798409;4.281748;3.246316;2.109628;4.543791;2.149726;1.544402;1.577341;5.040648;1.857339;2.490724;4.164986;4.822464;1.499403;4.119556;2.761753;1.695986;4.311644;4.763875;4.885462;3.159126;4.752151;1.468704;3.610536;3.959086;1.622337;5.542191;6.033627;4.184113;3.862154;3.445312;3.015359;2.153005;2.544392;4.018661;3.439118;4.755366;3.883996;4.185606;2.646994;3.409578;2.617260;5.470049;3.612819;5.011985;6.186403;6.080489;9.306659;5.597147;4.555940;9.106907;5.193238;4.724521;4.901635;7.498857;6.487557;7.229115;7.045217;8.918504;8.860940;7.043162;5.368379;5.084475;8.932599;5.298678;4.288599;8.212407;7.183597;6.066843;6.070000;6.537825;7.244137;9.007013;7.273585;7.081429;5.208907;7.931362;7.392200;8.735509;3.683881;4.275866;7.054139;8.438171;5.881166;6.779920;7.150185;8.838546;8.148752;9.379637;7.075819;3.267442;7.492922;4.546530;8.042537;3.797641;7.417178;8.679985;7.492271;5.076173;5.990954;5.939760;9.255575;8.582882;7.023283;3.654061
1.380000;-5.544659;2.891389;3.478583;3.514279;2.973264;3.333625;1.823588;3.100981;4.107790;1.559705;5.319740;1.694860;3.252993;2.341865;3.623823;4.024889;2.312016;1.854441;2.933081;3.765612;5.331229;2.787249;3.808493;4.112262;1.650463;3.875263;3.443945;2.642763;3.482322;2.950881;4.814400;2.965474;4.497988;4.884103;4.787403;1.997204;2.953575;1.327695;3.537996;5.629234;4.909850;1.503359;5.119455;1.907921;4.990320;3.258771;4.028565;4.395194;5.577675;3.649890;2.741375;5.361638;2.700130;1.800797;3.095549;3.351324;4.308280;4.578783;1.851853;5.092387;1.351182;2.673772;1.671001;2.579490;4.118919;4.780466;3.443909;4.065739;3.184365;4.742562;5.108054;3.752522;4.244641;3.221069;2.096890;4.515131;2.133591;1.573195;1.572645;5.018057;1.844723;2.463859;4.161111;4.812201;1.493810;4.094037;2.750673;1.692354;4.314879;4.721343;4.866947;3.135466;4.747963;1.496288;3.603417;3.948020;1.611192;5.502996;5.997292;4.179785;3.835356;3.415915;2.999898;2.136436;2.533345;4.004806;3.420089;4.746966;3.880831;4.162637;2.646994;3.394175;2.603685;5.453148;3.575233;6.388865;6.175594;6.084928;9.297503;5.595730;4.550023;9.087418;5.170878;4.719014;4.914101;7.508897;6.502422;7.177923;7.062022;8.888609;8.833752;7.034333;5.359898;5.056317;8.899648;5.298678;4.300439;8.273794;7.105935;6.058455;6.003574;6.510265;7.157771;8.996478;7.273585;7.079580;5.203722;7.899442;7.373815;8.788530;3.717525;4.250070;7.042769;8.424491;5.869979;6.681678;7.141161;8.832285;8.067954;9.359766;7.054602;3.267442;7.565632;4.481560;8.037553;3.782423;7.379862;8.637091;7.457853;5.069946;5.929760;5.913162;9.215743;8.544090;7.020808;3.654061
1.380000;-6.280800;3.010323;3.497677;3.530301;2.988137;3.362444;1.829495;3.163735;4.116484;1.576435;5.331350;1.708710;3.277593;2.343441;3.664511;4.063431;2.621968;1.879331;2.944268;3.797929;5.349625;2.809903;3.814613;4.128015;1.672342;4.031133;3.463845;2.690583;3.506170;2.967691;4.814400;3.001342;4.509432;4.893564;4.792909;1.922397;2.975691;1.336840;3.569503;5.679975;4.929333;1.509202;5.127888;1.918606;5.022536;3.267519;4.033023;4.404655;5.605472;3.657444;2.760067;5.389833;2.709585;1.812336;3.118927;3.372989;3.834710;4.581307;1.866469;5.113992;1.381160;2.703138;1.693999;2.579682;4.133916;4.802778;3.456887;4.096341;3.191732;4.744083;5.127368;3.798409;4.288391;3.250751;2.111815;4.548857;2.152509;1.587014;1.578136;5.044590;1.859505;2.453519;4.165641;4.824218;1.500352;4.124036;2.763646;1.686372;4.322418;4.771572;4.888677;3.163270;4.752861;2.451395;3.611748;3.960983;1.624246;5.549235;6.040132;4.184846;3.866869;3.376573;3.018027;2.155866;2.546284;4.021047;3.442423;4.756798;3.884531;4.189619;2.646994;3.412233;2.619594;5.472970;3.619571;6.255838;6.188252;6.081046;9.308221;5.597385;4.556945;9.110295;5.197145;4.725453;4.881979;7.454774;6.500054;7.238514;7.170555;8.923801;8.865737;7.044668;5.358401;5.089450;8.938480;5.298677;4.395061;8.254307;7.193503;6.068273;6.082502;6.542687;7.260899;9.008821;7.273585;7.081742;5.209786;7.937040;7.395393;8.746153;3.679891;4.280400;7.056088;8.440528;5.883085;6.799346;7.151721;8.839610;8.164305;9.383101;7.079529;3.267442;7.529919;4.558737;8.043380;3.800268;7.423872;8.687756;7.498422;5.077230;6.002375;5.944446;9.262753;8.589859;7.023702;3.654060
1.380000;-6.615017;3.101184;3.510975;3.541474;2.998510;3.382428;1.825247;3.206584;4.122566;1.588099;5.339459;1.718377;3.294681;2.375790;3.618718;4.090036;2.621968;1.896619;2.952085;3.820302;5.362437;2.825658;3.818897;4.138999;1.687564;3.941625;3.477703;2.723456;3.522750;2.979408;4.814399;3.026135;4.517428;4.900181;4.796766;1.930635;2.991071;1.343237;3.591322;5.714820;4.942899;1.513292;5.133788;1.926073;5.044841;3.273637;4.036144;4.411271;5.624755;3.662730;2.773092;5.409385;2.716192;1.820394;3.135171;3.388059;3.850959;4.601006;1.876664;5.129020;1.402434;2.723494;1.709987;2.597762;4.144381;4.818296;3.465950;4.117541;3.196885;4.741863;5.140816;3.798409;4.318527;3.271322;2.122226;4.572188;2.165688;1.533405;1.581980;5.063012;1.869817;2.458524;4.168814;4.832610;1.504930;4.144833;2.772703;1.696792;4.370093;4.806061;4.903791;3.182558;4.756291;1.589180;3.617575;3.970032;1.633361;5.581049;6.069645;4.188390;3.888695;3.381803;3.030655;2.169396;2.555317;4.032371;3.457954;4.763669;3.887123;4.208351;2.646994;3.424812;2.630689;5.486773;3.650092;5.012530;6.197089;6.138943;9.315713;5.598545;4.561788;9.126197;5.215380;4.729964;4.882815;7.456995;6.483896;7.279927;7.049878;8.948129;8.887877;7.051889;5.358856;5.112377;8.965265;5.298678;4.305717;8.293285;7.183059;6.075136;6.136021;6.565127;7.330162;9.017438;7.273582;7.083258;5.214032;7.962995;7.410400;8.755501;3.691249;4.301416;7.065387;8.451712;5.892233;6.877950;7.159105;8.844737;8.229185;9.399319;7.096834;3.267442;7.493592;4.611090;8.047462;3.812701;7.454174;8.722532;7.526394;5.082328;6.051747;5.966111;9.295077;8.621346;7.025728;3.654061
1.380000;-5.992435;2.947834;3.496705;3.529449;2.987333;3.361136;1.819277;3.161405;4.115967;1.575558;5.330691;1.707949;3.276423;2.333683;3.643106;4.061827;2.621968;1.878148;2.943629;3.796510;5.348678;2.808798;3.814233;4.127174;1.671268;3.866115;3.462843;2.688706;3.505030;2.966807;4.814399;2.999819;4.508782;4.893011;4.792564;1.916512;2.974606;1.336303;3.568108;5.678013;4.928345;1.508837;5.127386;1.917991;5.021121;3.267000;4.032739;4.404100;5.604193;3.656987;2.759112;5.388542;2.709029;1.811680;3.117795;3.371921;4.120265;5.329046;1.865675;5.112924;1.350228;2.701810;1.692881;2.589650;4.133108;4.801690;3.456166;4.094976;3.191284;4.798785;5.126386;3.687073;4.286638;3.249411;2.111009;4.547392;2.151544;1.590843;1.577791;5.043360;1.858705;2.461353;4.165353;4.823540;1.499950;4.122691;2.762923;1.871906;4.311459;4.769622;4.887605;3.161992;4.752550;1.475835;3.611250;3.960262;1.623522;5.547412;6.038401;4.184526;3.865477;3.376379;3.017090;2.154880;2.545565;4.020186;3.441330;4.756224;3.884291;4.188375;2.646994;3.411299;2.618748;5.471972;3.617792;5.588190;6.187545;6.081116;9.307604;5.597275;4.556521;9.109180;5.195917;4.725058;4.910017;7.610226;6.485617;7.236247;7.107785;8.922284;8.864322;7.044068;5.358430;5.088004;8.936852;5.298677;4.222800;8.208526;7.123405;6.067698;6.079601;6.541262;7.256968;9.008128;7.273582;7.081596;5.209409;7.935454;7.394323;8.752223;3.693702;4.279042;7.055353;8.439672;5.882358;6.794671;7.151116;8.839166;8.160689;9.381968;7.078341;3.267442;7.486012;4.555895;8.043019;3.799342;7.422101;8.685782;7.496747;5.076788;5.999704;5.943054;9.260896;8.588039;7.023511;3.654060
1.380000;-5.844451;2.921137;3.501819;3.533751;2.991329;3.368818;1.819345;3.178098;4.118318;1.580043;5.333819;1.711674;3.282990;2.341457;3.767722;4.072072;2.457928;1.884796;2.946646;3.805113;5.353607;2.814854;3.815892;4.131403;1.677119;3.878947;3.468169;2.701410;3.511399;2.971316;4.814400;3.009355;4.511866;4.895563;4.794057;1.925237;2.980519;1.338773;3.576499;5.691489;4.933563;1.510420;5.129666;1.920873;5.029697;3.269365;4.033949;4.406655;5.611605;3.659030;2.764120;5.396058;2.711582;1.814788;3.124043;3.377714;4.005845;5.042245;1.869604;5.118704;1.386199;2.709636;1.699028;2.698289;4.137137;4.807654;3.459661;4.103127;3.193278;4.751460;5.131560;3.798409;4.298263;3.257321;2.115020;4.556369;2.156610;1.535926;1.579282;5.050434;1.862678;2.686751;4.166582;4.826778;1.501721;4.130683;2.766414;1.687317;4.324088;4.782968;4.893416;3.169405;4.753880;1.467092;3.613502;3.963751;1.627034;5.559690;6.049783;4.185900;3.873868;3.395789;3.021950;2.160082;2.549047;4.024545;3.447299;4.758877;3.885297;4.195562;2.646994;3.416138;2.623020;5.477279;3.629576;5.584543;6.190954;6.080904;9.310497;5.597725;4.558395;9.115293;5.202928;4.726802;4.907347;7.454165;6.568357;7.252369;7.045113;8.931656;8.872839;7.046858;5.365567;5.096823;8.947184;5.298678;4.265456;8.207633;7.262508;6.070350;6.100699;6.549895;7.284796;9.011452;7.273578;7.082186;5.211053;7.945458;7.400098;8.890331;3.719239;4.287123;7.058938;8.443978;5.885882;6.826639;7.153964;8.841147;8.186613;9.388206;7.084998;3.267441;7.509289;4.576512;8.044600;3.804126;7.433800;8.699258;7.507533;5.078759;6.019081;5.951388;9.273390;8.600200;7.024299;3.654060
1.380000;-3.605839;3.169212;3.483301;3.518177;2.976862;3.341043;1.838595;3.118759;4.109824;1.563789;5.322502;1.698193;3.259223;2.402144;3.674640;4.035149;2.532929;1.860749;2.935735;3.774037;5.335757;2.792935;3.809901;4.116089;1.655936;4.079630;3.448879;2.655842;3.488344;2.954988;4.814400;2.974938;4.500707;4.886325;4.788666;1.935722;2.959111;1.329838;3.546184;5.643223;4.914671;1.504701;5.121424;1.910448;4.998715;3.260818;4.029582;4.397417;5.584802;3.651644;2.745982;5.368876;2.702351;1.803540;3.101437;3.356737;4.329565;4.935871;1.855385;5.097782;1.362217;2.681345;1.676781;2.615164;4.122548;4.786058;3.447019;4.073667;3.186075;4.744216;5.112828;3.798409;4.256476;3.228730;2.100502;4.523964;2.138262;1.549305;1.573904;5.024824;1.848298;2.441516;4.162144;4.815065;1.495320;4.101798;2.753779;1.719633;4.329890;4.735165;4.872378;3.142591;4.749081;1.475836;3.605361;3.951125;1.614320;5.515592;6.008844;4.180941;3.843550;3.595335;3.004355;2.141241;2.536443;4.008761;3.425684;4.749281;3.881670;4.169535;2.646994;3.398615;2.607555;5.458062;3.587240;6.215412;6.178618;6.085881;9.300037;5.596101;4.551624;9.093162;5.177570;4.720500;4.918931;7.453876;6.483844;7.195007;7.045648;8.897875;8.842075;7.036773;5.358370;5.064974;8.909986;5.298677;4.233981;8.194664;7.117592;6.060766;6.026591;6.518716;7.188820;8.999422;7.273585;7.080064;5.205118;7.909417;7.379199;8.771228;3.759687;4.257916;7.045964;8.428389;5.873119;6.717593;7.143659;8.833984;8.096735;9.365634;7.060914;3.267442;7.485056;4.504011;8.038893;3.786804;7.391766;8.651040;7.468715;5.071635;5.950718;5.921285;9.228570;8.556535;7.021461;3.654062
1.380000;-6.860839;3.198432;3.496271;3.529128;2.987051;3.360277;1.825163;3.158839;4.115862;1.575209;5.330512;1.707702;3.275757;2.529166;3.622030;4.060486;2.621968;1.877470;2.943461;3.795482;5.348267;2.808219;3.814179;4.126863;1.670721;3.864391;3.462374;2.686894;3.504397;2.966458;4.814399;2.998613;4.508608;4.892885;4.792521;2.232194;2.974047;1.336186;3.567120;5.676054;4.927895;1.508787;5.127286;1.917837;5.020098;3.266894;4.032710;4.403978;5.603381;3.656906;2.758692;5.387711;2.708907;1.811502;3.117183;3.371381;3.828066;4.630547;1.865404;5.112389;1.358773;2.700925;1.692288;2.587987;4.132824;4.801117;3.455946;4.094032;3.191208;4.817574;5.125941;3.764610;4.285035;3.248511;2.110726;4.546296;2.151114;1.625677;1.577749;5.042604;1.858428;2.446075;4.165322;4.823349;1.499889;4.121779;2.762704;1.888311;4.317337;4.767689;4.887063;3.161180;4.752515;1.466679;3.611153;3.960042;1.623299;5.545672;6.036842;4.184489;3.864488;3.375188;3.016692;2.154429;2.545345;4.019858;3.440763;4.756090;3.884271;4.187595;2.646994;3.410902;2.618432;5.471506;3.616158;5.143940;6.187335;6.131303;9.307450;5.597271;4.556453;9.108590;5.195177;4.724998;4.897439;7.459524;6.493763;7.233794;7.275655;8.921124;8.863315;7.043924;5.379489;5.086935;8.935503;5.298677;4.730036;8.199655;7.141397;6.067570;6.076293;6.540229;7.252724;9.007926;7.273585;7.081590;5.209358;7.934170;7.393787;8.734206;3.728505;4.278111;7.055121;8.439357;5.882133;6.789970;7.150964;8.839088;8.156683;9.381363;7.077661;3.267442;7.510324;4.552664;8.042970;3.798956;7.420486;8.683834;7.495307;5.076714;5.996676;5.942080;9.259129;8.586333;7.023499;3.654061
1.380000;-5.965807;2.943594;3.494579;3.527655;2.985666;3.357996;1.839642;3.155209;4.114986;1.573687;5.329384;1.706394;3.273710;2.328304;3.620265;4.057734;2.621968;1.875413;2.942369;3.793019;5.346626;2.806296;3.813542;4.125410;1.668847;4.077978;3.460624;2.683768;3.502398;2.964926;4.814400;2.995980;4.507493;4.891942;4.791941;2.012936;2.972158;1.335269;3.564698;5.672822;4.926177;1.508177;5.126433;1.916787;5.017638;3.266012;4.032235;4.403033;5.601158;3.656133;2.757027;5.385464;2.707963;1.810380;3.115214;3.369520;3.835288;4.664802;1.864037;5.110532;1.369250;2.698611;1.690342;2.781471;4.131426;4.799222;3.454707;4.091655;3.190453;4.777628;5.124236;3.798409;4.282064;3.246185;2.109335;4.543765;2.149436;1.773738;1.577172;5.040449;1.857047;2.464332;4.164840;4.822187;1.499210;4.119432;2.761465;1.932144;4.440577;4.764472;4.885198;3.158953;4.751997;1.511866;3.610309;3.958804;1.622052;5.542613;6.033909;4.183954;3.862064;3.382139;3.015068;2.152717;2.544108;4.018368;3.438858;4.755115;3.883874;4.185416;2.646994;3.409285;2.616967;5.469766;3.613165;4.969305;6.186121;6.079861;9.306398;5.597088;4.555739;9.106651;5.193039;4.724329;4.885138;7.452960;6.556060;7.230228;7.048318;8.918523;8.860868;7.042905;5.368907;5.084435;8.932739;5.298676;4.214865;8.195107;7.100634;6.066594;6.072173;6.537763;7.247875;9.006739;7.273589;7.081353;5.208724;7.931459;7.391933;8.766074;3.678905;4.275749;7.053854;8.437881;5.880884;6.784644;7.149920;8.838337;8.152045;9.379394;7.075600;3.267442;7.491287;4.548596;8.042361;3.797350;7.417508;8.680595;7.492472;5.075964;5.992748;5.939669;9.256030;8.583283;7.023185;3.654061
1.380000;-4.806067;2.892545;3.488197;3.522351;2.980759;3.348109;1.828143;3.132430;4.112179;1.568130;5.325598;1.701841;3.265368;2.337201;3.673466;4.044228;2.484615;1.866959;2.938725;3.781840;5.340491;2.798647;3.811585;4.120199;1.661473;4.251215;3.453962;2.666739;3.494320;2.959348;4.814400;2.983479;4.503761;4.888879;4.790186;1.903074;2.964701;1.332312;3.553820;5.654676;4.919657;1.506311;5.123713;1.913312;5.006498;3.263188;4.030820;4.399971;5.591648;3.653705;2.750787;5.375806;2.704901;1.806618;3.107306;3.362225;3.852343;4.614415;1.859220;5.103257;1.365408;2.688526;1.682569;2.580734;4.126477;4.791695;3.450453;4.081111;3.188087;4.744570;5.117777;3.798409;4.266585;3.235980;2.104411;4.532063;2.143117;1.857883;1.575420;5.031398;1.852173;2.441561;4.163401;4.818263;1.497115;4.109108;2.757214;1.732967;4.453808;4.746520;4.877880;3.149438;4.750438;1.475836;3.607623;3.954556;1.617772;5.526187;6.018779;4.182343;3.851185;3.378743;3.009026;2.146217;2.539869;4.012986;3.431324;4.751927;3.882701;4.176201;2.646994;3.403270;2.611702;5.463127;3.597466;4.960611;6.181978;6.086095;9.302910;5.596568;4.553520;9.098925;5.184081;4.722269;4.921218;7.462659;6.513589;7.208286;7.087838;8.906273;8.849811;7.039548;5.358371;5.072951;8.919124;5.298678;4.344046;8.300467;7.435835;6.063411;6.043143;6.526545;7.209560;9.002702;7.273593;7.080674;5.206785;7.918307;7.384670;8.735606;3.678329;4.265304;7.049483;8.432566;5.876587;6.740844;7.146492;8.835984;8.116312;9.371502;7.067134;3.267442;7.511697;4.520250;8.040498;3.791408;7.401930;8.662481;7.478199;5.073625;5.966154;5.928873;9.239314;8.567039;7.022272;3.654062
1.380000;-2.750527;3.593880;3.504375;3.536038;2.993504;3.371933;1.892792;3.180780;4.119763;1.582399;5.335636;1.713741;3.285913;2.333325;3.717437;4.075391;2.213359;1.887733;2.948411;3.808339;5.356107;2.817662;3.816965;4.133667;1.679880;3.869871;3.470785;2.704653;3.514283;2.973677;4.814400;3.012655;4.513663;4.897112;4.795035;1.911679;2.983293;1.340278;3.579704;5.694671;4.936148;1.511450;5.131075;1.922578;5.032922;3.270816;4.034757;4.408203;5.614682;3.660315;2.766643;5.399150;2.713131;1.816597;3.126892;3.380455;3.896750;4.622252;1.871753;5.121443;1.357494;2.712774;1.701857;2.581237;4.139325;4.810437;3.461636;4.106306;3.194537;4.767213;5.134130;3.798409;4.301565;3.260467;2.117199;4.559627;2.159153;2.013803;1.580256;5.053459;1.864844;2.464093;4.167402;4.828642;1.502858;4.133842;2.768389;2.022357;4.339275;4.786154;4.896163;3.172481;4.754759;1.475836;3.614897;3.965724;1.629017;5.562966;6.053094;4.186806;3.877074;3.378823;3.024424;2.162665;2.551016;4.026852;3.450088;4.760474;3.885978;4.198607;2.646994;3.418612;2.625295;5.479889;3.632869;5.140303;6.192890;6.082424;9.312205;5.598042;4.559587;9.118118;5.205935;4.727924;4.884618;7.507606;6.530464;7.255153;7.046884;8.934932;8.876059;7.048518;5.358378;5.100067;8.950495;5.298678;4.222610;8.194860;7.188416;6.071944;6.102294;6.553123;7.284113;9.013354;7.273593;7.082598;5.212118;7.948766;7.402833;8.760389;3.754878;4.290290;7.060947;8.446271;5.887871;6.824292;7.155648;8.842399;8.186636;9.391055;7.087932;3.267441;7.531856;4.578240;8.045624;3.806577;7.437096;8.702415;7.510856;5.080005;6.021143;5.954586;9.276642;8.603477;7.024841;3.654061
1.380000;-6.895561;3.212852;3.497091;3.529820;2.987693;3.361493;1.822435;3.161076;4.116237;1.575930;5.331012;1.708299;3.276805;2.329131;3.738650;4.062054;2.621968;1.878532;2.943945;3.796827;5.349060;2.809189;3.814442;4.127543;1.671660;3.876375;3.463229;2.688756;3.505416;2.967182;4.814400;3.000084;4.509099;4.893293;4.792756;1.954065;2.974995;1.336580;3.568437;5.678002;4.928732;1.509037;5.127648;1.918297;5.021440;3.267269;4.032899;4.404383;5.604559;3.657230;2.759495;5.388902;2.709312;1.811999;3.118181;3.372309;3.857389;4.577974;1.866034;5.113314;1.374650;2.702161;1.693270;2.683691;4.133470;4.802080;3.456506;4.095315;3.191524;4.752430;5.126772;3.798409;4.286773;3.249759;2.111370;4.547695;2.151930;1.587044;1.577983;5.043730;1.859065;2.485637;4.165516;4.823867;1.500168;4.123038;2.763265;1.706996;4.313805;4.769617;4.887995;3.162355;4.752723;1.475836;3.611511;3.960601;1.623862;5.547490;6.038554;4.184705;3.865803;3.425644;3.017473;2.155265;2.545904;4.020557;3.441719;4.756515;3.884429;4.188745;2.646994;3.411685;2.619118;5.472358;3.617914;5.335139;6.187881;6.081800;9.307912;5.597340;4.556750;9.109571;5.196291;4.725270;4.925967;7.462121;6.485816;7.235982;7.061941;8.922569;8.864647;7.044369;5.367460;5.088312;8.937078;5.298677;4.268905;8.207133;7.341664;6.067990;6.078798;6.541579;7.255378;9.008460;7.273582;7.081683;5.209617;7.935699;7.394715;8.736302;3.700088;4.279381;7.055695;8.440042;5.882699;6.792577;7.151418;8.839402;8.159321;9.382359;7.078722;3.267441;7.484634;4.555142;8.043220;3.799722;7.422232;8.685775;7.496942;5.077024;5.999088;5.943388;9.260963;8.588135;7.023622;3.654060
1.380000;-3.619637;3.166739;3.487273;3.521550;2.980008;3.346820;1.865788;3.129946;4.111707;1.567303;5.324986;1.701133;3.264228;2.329606;3.618159;4.042602;2.335244;1.865815;2.938135;3.780430;5.339596;2.797586;3.811240;4.119411;1.660441;3.872686;3.453003;2.664794;3.493213;2.958516;4.814399;2.981947;4.503159;4.888369;4.789873;2.082454;2.963658;1.331817;3.552438;5.652632;4.918716;1.505981;5.123252;1.912745;5.005093;3.262712;4.030562;4.399460;5.590395;3.653287;2.749876;5.374540;2.704393;1.806012;3.106220;3.361200;3.856931;4.578027;1.858479;5.102234;1.373000;2.687218;1.681494;2.579989;4.125720;4.790643;3.449785;4.079762;3.187679;4.791710;5.116843;3.798409;4.264781;3.234661;2.103656;4.530603;2.142199;1.706438;1.575108;5.030190;1.851425;2.448618;4.163142;4.817636;1.496749;4.107783;2.756546;2.018988;4.329741;4.744490;4.876853;3.148186;4.750158;1.525865;3.607167;3.953886;1.617101;5.524295;6.017005;4.182054;3.849803;3.407167;3.008142;2.145276;2.539201;4.012178;3.430275;4.751401;3.882487;4.174980;2.646994;3.402387;2.610904;5.462173;3.595636;4.962337;6.181319;6.082018;9.302341;5.596468;4.553134;9.097853;5.182886;4.721907;4.893516;7.496277;6.538213;7.205877;7.045377;8.904762;8.848415;7.038998;5.360896;5.071513;8.917485;5.298677;4.265548;8.217863;7.198761;6.062884;6.039996;6.525129;7.205279;9.002058;7.273582;7.080543;5.206444;7.916709;7.383644;8.733988;3.680356;4.263965;7.048800;8.431764;5.875909;6.735780;7.145923;8.835579;8.112364;9.370412;7.065986;3.267442;7.526258;4.517171;8.040168;3.790534;7.400114;8.660438;7.476504;5.073222;5.963273;5.927499;9.237393;8.565163;7.022101;3.654061
1.380000;-6.774031;3.164817;3.495573;3.528436;2.986368;3.359755;1.827319;3.160230;4.115330;1.574514;5.329888;1.707034;3.275126;2.481210;3.640782;4.060350;2.615953;1.876847;2.942849;3.795074;5.347569;2.807553;3.813761;4.126173;1.670045;3.868040;3.461683;2.687272;3.503752;2.965760;4.814400;2.998354;4.507989;4.892325;4.792134;1.906453;2.973375;1.335636;3.566684;5.676614;4.927199;1.508383;5.126763;1.917237;5.019687;3.266360;4.032383;4.403417;5.602830;3.656420;2.757993;5.387168;2.708346;1.810880;3.116529;3.370704;3.830734;4.768815;1.864725;5.111710;1.359469;2.700420;1.691626;2.581047;4.132140;4.800451;3.455294;4.093566;3.190730;4.742732;5.125247;3.798409;4.285171;3.248013;2.110044;4.545944;2.150417;1.625619;1.577363;5.042017;1.857748;2.585632;4.164991;4.822719;1.499448;4.121284;2.762050;1.695945;4.341341;4.768213;4.886386;3.160624;4.752163;1.475836;3.610634;3.959389;1.622643;5.545961;6.036930;4.184129;3.864051;3.481902;3.015995;2.153738;2.544693;4.019163;3.440092;4.755518;3.883992;4.187027;2.646994;3.410207;2.617741;5.470812;3.616330;4.967416;6.186687;6.099008;9.306849;5.597136;4.555995;9.107930;5.194582;4.724563;4.882061;7.497341;6.512936;7.235022;7.050666;8.920828;8.862890;7.043335;5.370348;5.086558;8.935367;5.298678;4.209529;8.254210;7.124659;6.066996;6.078932;6.539826;7.257360;9.007285;7.273585;7.081418;5.208941;7.933987;7.393108;8.733482;3.678302;4.277632;7.054460;8.438658;5.881477;6.795816;7.150366;8.838614;8.160746;9.380705;7.077032;3.267442;7.525000;4.555154;8.042567;3.798255;7.420638;8.684380;7.495272;5.076238;5.998809;5.941635;9.259452;8.586585;7.023273;3.654060
1.380000;-3.150674;3.367584;3.485621;3.520123;2.978667;3.344544;1.853664;3.126340;4.110878;1.565822;5.323909;1.699874;3.262209;2.380730;3.757789;4.039827;2.621968;1.863770;2.937093;3.777961;5.337992;2.795687;3.810644;4.118002;1.658593;3.914873;3.451295;2.661638;3.491234;2.957028;4.814400;2.979295;4.502095;4.887475;4.789333;1.907529;2.961798;1.330949;3.550012;5.649370;4.917037;1.505411;5.122447;1.911745;5.002625;3.261879;4.030122;4.398565;5.588179;3.652560;2.748254;5.372301;2.703498;1.804940;3.104273;3.359370;3.903875;4.980148;1.857159;5.100408;1.450411;2.684911;1.679574;2.594690;4.124370;4.788767;3.448594;4.077386;3.186969;4.750072;5.115174;3.757044;4.261781;3.232336;2.102314;4.528060;2.140560;1.573861;1.574570;5.028053;1.850092;2.558114;4.162693;4.816523;1.496114;4.105440;2.755355;1.725607;4.590957;4.741251;4.875018;3.145968;4.749676;1.836649;3.606373;3.952699;1.615906;5.521195;6.014038;4.181556;3.847377;3.377652;3.006556;2.143603;2.538016;4.010735;3.428396;4.750474;3.882119;4.172811;2.646994;3.400808;2.609490;5.460469;3.592615;5.169573;6.180156;6.089127;9.301338;5.596301;4.552464;9.095942;5.180760;4.721282;4.884429;7.450959;6.488906;7.202331;7.054522;8.902144;8.845962;7.038028;5.370614;5.068998;8.914699;5.298678;4.214310;8.207378;7.109878;6.061956;6.036089;6.522655;7.201152;9.000921;7.273582;7.080326;5.205853;7.913980;7.381821;8.739870;3.683871;4.261602;7.047581;8.430341;5.874711;6.731627;7.144941;8.834872;8.108278;9.368466;7.063938;3.267443;7.625653;4.513296;8.039598;3.788970;7.397107;8.657183;7.473636;5.072518;5.959467;5.925086;9.234268;8.562084;7.021810;3.654060
1.380000;-4.155982;3.006789;3.496674;3.529451;2.987345;3.360966;1.827970;3.160675;4.116012;1.575550;5.330725;1.707969;3.276318;2.331666;3.650215;4.061490;2.621968;1.878045;2.943666;3.796282;5.348654;2.808722;3.814277;4.127179;1.671204;3.882265;3.462801;2.688210;3.504940;2.966799;4.814400;2.999527;4.508816;4.893051;4.792607;2.020623;2.974537;1.336344;3.567895;5.677468;4.928309;1.508878;5.127429;1.918028;5.020895;3.267043;4.032777;4.404142;5.604043;3.657031;2.759084;5.388383;2.709071;1.811713;3.117709;3.371857;3.827442;4.774897;1.865689;5.112862;1.357989;2.701631;1.692801;2.635211;4.133118;4.801616;3.456192;4.094778;3.191329;4.768167;5.126351;3.798409;4.286213;3.249228;2.111020;4.547142;2.151517;1.557156;1.577833;5.043225;1.858717;2.443011;4.165390;4.823572;1.499992;4.122504;2.762948;1.755015;4.724910;4.769085;4.887540;3.161838;4.752589;1.475836;3.611293;3.960288;1.623546;5.546943;6.037988;4.184567;3.865261;3.512145;3.017070;2.154844;2.545590;4.020183;3.441257;4.756264;3.884325;4.188234;2.646994;3.411280;2.618750;5.471931;3.617352;5.349060;6.187571;6.119158;9.307644;5.597292;4.556563;9.109100;5.195788;4.725102;4.881934;7.450058;6.484590;7.235549;7.068629;8.922011;8.864101;7.044108;5.373346;5.087762;8.936508;5.298678;4.293135;8.194798;7.098645;6.067742;6.078694;6.541032;7.255995;9.008156;7.273601;7.081621;5.209452;7.935138;7.394259;8.804090;3.682226;4.278847;7.055373;8.439678;5.882379;6.793770;7.151152;8.839210;8.159701;9.381883;7.078229;3.267441;7.531191;4.555002;8.043061;3.799325;7.421670;8.685241;7.496379;5.076831;5.998857;5.942846;9.260414;8.587578;7.023540;3.654060
1.380000;-5.781953;2.914511;3.499763;3.532105;2.989832;3.365294;1.845325;3.168017;4.117541;1.578305;5.332718;1.710304;3.280131;2.360138;3.650722;4.066864;2.547225;1.881890;2.945594;3.801002;5.351645;2.812286;3.815377;4.129794;1.674665;4.092811;3.466000;2.694442;3.508653;2.969568;4.814399;3.004631;4.510785;4.894705;4.793601;1.908079;2.978030;1.337947;3.572525;5.683945;4.931451;1.509931;5.128916;1.919878;5.025606;3.268582;4.033587;4.405795;5.608243;3.658372;2.762115;5.392632;2.710723;1.813695;3.121367;3.375291;3.841957;4.775701;1.868139;5.116289;1.351041;2.706017;1.696409;2.579667;4.135625;4.805136;3.458398;4.099308;3.192639;4.773418;5.129470;3.798409;4.292081;3.253651;2.113514;4.552015;2.154578;1.714720;1.578826;5.047276;1.861191;2.648583;4.166216;4.825631;1.501163;4.126964;2.765155;1.686613;4.331468;4.775516;4.890984;3.166041;4.753479;2.289787;3.612762;3.962488;1.625763;5.553037;6.043777;4.185484;3.869895;3.411313;3.020025;2.157978;2.547787;4.022871;3.444778;4.757978;3.885003;4.192336;2.646994;3.414224;2.621390;5.475119;3.623279;5.067698;6.189729;6.083398;9.309498;5.597601;4.557800;9.112692;5.199805;4.726256;4.908327;7.471140;6.483719;7.242748;7.045187;8.927045;8.868784;7.045902;5.358452;5.092571;8.941908;5.298678;4.385717;8.279380;7.103385;6.069450;6.086920;6.545764;7.264995;9.010262;7.273578;7.082022;5.210544;7.940417;7.397685;8.755244;3.778896;4.283344;7.057631;8.442331;5.884605;6.802941;7.152978;8.840512;8.168554;9.385539;7.082082;3.267442;7.502120;4.563144;8.044111;3.802238;7.427567;8.691706;7.501950;5.078128;6.006776;5.947452;9.266573;8.593629;7.024074;3.654060
1.380000;-5.716053;2.907056;3.493710;3.526962;2.985033;3.356499;1.838552;3.150807;4.114657;1.572954;5.328918;1.705817;3.272505;2.338579;3.848695;4.055505;2.621968;1.874184;2.941925;3.791267;5.345798;2.805210;3.813322;4.124731;1.667809;3.972390;3.459715;2.680756;3.501234;2.964190;4.814400;2.993960;4.507035;4.891578;4.791748;2.019483;2.971106;1.334920;3.563006;5.669552;4.925285;1.507968;5.126116;1.916366;5.015898;3.265681;4.032081;4.402669;5.599731;3.655854;2.756182;5.384009;2.707599;1.809918;3.114082;3.368495;3.827574;4.961284;1.863418;5.109511;1.365746;2.697078;1.689233;2.579525;4.130789;4.798156;3.454172;4.090032;3.190181;4.745840;5.123354;3.711016;4.279405;3.244625;2.108701;4.541908;2.148579;1.557754;1.576977;5.039112;1.856421;2.443753;4.164684;4.821703;1.498973;4.117850;2.760934;1.762982;4.389580;4.761248;4.884170;3.157527;4.751825;1.486132;3.609996;3.958272;1.621517;5.539739;6.031326;4.183777;3.860373;3.449874;3.014255;2.151829;2.543579;4.017663;3.437791;4.754735;3.883748;4.184051;2.646994;3.408476;2.616280;5.468853;3.610455;5.751600;6.185604;6.080059;9.305972;5.597034;4.555486;9.105552;5.191715;4.724097;4.883221;7.464674;6.508128;7.226029;7.070974;8.916552;8.859141;7.042500;5.361605;5.082621;8.930484;5.298678;4.247386;8.196689;7.142614;6.066213;6.066109;6.536003;7.239121;9.006235;7.273589;7.081283;5.208506;7.929299;7.390914;8.741552;3.690772;4.274143;7.053305;8.437182;5.880344;6.774159;7.149507;8.838067;8.144056;9.378263;7.074361;3.267441;7.484205;4.542716;8.042151;3.796552;7.414822;8.677333;7.490071;5.075695;5.987345;5.937994;9.253088;8.580452;7.023087;3.654061
1.380000;-3.787960;3.121411;3.511674;3.542111;2.999121;3.383218;1.835847;3.206560;4.122980;1.588750;5.339975;1.718958;3.295455;2.417857;3.619374;4.090751;2.482940;1.897391;2.952587;3.821079;5.363124;2.826404;3.819207;4.139633;1.688306;3.956831;3.478410;2.723975;3.523514;2.980062;4.814400;3.026884;4.517939;4.900621;4.797048;1.937015;2.991816;1.343667;3.592103;5.715251;4.943607;1.513587;5.134193;1.926558;5.045621;3.274053;4.036378;4.411711;5.625537;3.663098;2.773785;5.410170;2.716636;1.820908;3.135929;3.388797;3.900820;4.816008;1.877268;5.129758;1.350480;2.724279;1.710740;2.583132;4.144993;4.819042;3.466511;4.118325;3.197248;4.753076;5.141520;3.717826;4.319147;3.272107;2.122837;4.572955;2.166385;1.751431;1.582263;5.063793;1.870426;2.714373;4.169050;4.833139;1.505258;4.145614;2.773257;1.756232;4.436580;4.806511;4.904531;3.183342;4.756544;1.468021;3.617974;3.970589;1.633920;5.581612;6.070286;4.188650;3.889475;3.401262;3.031337;2.170105;2.555874;4.033013;3.458702;4.764125;3.887320;4.209132;2.646994;3.425489;2.631324;5.487485;3.650695;4.964046;6.197638;6.081804;9.316201;5.598637;4.562131;9.126953;5.216157;4.730286;4.882489;7.461238;6.576782;7.279994;7.061449;8.948875;8.888653;7.052362;5.358377;5.113144;8.965968;5.298677;4.868477;8.197485;7.123722;6.075593;6.135131;6.565905;7.327558;9.017979;7.273585;7.083375;5.214338;7.963724;7.411139;8.736855;3.686261;4.302199;7.065956;8.452349;5.892794;6.874092;7.159585;8.845096;8.227108;9.400077;7.097606;3.267442;7.485567;4.610308;8.047759;3.813376;7.454785;8.722962;7.527071;5.082686;6.051222;5.966887;9.295616;8.621920;7.025886;3.654062
1.380000;-4.792990;2.895332;3.497907;3.530513;2.988339;3.362678;1.819633;3.163474;4.116626;1.576655;5.331524;1.708905;3.277835;2.400764;3.636307;4.063599;2.452317;1.879573;2.944439;3.798147;5.349851;2.810145;3.814718;4.128225;1.672584;3.868038;3.464075;2.690629;3.506418;2.967908;4.814400;3.001535;4.509607;4.893715;4.793005;1.908051;2.975929;1.336988;3.569725;5.679975;4.929564;1.509302;5.128027;1.918771;5.022752;3.267660;4.033103;4.404806;5.605708;3.657570;2.760297;5.390068;2.709734;1.812509;3.119167;3.373226;3.827637;4.599788;1.866671;5.114229;1.533315;2.703368;1.694239;2.583910;4.134122;4.803012;3.457078;4.096569;3.191855;4.768743;5.127598;3.798409;4.288502;3.250981;2.112019;4.549065;2.152741;1.896189;1.578232;5.044834;1.859709;2.458687;4.165722;4.824396;1.500464;4.124266;2.763833;1.686608;4.330739;4.771575;4.888913;3.163505;4.752947;1.475836;3.611884;3.961170;1.624434;5.549309;6.040249;4.184935;3.867093;3.437557;3.018251;2.156098;2.546471;4.021261;3.442663;4.756953;3.884598;4.189864;2.646994;3.412459;2.619807;5.473206;3.619663;5.389482;6.188436;6.089666;9.308388;5.597416;4.557063;9.110533;5.197383;4.725563;4.886066;7.474447;6.495456;7.238300;7.054970;8.923992;8.865953;7.044827;5.364391;5.089658;8.938633;5.298676;4.221437;8.311674;7.150887;6.068429;6.081773;6.542902;7.259274;9.009000;7.273593;7.081782;5.209890;7.937210;7.395627;8.763183;3.688515;4.280628;7.056280;8.440737;5.883270;6.797076;7.151885;8.839733;8.162952;9.383337;7.079765;3.267441;7.630831;4.558059;8.043482;3.800491;7.423971;8.687743;7.498564;5.077353;6.001845;5.944666;9.262806;8.589931;7.023755;3.654061
1.380000;-5.622187;2.895480;3.494992;3.528012;2.986000;3.358550;1.838229;3.156011;4.115194;1.574055;5.329653;1.706710;3.274212;2.359981;3.884722;4.058395;2.350411;1.875917;2.942631;3.793618;5.347024;2.806769;3.813691;4.125763;1.669302;3.960510;3.461060;2.684499;3.502890;2.965299;4.814400;2.996616;4.507759;4.892168;4.792076;1.932020;2.972620;1.335487;3.565289;5.673577;4.926596;1.508320;5.126636;1.917037;5.018239;3.266221;4.032345;4.403258;5.601701;3.656315;2.757432;5.386012;2.708187;1.810650;3.115698;3.369974;3.926774;5.119652;1.864366;5.110985;1.351237;2.699178;1.690817;2.615132;4.131764;4.799681;3.455005;4.092235;3.190631;4.744549;5.124652;3.798409;4.282767;3.246752;2.109671;4.544378;2.149848;1.864315;1.577305;5.040977;1.857381;2.547741;4.164952;4.822468;1.499370;4.120004;2.761764;1.686644;4.345955;4.765218;4.885654;3.159497;4.752117;1.475836;3.610507;3.959103;1.622354;5.543331;6.034602;4.184079;3.862656;3.371866;3.015464;2.153135;2.544407;4.018730;3.439324;4.755347;3.883965;4.185960;2.646994;3.409681;2.617321;5.470189;3.613871;5.025318;6.186413;6.119794;9.306650;5.597128;4.555906;9.107126;5.193560;4.724486;4.896772;7.556129;6.498008;7.231018;7.126740;8.919149;8.861462;7.043147;5.360274;5.085042;8.933396;5.298679;4.468701;8.201526;7.199157;6.066825;6.073020;6.538361;7.248795;9.007023;7.273589;7.081409;5.208872;7.932106;7.392386;8.757991;3.681819;4.276324;7.054158;8.438235;5.881184;6.785617;7.150171;8.838513;8.152943;9.379876;7.076105;3.267442;7.496526;4.549440;8.042501;3.797739;7.418209;8.681346;7.493148;5.076140;5.993575;5.940255;9.256756;8.584001;7.023257;3.654061
1.380000;-4.916713;2.884674;3.495196;3.528222;2.986208;3.358659;1.822509;3.155044;4.115360;1.574263;5.329848;1.706915;3.274379;2.331002;3.615217;4.058301;2.621968;1.876076;2.942821;3.793664;5.347233;2.806950;3.813821;4.125972;1.669494;3.949533;3.461257;2.684125;3.503062;2.965509;4.814400;2.996585;4.507952;4.892341;4.792198;1.902393;2.972807;1.335657;3.565350;5.673095;4.926800;1.508445;5.126797;1.917223;5.018285;3.266387;4.032446;4.403432;5.601825;3.656467;2.757638;5.386132;2.708360;1.810842;3.115875;3.370166;4.402615;4.647804;1.864574;5.111177;1.362309;2.699279;1.690998;2.613791;4.131973;4.799868;3.455208;4.092315;3.190779;4.765341;5.124856;3.798409;4.282526;3.246846;2.109881;4.544397;2.150053;1.551090;1.577426;5.041119;1.857589;2.804223;4.165055;4.822663;1.499507;4.120093;2.761963;1.844603;4.770442;4.764760;4.885844;3.159621;4.752227;1.584266;3.610671;3.959303;1.622554;5.543009;6.034391;4.184190;3.862716;3.382513;3.015671;2.153337;2.544608;4.018940;3.439510;4.755526;3.884052;4.186085;2.646994;3.409889;2.617531;5.470391;3.613612;6.707679;6.186613;6.091180;9.306836;5.597171;4.556050;9.107306;5.193704;4.724622;4.892141;7.466107;6.592326;7.230148;7.088095;8.919142;8.861516;7.043331;5.370790;5.085071;8.933299;5.298678;4.243828;8.195229;7.112404;6.067004;6.071259;6.538406;7.245607;9.007221;7.273585;7.081461;5.209002;7.932034;7.392577;8.859510;3.715394;4.276408;7.054362;8.438446;5.881386;6.781487;7.150354;8.838662;8.150172;9.380053;7.076269;3.267442;7.484317;4.547771;8.042627;3.797951;7.417960;8.680876;7.492999;5.076288;5.992141;5.940322;9.256408;8.583695;7.023328;3.654060
1.380000;-7.049503;3.275854;3.497053;3.529736;2.987596;3.361699;1.877036;3.163064;4.116117;1.575856;5.330894;1.708192;3.276891;2.328775;3.632264;4.062649;2.621968;1.878625;2.943824;3.797165;5.349013;2.809227;3.814336;4.127456;1.671679;3.872658;3.463210;2.689819;3.505482;2.967108;4.814400;3.000566;4.508981;4.893173;4.792656;1.904576;2.975019;1.336458;3.568742;5.679226;4.928701;1.508936;5.127530;1.918176;5.021771;3.267148;4.032813;4.404263;5.604739;3.657115;2.759452;5.389095;2.709192;1.811880;3.118235;3.372322;3.973140;4.580225;1.865934;5.113327;1.371169;2.702388;1.693315;2.627016;4.133375;4.802107;3.456395;4.095586;3.191410;4.788735;5.126737;3.798409;4.287619;3.250000;2.111274;4.548086;2.151889;1.611257;1.577884;5.043866;1.858966;2.636615;4.165429;4.823749;1.500061;4.123291;2.763150;1.715392;4.323017;4.770815;4.888009;3.162534;4.752632;1.475836;3.611392;3.960489;1.623751;5.548469;6.039352;4.184611;3.866111;3.377815;3.017420;2.155236;2.545790;4.020476;3.441747;4.756393;3.884353;4.188893;2.646994;3.411623;2.619031;5.472335;3.618792;5.021125;6.187767;6.080083;9.307792;5.597301;4.556638;9.109611;5.196425;4.725166;4.885931;7.513535;6.647733;7.237823;7.072204;8.923021;8.864972;7.044248;5.361361;5.088679;8.937689;5.298677;4.250771;8.316434;7.101102;6.067871;6.081979;6.541919;7.260657;9.008345;7.273589;7.081634;5.209511;7.936257;7.394723;8.778501;3.682524;4.279646;7.055586;8.439959;5.882587;6.799253;7.151293;8.839289;8.163982;9.382409;7.078818;3.267442;7.487325;4.558195;8.043118;3.799665;7.423095;8.686995;7.497634;5.076911;6.001792;5.943686;9.261981;8.589084;7.023561;3.654060
1.380000;-2.946539;3.490087;3.508056;3.539028;2.996245;3.377979;1.819563;3.196454;4.121247;1.585545;5.337694;1.716266;3.290900;2.390686;3.650280;4.084015;2.621968;1.892789;2.950385;3.815290;5.359624;2.822178;3.817970;4.136598;1.684209;3.890810;3.474654;2.715893;3.519084;2.976840;4.814399;3.020551;4.515687;4.898744;4.795931;2.069674;2.987679;1.341847;3.586442;5.706753;4.939917;1.512406;5.132509;1.924449;5.039846;3.272310;4.035471;4.409834;5.620466;3.661583;2.770232;5.405034;2.714758;1.818640;3.131584;3.384736;3.827410;4.617697;1.874439;5.125708;1.355941;2.718956;1.706455;2.754737;4.142093;4.814870;3.463974;4.112807;3.195769;4.754056;5.137861;3.789715;4.311646;3.266733;2.119951;4.566950;2.162793;1.530986;1.581150;5.058926;1.867566;2.489031;4.168129;4.830783;1.503939;4.140193;2.770724;1.951714;4.340541;4.798095;4.900458;3.178267;4.755548;1.475836;3.616311;3.968059;1.631372;5.573752;6.062916;4.187624;3.883813;3.372811;3.027885;2.166420;2.553349;4.029891;3.454527;4.762177;3.886563;4.204192;2.646994;3.422055;2.628258;5.483737;3.643111;7.890538;6.195167;6.131783;9.314083;5.598295;4.560740;9.122689;5.211334;4.728988;4.890487;7.576565;6.524448;7.270172;7.049245;8.942649;8.882917;7.050318;5.358510;5.107232;8.959198;5.298678;4.212487;8.194681;7.110662;6.073648;6.122974;6.560100;7.312506;9.015559;7.273585;7.082931;5.213113;7.957131;7.407090;8.824006;3.693422;4.296723;7.063364;8.449262;5.890239;6.857377;7.157498;8.843625;8.212852;9.395728;7.093003;3.267442;7.484399;4.598364;8.046580;3.809974;7.447250;8.714493;7.520039;5.081224;6.039854;5.961260;9.287653;8.614132;7.025292;3.654061
1.380000;-4.689366;2.905862;3.491652;3.525236;2.983433;3.353393;1.822245;3.144267;4.113727;1.571149;5.327671;1.704328;3.269849;2.371509;3.650721;4.051375;2.621968;1.871497;2.940723;3.787793;5.343816;2.802766;3.812669;4.123034;1.665446;3.956214;3.457566;2.675679;3.498663;2.962379;4.814399;2.990113;4.505806;4.890563;4.791161;1.930109;2.968720;1.333939;3.559618;5.664183;4.923185;1.507345;5.125213;1.915219;5.012427;3.264744;4.031607;4.401656;5.596736;3.655046;2.754166;5.380973;2.706586;1.808680;3.111562;3.366160;3.826097;5.220957;1.861845;5.107182;1.418810;2.693915;1.686754;2.581208;4.129174;4.795745;3.452779;4.086738;3.189394;4.773711;5.121273;3.798409;4.274738;3.241430;2.107094;4.538286;2.146538;2.026780;1.576392;5.036246;1.854829;2.525998;4.164202;4.820413;1.498275;4.114623;2.759534;1.782048;4.359153;4.755929;4.881827;3.154531;4.751304;1.572692;3.609104;3.956878;1.620113;5.534820;6.026753;4.183237;3.856982;3.419373;3.012302;2.149732;2.542187;4.015913;3.435383;4.753679;3.883355;4.181135;2.646994;3.406533;2.614565;5.466717;3.605735;5.043710;6.184243;6.083439;9.304826;5.596859;4.554747;9.103090;5.188882;4.723410;4.891552;7.457752;6.497087;7.219704;7.076082;8.912779;8.855710;7.041391;5.375380;5.079060;8.926326;5.298678;4.284312;8.243485;7.293315;6.065162;6.058092;6.532517;7.229098;9.004910;7.273578;7.081052;5.207861;7.925273;7.388587;8.736413;3.686831;4.270879;7.051872;8.435462;5.878936;6.763079;7.148375;8.837285;8.134575;9.375750;7.071684;3.267441;7.495625;4.534866;8.041531;3.794631;7.410135;8.671979;7.485742;5.074919;5.979902;5.934631;9.248097;8.575581;7.022781;3.654060
1.380000;-7.816245;3.698302;3.484622;3.519361;2.977988;3.342659;1.823244;3.120300;4.110573;1.565011;5.323442;1.699265;3.260732;2.328340;3.636710;4.036894;2.503592;1.862269;2.936651;3.775718;5.337049;2.794391;3.810459;4.117261;1.657364;3.981130;3.450231;2.657581;3.489831;2.956209;4.814400;2.976663;4.501637;4.887128;4.789174;1.918852;2.960547;1.330621;3.547855;5.644929;4.916008;1.505237;5.122156;1.911332;5.000394;3.261570;4.030001;4.398220;5.586398;3.652312;2.747287;5.370481;2.703153;1.804477;3.102914;3.358156;3.938584;4.592329;1.856497;5.099200;1.361902;2.682974;1.678246;2.653993;4.123681;4.787502;3.448040;4.075319;3.186728;4.745568;5.114159;3.798409;4.258228;3.230367;2.101630;4.525668;2.139581;1.675453;1.574411;5.026388;1.849419;2.478414;4.162571;4.816032;1.495911;4.103439;2.754799;1.694697;4.432975;4.736887;4.873801;3.144188;4.749539;1.505274;3.606086;3.952147;1.615347;5.517338;6.010599;4.181414;3.845216;3.377901;3.005635;2.142575;2.537464;4.009956;3.427126;4.750108;3.882025;4.171110;2.646994;3.399890;2.608734;5.459413;3.588996;4.981483;6.179624;6.079866;9.300922;5.596268;4.552244;9.094625;5.179131;4.721081;4.887177;7.634526;6.519411;7.196591;7.132497;8.899600;8.843757;7.037634;5.359686;5.066671;8.911737;5.298677;4.266808;8.201289;7.102037;6.061591;6.027727;6.520403;7.189088;9.000408;7.273589;7.080278;5.205670;7.911158;7.380617;8.818376;3.678580;4.259567;7.047008;8.429577;5.874151;6.717258;7.144535;8.834634;8.097272;9.367113;7.062438;3.267442;7.665473;4.505197;8.039426;3.788075;7.393524;8.652761;7.470469;5.072283;5.952035;5.922954;9.230319;8.558287;7.021743;3.654061
1.380000;-6.079509;2.973138;3.473649;3.510065;2.969329;3.326568;1.822875;3.088154;4.105406;1.555323;5.316610;1.691172;3.246826;2.353558;3.856119;4.015949;2.548287;1.848213;2.930059;3.757854;5.326457;2.781512;3.806790;4.108113;1.644895;3.983907;3.438822;2.632209;3.476319;2.946481;4.814400;2.957029;4.494898;4.881522;4.785866;1.981726;2.947954;1.325195;3.530399;5.618211;4.904825;1.501733;5.117141;1.905025;4.982578;3.256374;4.027316;4.392614;5.570832;3.647806;2.736531;5.354713;2.697550;1.797686;3.089651;3.345805;3.829834;4.618080;1.847979;5.086879;1.357572;2.666606;1.665185;2.791015;4.114950;4.774799;3.440435;4.058322;3.182332;4.764260;5.103067;3.798409;4.234776;3.213838;2.092941;4.507098;2.128697;1.564657;1.571113;5.011475;1.840807;2.448114;4.159842;4.808969;1.491997;4.086746;2.747201;1.703679;4.539878;4.710395;4.861413;3.128619;4.746592;1.475836;3.601130;3.944551;1.607698;5.492699;5.987578;4.178370;3.827754;3.418054;2.995188;2.131419;2.529881;4.000537;3.414417;4.744288;3.879789;4.155962;2.646994;3.389479;2.599499;5.448044;3.565266;5.231170;6.172203;6.144509;9.294598;5.595259;4.548108;9.081629;5.164359;4.717227;4.892886;7.473624;6.516315;7.165408;7.078630;8.880298;8.826066;7.031529;5.358461;5.048398;8.890657;5.298676;4.283690;8.199896;7.425074;6.055782;5.988653;6.502487;7.140239;8.993163;7.273585;7.078965;5.202035;7.890685;7.368315;8.736276;3.680030;4.242709;7.039212;8.420273;5.866475;6.662814;7.138299;8.830261;8.051097;9.353880;7.048370;3.267441;7.561786;4.466866;8.035931;3.777780;7.369954;8.626079;7.448549;5.067934;5.915624;5.905614;9.205328;8.533879;7.019989;3.654060
1.380000;-4.430366;2.947899;3.496556;3.529297;2.987183;3.361076;1.863044;3.162579;4.115852;1.575402;5.330553;1.707802;3.276310;2.328320;3.617816;4.061978;2.608300;1.878041;2.943495;3.796513;5.348527;2.808669;3.814143;4.127023;1.671136;4.013735;3.462695;2.689168;3.504911;2.966655;4.814400;2.999899;4.508645;4.892885;4.792482;1.902616;2.974474;1.336181;3.568098;5.678594;4.928199;1.508750;5.127271;1.917859;5.021122;3.266883;4.032669;4.403977;5.604119;3.656880;2.758963;5.388474;2.708907;1.811542;3.117676;3.371785;3.826100;5.103240;1.865525;5.112791;1.386407;2.701761;1.692756;2.582582;4.132957;4.801561;3.456024;4.094947;3.191181;4.754148;5.126240;3.798409;4.286948;3.249369;2.110859;4.547428;2.151396;1.536664;1.577710;5.043270;1.858555;2.444973;4.165283;4.823400;1.499854;4.122652;2.762780;1.926129;4.326630;4.770183;4.887470;3.161921;4.752476;1.475836;3.611137;3.960116;1.623376;5.547810;6.038684;4.184450;3.865466;3.372951;3.016939;2.154731;2.545419;4.020033;3.441198;4.756097;3.884233;4.188289;2.646994;3.411149;2.618597;5.471826;3.618127;5.327579;6.187403;6.084168;9.307475;5.597247;4.556423;9.109057;5.195825;4.724966;4.893333;7.487502;6.542299;7.237308;7.211195;8.922359;8.864322;7.043940;5.369911;5.088027;8.937018;5.298676;4.428488;8.199390;7.098456;6.067579;6.081818;6.541269;7.261209;9.007984;7.273593;7.081562;5.209321;7.935588;7.394189;8.792232;3.681126;4.279011;7.055206;8.439527;5.882214;6.800357;7.150983;8.839062;8.164310;9.381845;7.078237;3.267442;7.484809;4.557992;8.042934;3.799192;7.422427;8.686371;7.496965;5.076685;6.001488;5.943045;9.261328;8.588426;7.023463;3.654061
1.380000;-5.078721;2.876536;3.489793;3.523676;2.981984;3.350583;1.869472;3.137974;4.112875;1.569521;5.326540;1.702976;3.267458;2.339421;3.679905;4.047597;2.621968;1.869077;2.939632;3.784637;5.342025;2.800562;3.812068;4.121500;1.663320;3.881183;3.455631;2.670951;3.496344;2.960743;4.814399;2.986601;4.504689;4.889638;4.790618;1.928140;2.966570;1.333044;3.556542;5.659153;4.921288;1.506770;5.124386;1.914174;5.009285;3.263887;4.031167;4.400730;5.594031;3.654305;2.752348;5.378226;2.705661;1.807553;3.109289;3.364052;4.149956;4.667622;1.860421;5.105079;1.349764;2.691052;1.684516;2.579355;4.127712;4.793575;3.451514;4.083750;3.188671;4.741457;5.119393;3.684710;4.270431;3.238536;2.105641;4.534988;2.144698;1.533306;1.575852;5.033663;1.853389;2.452451;4.163755;4.819239;1.497632;4.111697;2.758275;1.711575;4.584709;4.750954;4.879712;3.151821;4.750822;1.550624;3.608288;3.955614;1.618839;5.530255;6.022537;4.182740;3.853907;3.430599;3.010538;2.147843;2.540925;4.014331;3.433211;4.752718;3.882990;4.178508;2.646994;3.404775;2.613015;5.464787;3.601363;5.393666;6.183010;6.094134;9.303778;5.596695;4.554067;9.100860;5.186325;4.722777;4.882416;7.465037;6.510316;7.213640;7.052103;8.909333;8.852578;7.040381;5.358695;5.075823;8.922521;5.298678;4.726577;8.211398;7.154206;6.064198;6.050047;6.529350;7.218343;9.003706;7.273589;7.080841;5.207264;7.921589;7.386488;8.793348;3.679882;4.267920;7.050574;8.433896;5.877657;6.750649;7.147340;8.836566;8.124588;9.373479;7.069256;3.267442;7.605305;4.527012;8.040958;3.792894;7.405799;8.666953;7.481754;5.074203;5.972534;5.931577;9.243449;8.571067;7.022496;3.654061
1.380000;-3.536150;3.203693;3.495874;3.528794;2.986739;3.359671;1.820096;3.157204;4.115673;1.574862;5.330264;1.707411;3.275247;2.328910;3.638592;4.059643;2.549184;1.876958;2.943224;3.794793;5.347889;2.807750;3.814043;4.126534;1.670269;3.937074;3.461963;2.685778;3.503904;2.966108;4.814400;2.997836;4.508362;4.892682;4.792397;2.190918;2.973591;1.335986;3.566455;5.674846;4.927492;1.508657;5.127101;1.917608;5.019412;3.266702;4.032609;4.403772;5.602805;3.656740;2.758303;5.387121;2.708701;1.811257;3.116702;3.370932;3.888759;4.749726;1.865097;5.111942;1.358696;2.700309;1.691810;2.643233;4.132509;4.800662;3.455673;4.093389;3.191045;4.800432;5.125542;3.772688;4.284042;3.247887;2.110413;4.545576;2.150726;1.559830;1.577625;5.042053;1.858117;2.441845;4.165220;4.823094;1.499743;4.121144;2.762430;1.787383;4.311061;4.766495;4.886614;3.160600;4.752404;1.900586;3.610971;3.959767;1.623021;5.544609;6.035876;4.184376;3.863820;3.667369;3.016316;2.154028;2.545072;4.019519;3.440300;4.755878;3.884186;4.187038;2.646994;3.410528;2.618099;5.471096;3.615146;4.960823;6.187066;6.080157;9.307220;5.597231;4.556300;9.108117;5.194631;4.724857;4.882914;7.479560;6.504910;7.232234;7.073647;8.920361;8.862633;7.043702;5.358375;5.086229;8.934647;5.298678;4.320433;8.194999;7.118814;6.067357;6.073969;6.539541;7.249177;9.007665;7.273585;7.081539;5.209220;7.933344;7.393342;8.801420;3.678430;4.277470;7.054838;8.439016;5.881855;6.785570;7.150735;8.838927;8.153502;9.380877;7.077143;3.267440;7.545508;4.550421;8.042839;3.798584;7.419485;8.682627;7.494408;5.076551;5.994634;5.941416;9.258037;8.585278;7.023433;3.654061
1.380000;-5.885808;2.928742;3.499892;3.532169;2.989873;3.365721;1.847343;3.170291;4.117511;1.578383;5.332714;1.710330;3.280416;2.424576;3.677377;4.067715;2.590867;1.882185;2.945584;3.801574;5.351758;2.812513;3.815337;4.129852;1.674868;4.259457;3.466153;2.695779;3.508917;2.969647;4.814400;3.005355;4.510776;4.894679;4.793561;1.979964;2.978240;1.337919;3.573063;5.685452;4.931590;1.509893;5.128885;1.919863;5.026171;3.268549;4.033553;4.405770;5.608638;3.658336;2.762239;5.393039;2.710699;1.813690;3.121614;3.375488;3.826332;4.943103;1.868177;5.116484;1.363700;2.706472;1.696645;2.612426;4.135669;4.805351;3.458408;4.099808;3.192602;4.741400;5.129606;3.687834;4.293199;3.254117;2.113558;4.552647;2.154703;1.776384;1.578787;5.047623;1.861234;2.448984;4.166178;4.825628;1.501127;4.127440;2.765170;1.731625;4.315310;4.776994;4.891182;3.166436;4.753440;1.475835;3.612731;3.962501;1.625775;5.554286;6.044843;4.185447;3.870432;3.468911;3.020132;2.158114;2.547800;4.022940;3.444996;4.757955;3.884969;4.192703;2.646994;3.414330;2.621451;5.475266;3.624423;5.072983;6.189734;6.082703;9.309481;5.597582;4.557763;9.112926;5.200147;4.726217;4.946421;7.450879;6.495124;7.244879;7.220628;8.927732;8.869344;7.045883;5.388253;5.093176;8.942775;5.298677;4.455930;8.207132;7.118961;6.069431;6.090375;6.546339;7.270484;9.010266;7.273589;7.081999;5.210504;7.941224;7.397878;8.744664;3.681540;4.283834;7.057648;8.442400;5.884619;6.809796;7.152965;8.840475;8.173441;9.385781;7.082381;3.267441;7.487593;4.566464;8.044072;3.802341;7.428693;8.693221;7.502903;5.078090;6.009751;5.947979;9.267866;8.594852;7.024045;3.654060
1.380000;-2.020244;4.056341;3.479116;3.514643;2.973573;3.334863;1.843530;3.106309;4.107875;1.560105;5.319916;1.695124;3.253894;2.382324;3.634429;4.027072;2.310018;1.855363;2.933242;3.767166;5.331719;2.788012;3.808523;4.112612;1.651171;3.979333;3.444522;2.646030;3.483169;2.951287;4.814400;2.967375;4.498157;4.884210;4.787425;1.912837;2.954300;1.327792;3.539475;5.632868;4.910405;1.503386;5.119533;1.908064;4.991857;3.258858;4.028574;4.395300;5.578829;3.649948;2.741883;5.362825;2.700235;1.800971;3.096361;3.352019;3.869046;4.592718;1.852150;5.093076;1.431561;2.675057;1.671784;2.808404;4.119233;4.781198;3.444135;4.067134;3.184420;4.769991;5.108600;3.798409;4.247412;3.222381;2.097203;4.516819;2.134114;1.546698;1.572666;5.019105;1.845026;2.508989;4.161121;4.812392;1.493849;4.095378;2.750897;1.745191;4.632984;4.724918;4.867646;3.136619;4.747976;1.475836;3.603492;3.948246;1.611421;5.506069;5.999954;4.179801;3.836834;3.384547;3.000375;2.136986;2.533571;4.005181;3.420826;4.747083;3.880833;4.163722;2.646994;3.394646;2.604043;5.453723;3.578076;5.735490;6.175807;6.094184;9.297647;5.595726;4.550069;9.088196;5.171911;4.719050;4.886229;7.475875;6.517566;7.182938;7.045940;8.890452;8.835278;7.034468;5.364160;5.057948;8.901859;5.298678;4.243114;8.194568;7.100711;6.058570;6.011474;6.511828;7.170000;8.996679;7.273585;7.079574;5.203751;7.901531;7.374501;8.734565;3.683086;4.251443;7.043009;8.424854;5.870213;6.696717;7.141301;8.832336;8.078922;9.360575;7.055529;3.267442;7.703696;4.489182;8.037579;3.782885;7.382669;8.640736;7.460262;5.069998;5.936625;5.914625;9.218911;8.547106;7.020804;3.654060
1.380000;-4.605224;2.916256;3.490333;3.524114;2.982385;3.351480;1.821198;3.140458;4.113095;1.569980;5.326842;1.703346;3.268190;2.336842;3.618081;4.048891;2.541245;1.869817;2.939920;3.785669;5.342540;2.801221;3.812219;4.121930;1.663954;3.867753;3.456197;2.672676;3.497051;2.961206;4.814400;2.987783;4.504988;4.889880;4.790753;1.905556;2.967211;1.333277;3.557540;5.661019;4.921839;1.506915;5.124599;1.914451;5.010312;3.264109;4.031276;4.400971;5.594879;3.654495;2.752873;5.379093;2.705903;1.807855;3.109975;3.364679;3.837009;4.661778;1.860814;5.105704;1.361176;2.691965;1.685190;2.658347;4.128119;4.794230;3.451860;4.084714;3.188855;4.741551;5.119938;3.702254;4.271959;3.239460;2.106043;4.536077;2.145228;1.572290;1.575986;5.034469;1.853787;2.695333;4.163865;4.819555;1.497795;4.112635;2.758614;1.707212;4.544718;4.752793;4.880342;3.152675;4.750941;1.480807;3.608499;3.955956;1.619186;5.531907;6.024025;4.182863;3.854906;3.411640;3.011043;2.148392;2.541269;4.014777;3.433861;4.752971;3.883079;4.179333;2.646994;3.405275;2.613450;5.465350;3.602922;5.241391;6.183342;6.092947;9.304052;5.596735;4.554240;9.101528;5.187121;4.722937;4.884721;7.520025;6.484103;7.216010;7.045193;8.910483;8.853597;7.040648;5.359043;5.076887;8.923830;5.298676;4.303625;8.217436;7.245190;6.064452;6.053434;6.530387;7.223205;9.004029;7.273589;7.080892;5.207414;7.922844;7.387112;8.757692;3.679725;4.268871;7.050927;8.434336;5.878002;6.756431;7.147614;8.836749;8.129030;9.374166;7.069998;3.267442;7.506351;4.530300;8.041101;3.793391;7.407342;8.668820;7.483139;5.074386;5.975568;5.932567;9.245136;8.572691;7.022564;3.654060
1.380000;-5.188868;2.874998;3.494290;3.527378;2.985394;3.357731;1.855384;3.155715;4.114787;1.573403;5.329144;1.706133;3.273430;2.335097;3.616594;4.057596;2.604598;1.875127;2.942136;3.792793;5.346336;2.806005;3.813388;4.125135;1.668553;3.923348;3.460336;2.683820;3.502110;2.964645;4.814399;2.995803;4.507255;4.891730;4.791799;1.918521;2.971867;1.335063;3.564463;5.672939;4.925886;1.508028;5.126237;1.916558;5.017412;3.265811;4.032115;4.402822;5.600890;3.655952;2.756739;5.385200;2.707752;1.810142;3.114922;3.369229;3.829462;4.745759;1.863768;5.110239;1.378969;2.698360;1.690052;2.582204;4.131154;4.798926;3.454453;4.091412;3.190275;4.757613;5.123947;3.798409;4.282024;3.245931;2.109065;4.543556;2.149148;2.192037;1.577031;5.040175;1.856779;2.444467;4.164720;4.821944;1.499047;4.119183;2.761210;1.709982;4.348391;4.764587;4.884907;3.158686;4.751867;1.472185;3.610115;3.958551;1.621798;5.542623;6.033850;4.183822;3.861829;3.412512;3.014782;2.152427;2.543855;4.018088;3.438568;4.754898;3.883771;4.185143;2.646994;3.408997;2.616689;5.469474;3.613138;5.342142;6.185869;6.100085;9.306167;5.597040;4.555570;9.106364;5.192759;4.724169;4.882930;7.452881;6.786092;7.230660;7.057988;8.918333;8.860639;7.042682;5.360330;5.084218;8.932599;5.298676;4.233742;8.206841;7.098352;6.066377;6.073358;6.537539;7.250409;9.006492;7.273582;7.081290;5.208572;7.931303;7.391641;8.761017;3.686621;4.275503;7.053596;8.437604;5.880630;6.788171;7.149694;8.838160;8.154163;9.379107;7.075318;3.267442;7.611357;4.549701;8.042212;3.797065;7.417473;8.680728;7.492371;5.075789;5.993641;5.939435;9.256065;8.583288;7.023104;3.654061
1.380000;-5.242416;2.875276;3.483356;3.518135;2.976793;3.341582;1.834174;3.122415;4.109674;1.563768;5.322372;1.698100;3.259519;2.329983;3.660833;4.036387;2.552001;1.861063;2.935603;3.774804;5.335790;2.793141;3.809762;4.116041;1.656106;4.128398;3.448969;2.657908;3.488602;2.954969;4.814400;2.975966;4.500576;4.886179;4.788532;1.974631;2.959293;1.329692;3.546898;5.645568;4.914742;1.504565;5.121274;1.910310;4.999474;3.260668;4.029463;4.397272;5.585279;3.651496;2.746025;5.369377;2.702203;1.803409;3.101673;3.356897;3.833975;5.068113;1.855308;5.097942;1.401323;2.681916;1.677002;2.764762;4.122481;4.786247;3.446908;4.074320;3.185927;4.779628;5.112894;3.798409;4.258157;3.229325;2.100433;4.524833;2.138315;1.529730;1.573771;5.025230;1.848225;2.525316;4.162025;4.814942;1.495178;4.102407;2.753669;1.691555;4.376236;4.737468;4.872541;3.143069;4.748956;1.573048;3.605211;3.951015;1.614211;5.517508;6.010448;4.180814;3.844262;3.470676;3.004377;2.141310;2.536335;4.008726;3.425875;4.749135;3.881566;4.169966;2.646994;3.398638;2.607511;5.458145;3.588977;5.003152;6.178504;6.209081;9.299896;5.596045;4.551479;9.093377;5.177959;4.720358;4.925008;7.459000;6.511220;7.198413;7.095839;8.898849;8.842820;7.036633;5.363701;5.065800;8.911256;5.298678;4.404928;8.269264;7.112684;6.060620;6.032250;6.519494;7.197838;8.999301;7.273589;7.079993;5.204978;7.910583;7.379359;8.768069;3.706576;4.258552;7.045862;8.428345;5.873013;6.728787;7.143518;8.833837;8.104777;9.365870;7.061233;3.267442;7.541602;4.509435;8.038754;3.786818;7.393479;8.653385;7.470122;5.071487;5.955564;5.921984;9.230559;8.558405;7.021373;3.654061
1.380000;-5.853860;2.924017;3.497609;3.530221;2.988054;3.362422;1.820491;3.163731;4.116406;1.576359;5.331266;1.708627;3.277546;2.331836;3.633841;4.063446;2.621968;1.879288;2.944185;3.797920;5.349551;2.809850;3.814546;4.127934;1.672288;3.871028;3.463783;2.690618;3.506127;2.967613;4.814400;3.001350;4.509348;4.893483;4.792847;1.951425;2.975633;1.336760;3.569490;5.680014;4.929265;1.509136;5.127810;1.918523;5.022528;3.267441;4.032968;4.404575;5.605443;3.657369;2.760000;5.389803;2.709504;1.812251;3.118873;3.372929;3.867034;4.895045;1.866386;5.113931;1.369993;2.703114;1.693945;2.591714;4.133836;4.802723;3.456805;4.096327;3.191658;4.756333;5.127298;3.798409;4.288424;3.250727;2.111733;4.548852;2.152443;1.707419;1.578073;5.044559;1.859424;2.532714;4.165585;4.824132;1.500283;4.124021;2.763564;1.715739;4.325013;4.771603;4.888618;3.163238;4.752802;1.475836;3.611671;3.960899;1.624161;5.549276;6.040159;4.184786;3.866859;3.416664;3.017953;2.155797;2.546200;4.020968;3.442367;4.756715;3.884483;4.189591;2.646994;3.412161;2.619515;5.472905;3.619596;5.143025;6.188168;6.124724;9.308138;5.597360;4.556872;9.110239;5.197107;4.725385;4.889280;7.475854;6.483519;7.238514;7.084921;8.923798;8.865726;7.044584;5.359835;5.089439;8.938480;5.298677;4.211216;8.194570;7.116779;6.068193;6.082332;6.542675;7.260276;9.008735;7.273582;7.081709;5.209721;7.937047;7.395327;8.762582;3.688894;4.280381;7.056005;8.440444;5.882999;6.798313;7.151641;8.839535;8.163838;9.383048;7.079479;3.267442;7.484179;4.558581;8.043317;3.800191;7.423897;8.687778;7.498435;5.077157;6.002280;5.944429;9.262783;8.589885;7.023661;3.654061
1.380000;-4.909963;2.885473;3.500148;3.532383;2.990072;3.366103;1.858086;3.170992;4.117625;1.578611;5.332868;1.710516;3.280744;2.363863;3.663046;4.068213;2.621968;1.882519;2.945733;3.801999;5.352006;2.812816;3.815418;4.130064;1.675159;3.874619;3.466419;2.696371;3.509232;2.969872;4.814399;3.005824;4.510931;4.894805;4.793633;1.903856;2.978536;1.338040;3.573478;5.686070;4.931851;1.509969;5.128995;1.920003;5.026597;3.268667;4.033610;4.405894;5.609007;3.658436;2.762489;5.393414;2.710824;1.813843;3.121926;3.375778;3.835407;4.794394;1.868371;5.116773;1.383036;2.706860;1.696952;2.722413;4.135870;4.805648;3.458582;4.100211;3.192699;4.748078;5.129865;3.685499;4.293750;3.254509;2.113757;4.553089;2.154959;1.699642;1.578859;5.047979;1.861431;2.488526;4.166237;4.825789;1.501211;4.127839;2.765342;1.695766;4.324296;4.777609;4.891473;3.166806;4.753505;1.475836;3.612841;3.962675;1.625950;5.554862;6.045387;4.185512;3.870846;3.626415;3.020375;2.158376;2.547971;4.023156;3.445295;4.758084;3.885017;4.193066;2.646994;3.414572;2.621664;5.475533;3.624983;4.980115;6.189901;6.080317;9.309625;5.597603;4.557853;9.113228;5.200497;4.726303;4.890534;7.527414;6.506556;7.245569;7.048798;8.928194;8.869764;7.046020;5.358390;5.093610;8.943279;5.298677;4.892372;8.199802;7.122473;6.069560;6.091130;6.546767;7.271149;9.010431;7.273585;7.082026;5.210583;7.941709;7.398166;8.755195;3.854491;4.284235;7.057826;8.442615;5.884793;6.810304;7.153103;8.840572;8.174152;9.386094;7.082714;3.267442;7.525555;4.567215;8.044147;3.802579;7.429248;8.693827;7.503421;5.078187;6.010489;5.948390;9.268451;8.595427;7.024083;3.654061
1.380000;-3.500810;3.222630;3.503315;3.535096;2.992609;3.370602;1.859357;3.179140;4.119172;1.581428;5.334891;1.712893;3.284686;2.335120;3.701717;4.073886;2.605183;1.886496;2.947688;3.806934;5.355073;2.816488;3.816525;4.132735;1.678727;3.886163;3.469703;2.703058;3.513073;2.972703;4.814400;3.011187;4.512927;4.896480;4.794634;1.902972;2.982133;1.339662;3.578312;5.693057;4.935076;1.511028;5.130497;1.921880;5.031518;3.270222;4.034425;4.407569;5.613374;3.659789;2.765599;5.397830;2.712497;1.815855;3.125696;3.379313;3.832925;4.589250;1.870869;5.120300;1.360565;2.711426;1.700673;2.594998;4.138425;4.809277;3.460825;4.104931;3.194021;4.761197;5.133065;3.798409;4.300004;3.259115;2.116302;4.558196;2.158100;1.573569;1.579856;5.052179;1.863954;2.445520;4.167066;4.827878;1.502393;4.132482;2.767579;1.690904;4.317923;4.784544;4.895018;3.171170;4.754399;1.475836;3.614326;3.964914;1.628203;5.561384;6.051542;4.186434;3.875684;3.413994;3.023401;2.161594;2.550209;4.025902;3.448924;4.759820;3.885698;4.197325;2.646994;3.417592;2.624358;5.478807;3.631300;4.960629;6.192096;6.079944;9.311505;5.597912;4.559099;9.116936;5.204659;4.727465;4.889729;7.458055;6.496723;7.253513;7.046113;8.933477;8.874653;7.047837;5.360088;5.098643;8.948986;5.298678;4.279871;8.207084;7.100903;6.071292;6.100689;6.551714;7.282683;9.012574;7.273585;7.082429;5.211682;7.947272;7.401689;8.733890;3.709050;4.288924;7.060122;8.445328;5.887055;6.822984;7.154957;8.841887;8.185143;9.389857;7.086692;3.267442;7.503447;4.576630;8.045205;3.805564;7.435534;8.700809;7.509326;5.079494;6.019515;5.953198;9.275053;8.601899;7.024619;3.654060
1.540000;-5.625911;2.892276;3.516522;3.546131;3.002835;3.390767;1.884104;3.224249;4.125093;1.592959;5.342834;1.722402;3.301815;2.406122;3.726922;4.101116;2.422033;1.903834;2.955338;3.829633;5.367780;2.832226;3.820674;4.143580;1.693916;3.977860;3.483482;2.737100;3.529668;2.984292;4.814400;3.036466;4.520756;4.902930;4.798364;2.261298;2.997489;1.345895;3.600424;5.729260;4.948559;1.514987;5.136240;1.929180;5.054142;3.276181;4.037438;4.414020;5.632802;3.664924;2.778521;5.417545;2.718943;1.823748;3.141951;3.394346;3.983844;4.594275;1.880914;5.135293;1.368211;2.731989;1.716659;2.677603;4.148742;4.824777;3.469724;4.126388;3.199025;4.768256;5.146424;3.798409;4.331053;3.279906;2.126565;4.581916;2.171183;1.540371;1.583576;5.070700;1.874116;2.476500;4.170129;4.836106;1.506831;4.153502;2.776477;1.714932;4.469594;4.820367;4.910098;3.190606;4.757713;1.500018;3.619996;3.973801;1.637157;5.594267;6.081923;4.189860;3.897799;3.525517;3.035924;2.175036;2.559080;4.037092;3.464437;4.766528;3.888196;4.216166;2.646994;3.430058;2.635315;5.492530;3.662781;6.828073;6.200770;6.100255;9.318831;5.599025;4.563799;9.132836;5.222989;4.731834;4.882308;7.453068;6.581624;7.297016;7.083481;8.958263;8.897114;7.054893;5.366042;5.121939;8.976421;5.298677;4.276016;8.229938;7.414516;6.077990;6.157889;6.574488;7.358057;9.021029;7.273589;7.083884;5.215792;7.973811;7.416664;8.736606;3.759414;4.310184;7.069262;8.456375;5.896043;6.909312;7.162171;8.846865;8.255420;9.406088;7.104057;3.267442;7.518393;4.632508;8.049156;3.817884;7.466771;8.736955;7.538033;5.084445;6.071989;5.975145;9.308500;8.634429;7.026568;3.654059
1.540000;-3.893965;3.076522;3.489856;3.523686;2.981978;3.350899;1.820833;3.139879;4.112822;1.569540;5.326500;1.702958;3.267648;2.385884;3.614828;4.048267;2.621968;1.869273;2.939590;3.785068;5.342073;2.800702;3.812014;4.121505;1.663440;3.865413;3.455709;2.672048;3.496512;2.960765;4.814400;2.987169;4.504648;4.889587;4.790566;1.906041;2.966696;1.332992;3.556944;5.660396;4.921360;1.506719;5.124333;1.914130;5.009710;3.263834;4.031122;4.400679;5.594306;3.654251;2.752403;5.378519;2.705610;1.807513;3.109444;3.364168;3.828764;4.604520;1.860412;5.105193;1.349951;2.691380;1.684664;2.595150;4.127709;4.793707;3.451484;4.084117;3.188615;4.757970;5.119460;3.686100;4.271331;3.238874;2.105635;4.535470;2.144756;1.625008;1.575801;5.033909;1.853382;2.742513;4.163708;4.819203;1.497577;4.112046;2.758244;1.904842;4.375762;4.752172;4.879830;3.152102;4.750772;1.470251;3.608233;3.955587;1.618815;5.531273;6.023397;4.182690;3.854311;3.375798;3.010582;2.147910;2.540897;4.014343;3.433342;4.752668;3.882948;4.178767;2.646994;3.404819;2.613024;5.464864;3.602294;4.960581;6.182976;6.085007;9.303732;5.596673;4.554013;9.101007;5.186561;4.722723;4.884622;7.453773;6.597807;7.215425;7.046086;8.909875;8.853001;7.040335;5.358423;5.076283;8.923203;5.298678;4.299047;8.208387;7.214163;6.064150;6.052977;6.529785;7.222980;9.003673;7.273578;7.080812;5.207211;7.922225;7.386602;8.734816;3.681878;4.268282;7.050550;8.433906;5.877634;6.756396;7.147295;8.836511;8.128730;9.373638;7.069456;3.267442;7.514232;4.529823;8.040905;3.792934;7.406713;8.668200;7.482513;5.074149;5.975055;5.931971;9.244513;8.572063;7.022461;3.654061
1.540000;-5.226606;2.874976;3.522302;3.551086;3.007471;3.398940;1.827093;3.238865;4.127929;1.598108;5.346539;1.726751;3.308992;2.333098;3.633496;4.111399;2.425326;1.911076;2.958920;3.838594;5.373374;2.838920;3.822709;4.148460;1.700415;3.873090;3.489470;2.749181;3.536660;2.989462;4.814400;3.046196;4.524414;4.905998;4.800204;2.041960;3.004046;1.348867;3.609205;5.741869;4.954439;1.516935;5.138994;1.932614;5.063083;3.279031;4.038939;4.417089;5.640738;3.667408;2.784195;5.425573;2.722008;1.827433;3.148823;3.400789;4.317986;4.700327;1.885479;5.141720;1.350310;2.740288;1.723436;2.738825;4.153413;4.831385;3.473825;4.134968;3.201452;4.763576;5.152260;3.793914;4.342370;3.288277;2.131215;4.591185;2.176915;2.125795;1.585411;5.078342;1.878729;2.463969;4.171653;4.839931;1.508999;4.161948;2.780574;1.732849;4.552027;4.832882;4.916556;3.198543;4.759356;1.475836;3.622719;3.977898;1.641279;5.606051;6.093063;4.191556;3.906580;3.371826;3.041448;2.180906;2.563170;4.042107;3.471048;4.769707;3.889448;4.223911;2.646994;3.435566;2.640236;5.498501;3.674208;5.504879;6.204779;6.081942;9.322273;5.599594;4.566086;9.139585;5.230562;4.733968;4.924806;7.506907;6.726416;7.311287;7.046925;8.967854;8.906001;7.058221;5.364786;5.131076;8.986763;5.298678;4.736432;8.194579;7.394800;6.081166;6.174848;6.583472;7.377932;9.024949;7.273574;7.084625;5.217811;7.983898;7.423085;8.764967;3.681512;4.318701;7.073461;8.461333;5.900182;6.930662;7.165571;8.849278;8.274544;9.412951;7.111307;3.267442;7.495690;4.649221;8.051099;3.823334;7.478133;8.749536;7.548725;5.086843;6.088070;5.983878;9.320431;8.646127;7.027555;3.654060
1.540000;-4.564426;2.921741;3.482506;3.517435;2.976146;3.340237;1.870952;3.119277;4.109312;1.563030;5.321878;1.697503;3.258391;2.330997;3.732848;4.034534;2.606375;1.859924;2.935127;3.773277;5.334972;2.792114;3.809513;4.115352;1.655117;3.920873;3.448071;2.655559;3.487513;2.954230;4.814400;2.974251;4.500090;4.885783;4.788310;2.190061;2.958292;1.329309;3.545414;5.643069;4.913871;1.504328;5.120924;1.909858;4.997955;3.260304;4.029284;4.396875;5.583986;3.651185;2.745192;5.368064;2.701809;1.802920;3.100609;3.355920;4.222895;4.602674;1.854674;5.096964;1.350589;2.680545;1.675956;2.582384;4.121829;4.785234;3.446350;4.072880;3.185624;4.793050;5.112032;3.798409;4.256030;3.227936;2.099783;4.523232;2.137469;1.533495;1.573549;5.024006;1.847583;2.441514;4.161842;4.814430;1.494910;4.101001;2.753115;1.727777;4.327181;4.734992;4.871558;3.141777;4.748759;1.475836;3.604867;3.950459;1.613649;5.515242;6.008364;4.180610;3.842778;3.422659;3.003574;2.140444;2.535779;4.008013;3.424863;4.748722;3.881417;4.168712;2.646994;3.397832;2.606815;5.457256;3.586815;5.465611;6.177961;6.105144;9.299445;5.595982;4.551196;9.092338;5.176748;4.720094;4.889837;7.450030;6.540714;7.195395;7.191501;8.897175;8.841315;7.036195;5.360681;5.064232;8.909381;5.298677;4.634255;8.196123;7.139015;6.060207;6.028303;6.517961;7.192802;8.998773;7.273585;7.079910;5.204732;7.908776;7.378381;8.775604;3.736514;4.257131;7.045289;8.427647;5.872447;6.723189;7.143075;8.833534;8.100029;9.364813;7.060092;3.267441;7.528416;4.505574;8.038518;3.786028;7.391335;8.650894;7.468161;5.071188;5.951929;5.920513;9.228252;8.556169;7.021258;3.654061
1.540000;-3.894925;3.082272;3.503223;3.534967;2.992471;3.370720;1.819198;3.180792;4.119030;1.581305;5.334742;1.712749;3.284694;2.330050;3.646328;4.074337;2.621968;1.886514;2.947538;3.807159;5.354968;2.816456;3.816404;4.132603;1.678680;3.874079;3.469620;2.703914;3.513066;2.972582;4.814400;3.011537;4.512776;4.896334;4.794522;1.947821;2.982091;1.339517;3.578512;5.694052;4.934989;1.510911;5.130356;1.921729;5.031740;3.270078;4.034328;4.407423;5.613460;3.659655;2.765502;5.397931;2.712349;1.815705;3.125680;3.379262;3.927660;5.222965;1.870730;5.120247;1.356033;2.711559;1.700649;2.582969;4.138288;4.809237;3.460677;4.105103;3.193887;4.743533;5.132975;3.798409;4.300673;3.259258;2.116165;4.558468;2.158006;2.308923;1.579744;5.052234;1.863816;2.444259;4.166968;4.827731;1.502268;4.132634;2.767434;1.704551;4.608863;4.785518;4.894967;3.171259;4.754294;1.579078;3.614185;3.964765;1.628058;5.562166;6.052171;4.186329;3.875882;3.375385;3.023296;2.161506;2.550061;4.025774;3.448885;4.759672;3.885613;4.197388;2.646994;3.417482;2.624229;5.478728;3.631997;5.644862;6.191947;6.104927;9.311357;5.597870;4.558970;9.116907;5.204708;4.727341;4.915340;7.452137;6.487366;7.255039;7.108670;8.933806;8.874870;7.047688;5.389336;5.098898;8.949445;5.298676;4.550722;8.195926;7.251138;6.071147;6.103358;6.551943;7.287070;9.012424;7.273582;7.082373;5.211561;7.947681;7.401636;8.771894;3.714158;4.289087;7.059977;8.445198;5.886909;6.828516;7.154812;8.841753;8.189033;9.389842;7.086714;3.267442;7.498379;4.579181;8.045089;3.805455;7.436212;8.701804;7.509854;5.079360;6.021772;5.953390;9.275872;8.602655;7.024549;3.654060
1.540000;-2.659294;3.629119;3.483054;3.517963;2.976659;3.340716;1.856226;3.118105;4.109692;1.563568;5.322335;1.698000;3.258926;2.335778;3.617761;4.034747;2.567190;1.860453;2.935575;3.773681;5.335516;2.792662;3.809804;4.115878;1.655665;3.867708;3.448625;2.655359;3.488054;2.954764;4.814400;2.974561;4.500543;4.886185;4.788578;1.928442;2.958839;1.329702;3.545836;5.642715;4.914422;1.504610;5.121295;1.910292;4.998359;3.260685;4.029510;4.397276;5.584480;3.651529;2.745741;5.368554;2.702210;1.803374;3.101152;3.356470;4.095614;4.940574;1.855183;5.097515;1.384419;2.681012;1.676502;2.599023;4.122345;4.785781;3.446835;4.073327;3.185962;4.842431;5.112581;3.798409;4.256030;3.228398;2.100297;4.523601;2.138019;1.530721;1.573817;5.024518;1.848095;2.461382;4.162071;4.814892;1.495219;4.101459;2.753596;1.934029;4.520178;4.734661;4.872110;3.142272;4.749002;1.514112;3.605234;3.950942;1.614135;5.515126;6.008405;4.180861;3.843202;3.372027;3.004118;2.140994;2.536262;4.008544;3.425412;4.749135;3.881609;4.169219;2.646994;3.398380;2.607342;5.457808;3.586791;5.345191;6.178439;6.079860;9.299881;5.596074;4.551517;9.092884;5.177265;4.720399;4.894081;7.684971;6.522112;7.194383;7.070962;8.897497;8.841725;7.036622;5.358428;5.064616;8.909585;5.298679;4.660614;8.204844;7.222752;6.060621;6.025673;6.518363;7.187307;8.999248;7.273582;7.080029;5.205019;7.909022;7.378933;8.733543;3.835006;4.257580;7.045778;8.428177;5.872938;6.715607;7.143502;8.833870;8.095418;9.365357;7.060617;3.267442;7.516886;4.503118;8.038800;3.786571;7.391321;8.650536;7.468301;5.071522;5.949920;5.920942;9.228097;8.556073;7.021412;3.654061
1.540000;-3.208353;3.328534;3.473802;3.510222;2.969483;3.326652;1.819210;3.087208;4.105526;1.555475;5.316751;1.691323;3.246956;2.353307;3.631355;4.015851;2.541848;1.848335;2.930198;3.757881;5.326612;2.781651;3.806884;4.108270;1.645040;4.141620;3.438976;2.631850;3.476455;2.946638;4.814399;2.956991;4.495042;4.881648;4.785951;2.254705;2.948096;1.325317;3.530439;5.617749;4.904979;1.501822;5.117255;1.905161;4.982607;3.256494;4.027386;4.392739;5.570928;3.647915;2.736685;5.354802;2.697676;1.797827;3.089787;3.345951;3.906358;4.630633;1.848132;5.087025;1.354298;2.666677;1.665323;2.598227;4.115107;4.774944;3.440586;4.058379;3.182438;4.741567;5.103223;3.798409;4.234543;3.213906;2.093096;4.507099;2.128853;1.636360;1.571197;5.011582;1.840963;2.445949;4.159914;4.809114;1.492093;4.086803;2.747350;1.695400;4.414549;4.709954;4.861558;3.128712;4.746668;1.475836;3.601246;3.944700;1.607847;5.492402;5.987372;4.178448;3.827796;3.373776;2.995342;2.131576;2.530030;4.000696;3.414560;4.744418;3.879849;4.156065;2.646994;3.389640;2.599656;5.448197;3.565014;4.968122;6.172349;6.185038;9.294733;5.595289;4.548210;9.081766;5.164466;4.717323;4.978407;7.450951;6.916911;7.164550;7.046941;8.880275;8.826098;7.031661;5.361550;5.048412;8.890543;5.298676;4.519137;8.219543;7.126798;6.055909;5.986856;6.502510;7.136845;8.993308;7.273589;7.079001;5.202126;7.890601;7.368456;8.738071;3.683401;4.242766;7.039359;8.420427;5.866623;6.658296;7.138432;8.830367;8.048185;9.354010;7.048490;3.267442;7.502863;4.465173;8.036019;3.777934;7.369708;8.625617;7.448397;5.068039;5.914177;5.905654;9.204992;8.533585;7.020038;3.654060
1.540000;-5.969938;2.946993;3.485252;3.519831;2.978403;3.343915;1.819357;3.124780;4.110742;1.565514;5.323718;1.699633;3.261700;2.426940;3.615448;4.038927;2.607902;1.863256;2.936908;3.777238;5.337641;2.795232;3.810554;4.117718;1.658156;3.961838;3.450911;2.660474;3.490752;2.956719;4.814399;2.978471;4.501906;4.887324;4.789256;1.963711;2.961356;1.330806;3.549313;5.648120;4.916661;1.505326;5.122317;1.911571;5.001905;3.261743;4.030060;4.398414;5.587582;3.652445;2.747896;5.371695;2.703348;1.804748;3.103802;3.358938;3.894750;4.774697;1.856900;5.099976;1.355356;2.684271;1.679109;2.667940;4.124102;4.788323;3.448370;4.076711;3.186858;4.759126;5.114804;3.798409;4.260734;3.231688;2.102046;4.527299;2.140196;1.997745;1.574492;5.027486;1.849830;2.637164;4.162631;4.816322;1.496017;4.104780;2.755133;1.961439;4.320762;4.740022;4.874585;3.145374;4.749607;1.497115;3.606243;3.952476;1.615677;5.520077;6.013019;4.181485;3.846675;3.374657;3.006215;2.143227;2.537791;4.010438;3.427949;4.750316;3.882068;4.172236;2.646994;3.400466;2.609196;5.460083;3.591552;5.733630;6.179942;6.104670;9.301165;5.596281;4.552361;9.095481;5.180209;4.721187;4.882760;7.484138;6.501001;7.200827;7.091040;8.901342;8.845252;7.037858;5.394345;5.068255;8.913795;5.298676;4.241683;8.211397;7.105596;6.061801;6.034180;6.521930;7.198905;9.000711;7.273585;7.080299;5.205764;7.913110;7.381395;8.733311;3.737876;4.260937;7.047352;8.430048;5.874481;6.729296;7.144770;8.834762;8.106102;9.368000;7.063426;3.267442;7.499198;4.511421;8.039516;3.788635;7.396052;8.655945;7.472685;5.072408;5.957685;5.924392;9.233127;8.560980;7.021773;3.654061
1.540000;-3.817386;3.108647;3.505115;3.536546;2.993934;3.373617;1.824751;3.187349;4.119874;1.582956;5.335876;1.714109;3.287153;2.350687;3.771806;4.078266;2.621968;1.888999;2.948632;3.810427;5.356788;2.818714;3.816998;4.134156;1.680858;3.880559;3.471594;2.708842;3.515451;2.974241;4.814399;3.015178;4.513899;4.897254;4.795055;1.950356;2.984294;1.340407;3.581693;5.699302;4.936920;1.511478;5.131178;1.922772;5.034995;3.270930;4.034760;4.408343;5.616255;3.660388;2.767350;5.400762;2.713271;1.816835;3.128012;3.381417;4.177693;4.659754;1.872165;5.122398;1.401792;2.714516;1.702940;2.613322;4.139765;4.811458;3.461948;4.108189;3.194603;4.838823;5.134889;3.771364;4.305157;3.262248;2.117633;4.561884;2.159880;1.555468;1.580276;5.054892;1.865268;2.445390;4.167406;4.828905;1.502901;4.135659;2.768703;2.135203;4.594551;4.790708;4.897129;3.174053;4.754767;1.466316;3.614996;3.966036;1.629337;5.566917;6.056560;4.186817;3.879064;3.387873;3.025087;2.163430;2.551328;4.027377;3.451106;4.760631;3.885971;4.200095;2.646994;3.419267;2.625796;5.480690;3.636548;5.211856;6.193187;6.094659;9.312404;5.598029;4.559643;9.119190;5.207341;4.727967;4.882588;7.464451;6.484517;7.261362;7.070857;8.937377;8.878103;7.048697;5.359663;5.102253;8.953415;5.298676;4.210685;8.236621;7.098593;6.072105;6.111690;6.555220;7.298035;9.013634;7.273593;7.082583;5.212148;7.951517;7.403785;8.819930;3.795859;4.292146;7.061284;8.446774;5.888193;6.841029;7.155841;8.842465;8.199265;9.392174;7.089205;3.267441;7.575460;4.587314;8.045655;3.807221;7.440731;8.707046;7.514005;5.080070;6.029408;5.956551;9.280713;8.607363;7.024827;3.654060
1.540000;-6.651753;3.127588;3.489239;3.523216;2.981559;3.349708;1.832078;3.135758;4.112631;1.569039;5.326210;1.702582;3.266726;2.580110;3.614586;4.046373;2.535557;1.868336;2.939316;3.783639;5.341493;2.799896;3.811897;4.121050;1.662678;4.054123;3.455053;2.669369;3.495633;2.960259;4.814399;2.985475;4.504365;4.889374;4.790466;2.009697;2.965919;1.332788;3.555573;5.657445;4.920722;1.506609;5.124150;1.913874;5.008291;3.263642;4.031044;4.400464;5.593191;3.654094;2.751807;5.377372;2.705395;1.807227;3.108598;3.363416;3.832395;4.598949;1.860003;5.104444;1.377218;2.690159;1.683837;2.674533;4.127284;4.792917;3.451147;4.082815;3.188466;4.789824;5.118832;3.798409;4.269006;3.237631;2.105214;4.533941;2.144150;1.534228;1.575698;5.032872;1.852967;2.534089;4.163630;4.818900;1.497450;4.110780;2.757905;1.826324;4.492689;4.749270;4.879075;3.150982;4.750686;1.467887;3.608056;3.955246;1.618469;5.528734;6.021151;4.182599;3.852939;3.371845;3.010013;2.147277;2.540558;4.013865;3.432553;4.752442;3.882886;4.177695;2.646994;3.404250;2.612561;5.464212;3.599915;5.154857;6.182649;6.087847;9.303475;5.596649;4.553874;9.100184;5.185538;4.722597;4.991615;7.458049;6.493319;7.211515;7.106306;8.908234;8.851593;7.040091;5.394407;5.074797;8.921286;5.298676;4.214033;8.354648;7.103792;6.063924;6.047091;6.528350;7.214190;9.003356;7.273585;7.080779;5.207095;7.920397;7.385853;8.741302;3.766495;4.266991;7.050195;8.433434;5.877284;6.745743;7.147046;8.836361;8.120778;9.372787;7.068511;3.267442;7.502122;4.524132;8.040795;3.792378;7.404365;8.665251;7.480457;5.073998;5.969875;5.930617;9.241899;8.569563;7.022414;3.654062
1.540000;-4.178069;2.999091;3.493489;3.526744;2.984819;3.356344;1.823824;3.151483;4.114491;1.572733;5.328724;1.705607;3.272310;2.340707;3.791236;4.055499;2.339168;1.873990;2.941732;3.791159;5.345580;2.805006;3.813191;4.124514;1.667597;3.864359;3.459495;2.680967;3.501039;2.963971;4.814400;2.993908;4.506842;4.891403;4.791627;2.005001;2.970898;1.334748;3.562886;5.669847;4.925067;1.507843;5.125952;1.916178;5.015787;3.265514;4.031980;4.402494;5.599568;3.655703;2.755965;5.383849;2.707425;1.809725;3.113882;3.368285;3.826344;4.578396;1.863206;5.109299;1.352063;2.696928;1.689029;2.579390;4.130574;4.797946;3.453970;4.089900;3.190032;4.748994;5.123137;3.779904;4.279516;3.244481;2.108486;4.541821;2.148361;1.540879;1.576857;5.038931;1.856206;2.642787;4.164581;4.821507;1.498836;4.117710;2.760726;1.686061;4.510316;4.761525;4.883960;3.157360;4.751717;1.475836;3.609834;3.958067;1.621311;5.539910;6.031415;4.183667;3.860255;3.376818;3.014037;2.151613;2.543375;4.017446;3.437586;4.754555;3.883661;4.183872;2.646994;3.408260;2.616061;5.468639;3.610578;4.960526;6.185403;6.079862;9.305786;5.596992;4.555345;9.105348;5.191534;4.723961;4.887456;7.485341;6.489198;7.226633;7.072371;8.916486;8.859025;7.042316;5.406569;5.082523;8.930484;5.298677;4.249943;8.194573;7.098971;6.066034;6.067450;6.535895;7.241700;9.006035;7.273593;7.081230;5.208378;7.929277;7.390703;8.759742;3.688872;4.274007;7.053097;8.436968;5.880140;6.777634;7.149323;8.837919;8.146263;9.378062;7.074173;3.267442;7.488854;4.543975;8.042027;3.796334;7.414938;8.677621;7.490111;5.075549;5.988404;5.937871;9.253279;8.580607;7.023018;3.654061
1.540000;-7.892771;3.714794;3.514646;3.544618;3.001452;3.387620;2.026979;3.215692;4.124360;1.591368;5.341807;1.721134;3.299243;2.328952;3.666522;4.096550;2.621968;1.901220;2.954355;3.825988;5.365991;2.829906;3.820183;4.142098;1.691691;3.918837;3.481502;2.731073;3.527191;2.982689;4.814400;3.032303;4.519746;4.902121;4.797925;1.942274;2.995238;1.345117;3.596897;5.722752;4.946634;1.514519;5.135532;1.928247;5.050512;3.275442;4.037091;4.413212;5.629796;3.664300;2.776694;5.414484;2.718133;1.822729;3.139536;3.392151;3.828845;4.647950;1.879562;5.133104;1.433696;2.728764;1.714293;2.625074;4.147344;4.822498;3.468551;4.122991;3.198421;4.827134;5.144524;3.798409;4.325679;3.276638;2.125178;4.578069;2.169327;1.549305;1.583140;5.067862;1.872743;2.463312;4.169774;4.835035;1.506299;4.150189;2.775302;1.703257;4.494648;4.813941;4.907894;3.187600;4.757328;1.473663;3.619298;3.972630;1.635975;5.588487;6.076690;4.189460;3.894272;3.373423;3.034162;2.173122;2.557911;4.035553;3.462156;4.765682;3.887913;4.213268;2.646994;3.428310;2.633815;5.490564;3.657309;5.007600;6.199633;6.095592;9.317897;5.598903;4.563234;9.130488;5.220190;4.731313;4.886940;7.450982;6.552571;7.288833;7.240560;8.954205;8.893517;7.053997;5.414403;5.118174;8.971816;5.298676;4.502045;8.194622;7.377068;6.077149;6.146410;6.570829;7.341947;9.019924;7.273582;7.083723;5.215305;7.969392;7.414476;8.775647;3.684764;4.306824;7.068051;8.454862;5.894858;6.890308;7.161255;8.846261;8.240641;9.403679;7.101441;3.267441;7.516192;4.621358;8.048689;3.816160;7.461351;8.730454;7.533154;5.083845;6.061669;5.971652;9.302601;8.628730;7.026350;3.654061
1.540000;-3.794807;3.116554;3.504514;3.536061;2.993490;3.372630;1.828894;3.184879;4.119638;1.582446;5.335545;1.713701;3.286337;2.349038;3.614626;4.076859;2.621968;1.888175;2.948314;3.809289;5.356215;2.817978;3.816839;4.133680;1.680151;3.865310;3.470962;2.707026;3.514660;2.973726;4.814399;3.013889;4.513571;4.896993;4.794913;1.909049;2.983577;1.340156;3.580591;5.697359;4.936306;1.511326;5.130948;1.922472;5.033860;3.270692;4.034646;4.408084;5.615305;3.660187;2.766763;5.399799;2.713010;1.816506;3.127247;3.380718;3.831218;5.923467;1.871731;5.121701;1.349774;2.713504;1.702190;2.668133;4.139314;4.810731;3.461572;4.107125;3.194407;4.754857;5.134281;3.798409;4.303524;3.261221;2.117187;4.560686;2.159285;1.530065;1.580135;5.053999;1.864828;2.490332;4.167291;4.828560;1.502730;4.134615;2.768325;1.721338;4.768984;4.788784;4.896429;3.173105;4.754643;1.467524;3.614770;3.965660;1.628954;5.565178;6.054966;4.186689;3.877963;3.409212;3.024524;2.162820;2.550953;4.026883;3.450386;4.760358;3.885879;4.199180;2.646994;3.418706;2.625315;5.480063;3.634885;5.097081;6.192822;6.087171;9.312099;5.597991;4.559458;9.118443;5.206458;4.727798;4.936902;7.518775;6.639689;7.258985;7.171306;8.936113;8.876981;7.048407;5.363920;5.101082;8.951994;5.298677;4.388928;8.252975;7.140201;6.071833;6.108539;6.554079;7.293990;9.013278;7.273589;7.082531;5.211992;7.950149;7.403090;8.734727;3.755031;4.291091;7.060894;8.446293;5.887810;6.836514;7.155545;8.842272;8.195454;9.391402;7.088371;3.267442;7.489583;4.584244;8.045502;3.806667;7.439081;8.705099;7.512506;5.079877;6.026526;5.955457;9.278932;8.605636;7.024757;3.654061
1.540000;-5.738752;2.906340;3.508695;3.539594;2.996780;3.378804;1.819625;3.197616;4.121596;1.586130;5.338138;1.716774;3.291656;2.387645;3.617530;4.084966;2.203178;1.893549;2.950815;3.816164;5.360249;2.822892;3.818227;4.137157;1.684906;3.879137;3.475314;2.716935;3.519824;2.977426;4.814399;3.021471;4.516127;4.899117;4.796165;1.902481;2.988384;1.342212;3.587303;5.707825;4.940566;1.512653;5.132849;1.924864;5.040720;3.272659;4.035663;4.410208;5.621272;3.661893;2.770863;5.405846;2.715134;1.819081;3.132313;3.385430;3.830678;4.581768;1.874968;5.126402;1.409139;2.719787;1.707177;2.579395;4.142633;4.815583;3.464458;4.113659;3.196072;4.742293;5.138505;3.798409;4.312647;3.267568;2.120488;4.567842;2.163429;1.843830;1.581382;5.059711;1.868099;2.796703;4.168324;4.831238;1.504212;4.141031;2.771212;1.804078;4.411533;4.799155;4.901155;3.179074;4.755758;1.475836;3.616648;3.968542;1.631861;5.574781;6.063912;4.187840;3.884674;3.475179;3.028504;2.167070;2.553830;4.030464;3.455235;4.762564;3.886726;4.204979;2.646994;3.422669;2.628825;5.484395;3.644123;5.124934;6.195637;6.137432;9.314502;5.598370;4.561026;9.123405;5.212113;4.729257;4.886153;7.453436;6.686891;7.271318;7.100704;8.943555;8.883783;7.050723;5.378783;5.108117;8.960147;5.298678;4.763873;8.195905;7.170860;6.074033;6.124266;6.560975;7.314042;9.016028;7.273585;7.083029;5.213369;7.958068;7.407786;8.742832;3.718504;4.297566;7.063853;8.449829;5.890724;6.859110;7.157908;8.843926;8.214313;9.396464;7.093757;3.267442;7.485973;4.599644;8.046826;3.810584;7.448253;8.715545;7.521009;5.081523;6.041089;5.962123;9.288685;8.615150;7.025420;3.654061
1.540000;-5.029768;2.879649;3.513905;3.544023;3.000910;3.386360;1.886311;3.212138;4.124074;1.590739;5.341404;1.720636;3.298218;2.330654;3.629807;4.094705;2.621968;1.900183;2.953969;3.824529;5.365282;2.828986;3.819991;4.141515;1.690810;3.896461;3.480726;2.728606;3.526207;2.982057;4.814399;3.030627;4.519350;4.901804;4.797756;1.907555;2.994343;1.344814;3.595485;5.720077;4.945875;1.514338;5.135256;1.927884;5.049061;3.275154;4.036957;4.412896;5.628592;3.664056;2.775974;5.413264;2.717820;1.822329;3.138580;3.391281;3.975858;4.610742;1.879030;5.132238;1.349335;2.727477;1.713355;2.688806;4.146796;4.821584;3.468091;4.121632;3.198184;4.756303;5.143771;3.784092;4.323491;3.275331;2.124632;4.576524;2.168598;1.590997;1.582970;5.066740;1.872203;2.529476;4.169638;4.834617;1.506094;4.148868;2.774843;2.073706;4.394291;4.811308;4.907021;3.186400;4.757178;1.475836;3.619025;3.972171;1.635515;5.586132;6.074565;4.189307;3.892857;3.383951;3.033469;2.172364;2.557454;4.034949;3.461251;4.765352;3.887802;4.212117;2.646994;3.427618;2.633224;5.489789;3.655086;4.969895;6.199185;6.080389;9.317530;5.598855;4.563014;9.129552;5.219079;4.731110;4.928095;7.459125;6.539831;7.285444;7.167685;8.952566;8.892074;7.053647;5.378332;5.116667;8.969955;5.298678;5.026364;8.194568;7.165933;6.076819;6.141575;6.569365;7.335050;9.019492;7.273582;7.083661;5.215116;7.967603;7.413613;8.738540;3.682052;4.305481;7.067578;8.454266;5.894389;6.882127;7.160895;8.846026;8.234328;9.402723;7.100405;3.267442;7.549856;4.616662;8.048508;3.815480;7.459149;8.727796;7.531183;5.083613;6.057345;5.970254;9.300197;8.626408;7.026266;3.654061
1.540000;-4.537607;2.925376;3.491441;3.525095;2.983314;3.352881;1.827637;3.142010;4.113698;1.570994;5.327607;1.704227;3.269484;2.342736;3.717681;4.050467;2.534796;1.871125;2.940667;3.787152;5.343622;2.802461;3.812661;4.122899;1.665167;3.888077;3.457337;2.674307;3.498324;2.962221;4.814400;2.989323;4.505747;4.890529;4.791156;1.914730;2.968429;1.333908;3.559007;5.662647;4.922964;1.507340;5.125188;1.915168;5.011793;3.264715;4.031607;4.401619;5.596263;3.655028;2.753966;5.380486;2.706550;1.808617;3.111235;3.365880;3.959561;4.996602;1.861733;5.106904;1.463742;2.693386;1.686437;2.628693;4.129052;4.795455;3.452695;4.086164;3.189378;4.744340;5.121057;3.687683;4.273575;3.240888;2.106975;4.537585;2.146331;1.627029;1.576388;5.035818;1.854712;2.609694;4.164202;4.820342;1.498265;4.114076;2.759455;1.687476;4.317700;4.754423;4.881547;3.154057;4.751302;1.533759;3.609079;3.956793;1.620029;5.533529;6.025638;4.183238;3.856375;3.377250;3.012114;2.149515;2.542103;4.015768;3.435087;4.753640;3.883357;4.180693;2.646994;3.406347;2.614427;5.466488;3.604540;4.962258;6.184165;6.080222;9.304774;5.596863;4.554734;9.102774;5.188464;4.723401;4.971365;7.456822;6.552086;7.217577;7.189660;8.912010;8.855074;7.041345;5.359070;5.078384;8.925400;5.298678;4.671062;8.329113;7.496174;6.065120;6.054728;6.531870;7.223847;9.004836;7.273585;7.081059;5.207854;7.924408;7.388311;8.734687;3.687340;4.270313;7.051782;8.435315;5.878847;6.756582;7.148327;8.837269;8.129874;9.375421;7.071302;3.267441;7.502565;4.531617;8.041526;3.794449;7.408958;8.670440;7.484732;5.074902;5.976975;5.934030;9.246758;8.574313;7.022786;3.654061
1.540000;-4.207786;2.992974;3.498501;3.530992;2.988777;3.363657;1.828299;3.165795;4.116856;1.577158;5.331848;1.709305;3.278643;2.472082;3.624449;4.064977;2.621968;1.880390;2.944748;3.799268;5.350417;2.810876;3.814871;4.128695;1.673285;3.925334;3.464702;2.692385;3.507193;2.968415;4.814400;3.002807;4.509923;4.893969;4.793141;1.911024;2.976639;1.337232;3.570814;5.681848;4.930171;1.509447;5.128248;1.919065;5.023872;3.267893;4.033209;4.405060;5.606647;3.657765;2.760875;5.391021;2.709989;1.812831;3.119924;3.373917;4.066339;4.581428;1.867097;5.114918;1.535573;2.704370;1.694981;2.592801;4.134563;4.803734;3.457447;4.097621;3.192044;4.781878;5.128199;3.798409;4.290092;3.251994;2.112458;4.550243;2.153327;1.961290;1.578367;5.045717;1.860143;2.560179;4.165831;4.824734;1.500628;4.125292;2.764204;1.711582;4.320087;4.773426;4.889608;3.164443;4.753067;1.700338;3.612103;3.961540;1.624808;5.551001;6.041803;4.185059;3.868182;3.466990;3.018808;2.156703;2.546841;4.021746;3.443379;4.757219;3.884685;4.190762;2.646994;3.413011;2.620279;5.473825;3.621282;5.151336;6.188796;6.080688;9.308681;5.597454;4.557238;9.111273;5.198258;4.725728;4.882000;7.450710;6.522790;7.240548;7.080390;8.925237;8.867062;7.045111;5.358377;5.090814;8.940025;5.298676;4.278985;8.235053;7.220610;6.068693;6.084620;6.544028;7.262697;9.009349;7.273589;7.081831;5.210043;7.938552;7.396314;8.756085;3.681146;4.281667;7.056661;8.441220;5.883650;6.800716;7.152177;8.839921;8.166245;9.384094;7.080587;3.267442;7.487785;4.560852;8.043630;3.801037;7.425572;8.689616;7.500021;5.077539;6.004498;5.945747;9.264533;8.591605;7.023821;3.654061
1.540000;-4.334099;2.962548;3.490752;3.524506;2.982763;3.351904;1.838866;3.140237;4.113362;1.570379;5.327168;1.703709;3.268631;2.328850;3.670553;4.049229;2.600787;1.870261;2.940240;3.786078;5.342959;2.801661;3.812419;4.122319;1.664389;3.864383;3.456621;2.672847;3.497488;2.961607;4.814400;2.988155;4.505311;4.890163;4.790937;2.053318;2.967648;1.333555;3.557957;5.661124;4.922263;1.507108;5.124860;1.914761;5.010719;3.264377;4.031429;4.401254;5.595315;3.654733;2.753291;5.379527;2.706187;1.808179;3.110417;3.365113;3.828542;4.637836;1.861188;5.106137;1.397685;2.692394;1.685629;2.637589;4.128497;4.794660;3.452208;4.085135;3.189090;4.741614;5.120361;3.798409;4.272214;3.239887;2.106422;4.536475;2.145653;3.031218;1.576170;5.034909;1.854165;2.915563;4.164021;4.819890;1.498008;4.113053;2.758966;1.689082;4.327666;4.752911;4.880777;3.153110;4.751108;1.471179;3.608757;3.956308;1.619537;5.532108;6.024297;4.183035;3.855322;3.393745;3.011458;2.148815;2.541617;4.015171;3.434298;4.753262;3.883209;4.179767;2.646994;3.405691;2.613842;5.465777;3.603163;5.286664;6.183688;6.114690;9.304364;5.596796;4.554464;9.101970;5.187559;4.723146;4.902661;7.560272;6.494545;7.215855;7.094251;8.910867;8.854008;7.040950;5.385298;5.077287;8.924163;5.298678;4.304358;8.213750;7.266632;6.064740;6.052655;6.530795;7.221418;9.004371;7.273589;7.080969;5.207613;7.923197;7.387546;8.770577;3.678292;4.269295;7.051283;8.434726;5.878357;6.753983;7.147922;8.836982;8.127531;9.374606;7.070440;3.267442;7.530333;4.529587;8.041295;3.793803;7.407588;8.668921;7.483452;5.074617;5.975015;5.932983;9.245326;8.572906;7.022668;3.654060
1.540000;-4.382216;2.954072;3.493766;3.527030;2.985104;3.356470;1.867761;3.150129;4.114723;1.573018;5.328990;1.705889;3.272520;2.331789;3.614573;4.055335;2.589442;1.874196;2.941998;3.791196;5.345858;2.805243;3.813375;4.124800;1.667848;4.020471;3.459765;2.680413;3.501259;2.964256;4.814400;2.993834;4.507108;4.891645;4.791796;1.921966;2.971143;1.334987;3.562946;5.669148;4.925338;1.508020;5.126179;1.916437;5.015824;3.265746;4.032123;4.402737;5.599716;3.655914;2.756241;5.383990;2.707668;1.809990;3.114111;3.368536;5.527818;4.605862;1.863490;5.109551;1.363444;2.697043;1.689264;2.579407;4.130858;4.798192;3.454248;4.089980;3.190240;4.776940;5.123410;3.771636;4.279139;3.244587;2.108771;4.541815;2.148635;1.631031;1.577026;5.039108;1.856493;2.523955;4.164726;4.821775;1.499029;4.117811;2.761008;1.748036;4.333639;4.760855;4.884209;3.157510;4.751870;1.729810;3.610059;3.958345;1.621589;5.539430;6.031081;4.183823;3.860313;3.403844;3.014318;2.151883;2.543652;4.017730;3.437829;4.754803;3.883784;4.184040;2.646994;3.408536;2.616350;5.468906;3.610181;4.963124;6.185677;6.132464;9.306044;5.597052;4.555544;9.105586;5.191714;4.724152;4.904120;7.518025;6.491246;7.225413;7.074152;8.916439;8.859074;7.042569;5.358402;5.082537;8.930309;5.298676;4.740070;8.209850;7.206858;6.066280;6.065052;6.535928;7.237484;9.006310;7.273582;7.081305;5.208560;7.929147;7.390955;8.915611;3.680892;4.274096;7.053377;8.437252;5.880416;6.772236;7.149579;8.838127;8.142579;9.378293;7.074379;3.267441;7.489260;4.541698;8.042202;3.796617;7.414555;8.676937;7.489871;5.075753;5.986435;5.937935;9.252760;8.580150;7.023117;3.654061
1.540000;-4.124610;3.011231;3.489643;3.523479;2.981774;3.350721;1.822460;3.140274;4.112667;1.569329;5.326316;1.702760;3.267446;2.355829;3.622287;4.048197;2.621968;1.869073;2.939410;3.784921;5.341863;2.800493;3.811894;4.121298;1.663229;3.966558;3.455496;2.672128;3.496311;2.960554;4.814400;2.987058;4.504467;4.889424;4.790455;1.939107;2.966485;1.332833;3.556790;5.660523;4.921145;1.506603;5.124180;1.913955;5.009566;3.263679;4.031028;4.400517;5.594126;3.654111;2.752190;5.378336;2.705448;1.807331;3.109239;3.363957;3.856676;4.721392;1.860209;5.104982;1.350268;2.691211;1.684456;2.637317;4.127504;4.793501;3.451294;4.083961;3.188478;4.773854;5.119246;3.798409;4.271339;3.238705;2.105431;4.535340;2.144543;1.567515;1.575690;5.033718;1.853180;2.580252;4.163614;4.819018;1.497452;4.111879;2.758050;1.731023;4.508098;4.752293;4.879619;3.151919;4.750672;2.285313;3.608084;3.955394;1.618618;5.531323;6.023390;4.182587;3.854156;3.442770;3.010369;2.147699;2.540704;4.014135;3.433133;4.752502;3.882869;4.178574;2.646994;3.404601;2.612818;5.464652;3.602309;5.020145;6.182786;6.086161;9.303559;5.596635;4.553880;9.100796;5.186368;4.722597;4.883425;7.473997;6.496976;7.215762;7.081803;8.909756;8.852847;7.040163;5.373967;5.076145;8.923133;5.298676;4.231276;8.194802;7.109791;6.063985;6.053781;6.529640;7.224480;9.003484;7.273585;7.080762;5.207091;7.922133;7.386389;8.786484;3.683700;4.268117;7.050354;8.433695;5.877437;6.758330;7.147122;8.836374;8.130026;9.373426;7.069251;3.267442;7.592710;4.530575;8.040788;3.792721;7.406723;8.668324;7.482471;5.074010;5.975685;5.931816;9.244569;8.572102;7.022396;3.654061
1.540000;-3.049886;3.435018;3.510003;3.540732;2.997852;3.380564;1.879377;3.200242;4.122272;1.587310;5.339007;1.717783;3.293229;2.337202;3.621523;4.087076;2.388895;1.895139;2.951657;3.818064;5.361520;2.824382;3.818719;4.138279;1.686359;3.864645;3.476660;2.719298;3.521369;2.978609;4.814400;3.023492;4.516985;4.899846;4.796609;1.912827;2.989844;1.342918;3.589173;5.710252;4.941894;1.513123;5.133506;1.925674;5.042614;3.273339;4.036028;4.410937;5.622992;3.662488;2.772147;5.407583;2.715861;1.819946;3.133836;3.386870;4.553555;5.158177;1.876023;5.127838;1.436439;2.721571;1.708681;2.632393;4.143712;4.817053;3.465415;4.115490;3.196655;4.745494;5.139824;3.798409;4.314911;3.269367;2.121563;4.569792;2.164727;1.695240;1.581827;5.061377;1.869165;2.506202;4.168694;4.832135;1.504734;4.142840;2.772168;2.288277;4.424580;4.801570;4.902596;3.180794;4.756158;1.468356;3.617298;3.969498;1.632818;5.577105;6.066149;4.188253;3.886544;3.389293;3.029758;2.168394;2.554784;4.031615;3.456708;4.763316;3.887031;4.206670;2.646994;3.423918;2.629956;5.485740;3.646400;5.051059;6.196574;6.096253;9.315311;5.598511;4.561576;9.124905;5.213768;4.729771;4.889765;7.477798;6.506365;7.273917;7.050816;8.945564;8.885674;7.051509;5.358506;5.110041;8.962271;5.298676;4.302761;8.203577;7.116373;6.074786;6.127016;6.562879;7.316731;9.016942;7.273582;7.083210;5.213854;7.960153;7.409219;8.742644;3.691520;4.299391;7.064829;8.450968;5.891689;6.861643;7.158711;8.844505;8.217043;9.397984;7.095351;3.267442;7.556261;4.602386;8.047297;3.811825;7.450521;8.717976;7.523183;5.082099;6.043809;5.963985;9.291026;8.617465;7.025663;3.654061
1.540000;-6.827961;3.187557;3.496102;3.528921;2.986835;3.360345;1.819945;3.160263;4.115649;1.575010;5.330283;1.707479;3.275707;2.350699;3.615753;4.060894;2.621968;1.877427;2.943234;3.795662;5.348093;2.808120;3.814000;4.126652;1.670604;3.867562;3.462222;2.687679;3.504327;2.966259;4.814400;2.998921;4.508379;4.892666;4.792354;1.927210;2.973937;1.335968;3.567273;5.676965;4.927734;1.508614;5.127076;1.917610;5.020273;3.266680;4.032565;4.403758;5.603420;3.656705;2.758518;5.387759;2.708687;1.811273;3.117103;3.371261;3.886702;4.735368;1.865183;5.112268;1.349301;2.701007;1.692195;2.596289;4.132605;4.801016;3.455720;4.094154;3.191009;4.743241;5.125780;3.760818;4.285650;3.248605;2.110508;4.546524;2.150946;1.678757;1.577581;5.042608;1.858208;2.509145;4.165176;4.823121;1.499701;4.121884;2.762478;1.830665;4.347945;4.768574;4.886944;3.161216;4.752360;1.475765;3.610943;3.959815;1.623072;5.546397;6.037420;4.184331;3.864641;3.374736;3.016511;2.154270;2.545118;4.019650;3.440658;4.755869;3.884146;4.187611;2.646994;3.410721;2.618221;5.471353;3.616795;4.961464;6.187107;6.113452;9.307223;5.597208;4.556260;9.108497;5.195167;4.724813;4.886164;7.457792;6.790182;7.235119;7.086289;8.921400;8.863478;7.043700;5.358427;5.087143;8.935912;5.298676;5.137001;8.261321;7.142427;6.067345;6.078365;6.540411;7.255589;9.007696;7.273593;7.081509;5.209179;7.934536;7.393663;8.733301;3.734131;4.278224;7.054895;8.439147;5.881907;6.793162;7.150738;8.838892;8.159350;9.381277;7.077612;3.267441;7.546865;4.554671;8.042795;3.798767;7.421111;8.684734;7.495792;5.076515;5.998506;5.942221;9.259876;8.587029;7.023396;3.654062
1.540000;-7.383070;3.437409;3.495914;3.528879;2.986839;3.359455;1.827069;3.155273;4.115795;1.574938;5.330385;1.707518;3.275157;2.345433;3.663103;4.059041;2.606403;1.876857;2.943345;3.794453;5.347938;2.807715;3.814149;4.126622;1.670248;4.151409;3.461986;2.684719;3.503836;2.966181;4.814399;2.997356;4.508484;4.892804;4.792496;1.950431;2.973564;1.336110;3.566140;5.673632;4.927522;1.508759;5.127222;1.917731;5.019073;3.266825;4.032694;4.403895;5.602618;3.656856;2.758348;5.386926;2.708825;1.811377;3.116648;3.370918;4.590360;4.675448;1.865197;5.111928;1.360108;2.700071;1.691765;2.671107;4.132605;4.800634;3.455786;4.093109;3.191161;4.741817;5.125576;3.769112;4.283193;3.247642;2.110510;4.545178;2.150765;1.798069;1.577724;5.041909;1.858216;2.486115;4.165308;4.823214;1.499853;4.120892;2.762547;1.739235;4.313203;4.765304;4.886596;3.160415;4.752496;1.802771;3.611090;3.959881;1.623135;5.543634;6.035072;4.184470;3.863508;3.480940;3.016371;2.154061;2.545186;4.019600;3.440270;4.756002;3.884262;4.186883;2.646994;3.410584;2.618185;5.471121;3.614269;4.970791;6.187184;6.085167;9.307343;5.597269;4.556411;9.108072;5.194495;4.724964;4.910127;7.455227;6.786066;7.230438;7.056988;8.919901;8.862304;7.043826;5.363288;5.085853;8.934031;5.298676;4.210826;8.284731;7.099857;6.067478;6.070971;6.539193;7.244478;9.007778;7.273578;7.081589;5.209325;7.932784;7.393328;8.733393;3.730939;4.277202;7.054949;8.439097;5.881966;6.779819;7.150859;8.839042;8.149282;9.380819;7.077047;3.267441;7.537348;4.547545;8.042942;3.798640;7.418621;8.681405;7.493705;5.076665;5.992065;5.941113;9.257016;8.584327;7.023495;3.654061
1.540000;-3.867317;3.090474;3.504693;3.536255;2.993687;3.372675;1.870321;3.183875;4.119810;1.582636;5.335736;1.713899;3.286451;2.411986;3.629218;4.076687;2.621968;1.888287;2.948504;3.809268;5.356398;2.818119;3.816978;4.133874;1.680300;3.955854;3.471132;2.706578;3.514787;2.973918;4.814400;3.013783;4.513762;4.897171;4.795043;2.072311;2.983724;1.340332;3.580587;5.696805;4.936480;1.511461;5.131117;1.922659;5.033846;3.270863;4.034757;4.408263;5.615374;3.660346;2.766946;5.399860;2.713188;1.816697;3.127378;3.380872;3.852493;4.664239;1.871929;5.121856;1.349663;2.713542;1.702329;2.633559;4.139511;4.810881;3.461767;4.107139;3.194564;4.774946;5.134457;3.773670;4.303203;3.261254;2.117383;4.560634;2.159466;1.619605;1.580264;5.054087;1.865024;2.442117;4.167403;4.828750;1.502875;4.134646;2.768521;1.687685;4.320933;4.788254;4.896582;3.173173;4.754763;1.792319;3.614938;3.965855;1.629153;5.564778;6.054673;4.186810;3.877953;3.406230;3.024707;2.162994;2.551149;4.027075;3.450532;4.760539;3.885975;4.199263;2.646994;3.418892;2.625509;5.480235;3.634549;4.962541;6.193017;6.178730;9.312288;5.598037;4.559610;9.118584;5.206552;4.727941;4.907460;7.450104;6.692530;7.258073;7.051265;8.936034;8.876970;7.048592;5.360329;5.101043;8.951817;5.298677;4.805918;8.210048;7.264742;6.072011;6.106817;6.554055;7.290979;9.013469;7.273589;7.082591;5.212131;7.950001;7.403245;8.847881;3.787072;4.291111;7.061090;8.446488;5.888007;6.832625;7.155731;8.842427;8.192822;9.391546;7.088492;3.267441;7.558085;4.582608;8.045638;3.806853;7.438753;8.704561;7.512280;5.080032;6.025094;5.955459;9.278509;8.605256;7.024836;3.654061
1.540000;-5.009664;2.877742;3.472174;3.508790;2.968132;3.324511;1.898307;3.084294;4.104658;1.554000;5.315645;1.690047;3.245011;2.328351;3.615779;4.013355;2.517508;1.846381;2.929123;3.755597;5.325026;2.779812;3.806248;4.106856;1.643246;3.866130;3.437297;2.629125;3.474550;2.945154;4.814399;2.954578;4.493947;4.880715;4.785374;2.009518;2.946290;1.324412;3.528188;5.614966;4.903324;1.501213;5.116412;1.904126;4.980329;3.255622;4.026912;4.391806;5.568835;3.647148;2.735079;5.352690;2.696745;1.796725;3.087909;3.344170;3.826299;4.584469;1.846802;5.085246;1.395421;2.664516;1.663467;2.617239;4.113745;4.773122;3.439372;4.056162;3.181689;4.742888;5.101581;3.798409;4.231903;3.211729;2.091741;4.504765;2.127231;1.689936;1.570622;5.009552;1.839619;2.474815;4.159432;4.807974;1.491419;4.084615;2.746135;1.760224;4.346335;4.707186;4.859772;3.126619;4.746150;3.294186;3.600411;3.943489;1.606628;5.489703;5.984758;4.177915;3.825547;3.415183;2.993774;2.129925;2.528820;3.999250;3.412740;4.743455;3.879451;4.154006;2.646994;3.388071;2.598230;5.446521;3.562364;7.683081;6.171160;6.090206;9.293696;5.595105;4.547501;9.079922;5.162446;4.716658;4.881960;7.603621;6.553554;7.161661;7.068398;8.877889;8.823826;7.030657;5.358925;5.046097;8.888058;5.298678;4.257163;8.283183;7.265356;6.054946;5.983939;6.500224;7.134183;8.992144;7.273578;7.078763;5.201497;7.888134;7.366681;8.865572;3.760309;4.240563;7.038121;8.418998;5.865403;6.655910;7.137411;8.829620;8.045420;9.352141;7.046540;3.267442;7.502761;4.462242;8.035410;3.776384;7.367066;8.622850;7.445845;5.067297;5.911240;5.903419;9.202284;8.530904;7.019722;3.654060
1.540000;-7.220585;3.350406;3.501692;3.533676;2.991271;3.368461;1.822461;3.176393;4.118321;1.579959;5.333799;1.711628;3.282747;2.331018;3.616823;4.071406;2.621968;1.884545;2.946631;3.804657;5.353493;2.814656;3.815906;4.131334;1.676931;3.865884;3.468020;2.700390;3.511174;2.971230;4.814400;3.008785;4.511847;4.895562;4.794073;1.964127;2.980331;1.338773;3.576066;5.690350;4.933430;1.510435;5.129671;1.920862;5.029243;3.269367;4.033965;4.406654;5.611280;3.659040;2.764001;5.395721;2.711581;1.814770;3.123827;3.377536;3.912703;4.585555;1.869550;5.118527;1.370600;2.709265;1.698822;2.594880;4.137078;4.807455;3.459626;4.102720;3.193288;4.764664;5.131428;3.798409;4.297404;3.256943;2.114960;4.555867;2.156489;1.549324;1.579297;5.050146;1.862621;2.441593;4.166599;4.826754;1.501734;4.130296;2.766379;1.875101;4.662075;4.781845;4.893237;3.169079;4.753895;1.475836;3.613507;3.963717;1.626999;5.558739;6.048962;4.185915;3.873435;3.378588;3.021839;2.159951;2.549013;4.024466;3.447111;4.758873;3.885312;4.195269;2.646994;3.416035;2.622947;5.477139;3.628692;5.566762;6.190918;6.080753;9.310487;5.597736;4.558407;9.115091;5.202641;4.726817;4.884202;7.628941;6.483510;7.250767;7.050665;8.931104;8.872387;7.046849;5.361051;5.096337;8.946503;5.298678;4.976137;8.195512;7.109116;6.070348;6.098122;6.549434;7.280732;9.011426;7.273578;7.082198;5.211069;7.944820;7.399918;8.755235;3.686018;4.286725;7.058898;8.443906;5.885851;6.821574;7.153953;8.841158;8.182988;9.387993;7.084743;3.267441;7.609268;4.574037;8.044614;3.804019;7.432931;8.698107;7.506793;5.078769;6.016856;5.950963;9.272401;8.599260;7.024313;3.654062
1.540000;-3.456176;3.238149;3.496632;3.529407;2.987300;3.360933;1.823585;3.160600;4.115976;1.575507;5.330683;1.707925;3.276279;2.346567;3.676541;4.061464;2.621968;1.878004;2.943624;3.796251;5.348611;2.808681;3.814247;4.127134;1.671161;3.933492;3.462758;2.688180;3.504895;2.966757;4.814400;2.999502;4.508774;4.893014;4.792579;1.914250;2.974497;1.336306;3.567864;5.677437;4.928267;1.508850;5.127394;1.917988;5.020863;3.267007;4.032753;4.404105;5.604006;3.656997;2.759042;5.388348;2.709033;1.811672;3.117672;3.371816;3.873838;4.579256;1.865647;5.112822;1.378146;2.701599;1.692762;2.584494;4.133074;4.801573;3.456150;4.094747;3.191296;4.741932;5.126310;3.798409;4.286186;3.249196;2.110976;4.547114;2.151472;1.593280;1.577806;5.043186;1.858674;2.442476;4.165368;4.823529;1.499962;4.122473;2.762905;1.687572;5.010759;4.769055;4.887501;3.161804;4.752564;1.472235;3.611258;3.960245;1.623501;5.546909;6.037964;4.184541;3.865228;3.383337;3.017026;2.154802;2.545547;4.020141;3.441217;4.756226;3.884305;4.188191;2.646994;3.411235;2.618707;5.471888;3.617331;6.505312;6.187531;6.085293;9.307603;5.597283;4.556532;9.109065;5.195753;4.725072;4.886082;7.453382;6.499835;7.235487;7.096749;8.921988;8.864074;7.044069;5.358370;5.087735;8.936493;5.298678;4.216102;8.199099;7.103146;6.067701;6.078499;6.541004;7.255430;9.008115;7.273582;7.081608;5.209424;7.935113;7.394222;8.734456;3.680896;4.278816;7.055332;8.439633;5.882340;6.792877;7.151112;8.839176;8.159270;9.381845;7.078198;3.267442;7.514140;4.554827;8.043033;3.799280;7.421649;8.685209;7.496356;5.076798;5.998716;5.942819;9.260386;8.587551;7.023524;3.654060
1.540000;-4.105782;3.013661;3.480567;3.515807;2.974635;3.337338;1.975814;3.113234;4.108428;1.561331;5.320697;1.696093;3.255908;2.331644;3.862794;4.030704;2.493228;1.857408;2.933989;3.770042;5.333107;2.789823;3.808891;4.113753;1.652901;4.169529;3.446057;2.650865;3.485099;2.952522;4.814399;2.970675;4.498926;4.884821;4.787751;1.916239;2.956052;1.328380;3.542256;5.638108;4.911894;1.503735;5.120067;1.908772;4.994728;3.259414;4.028832;4.395912;5.581189;3.650418;2.743297;5.365228;2.700847;1.801747;3.098245;3.353727;3.860316;4.629739;1.853188;5.094777;1.349303;2.677593;1.673630;2.947635;4.120305;4.782971;3.445032;4.069814;3.184876;4.752107;5.110072;3.798409;4.251709;3.224953;2.098267;4.519861;2.135549;1.660791;1.572992;5.021331;1.846081;2.514290;4.161384;4.813207;1.494246;4.097991;2.751793;1.767917;4.439181;4.730078;4.869359;3.138980;4.748262;1.915479;3.604019;3.949141;1.612322;5.510694;6.004132;4.180099;3.839618;3.598544;3.001735;2.138471;2.534463;4.006364;3.422605;4.747722;3.881043;4.165994;2.646994;3.396003;2.605198;5.455248;3.582446;6.715041;6.176676;6.083488;9.298356;5.595815;4.550493;9.090026;5.174100;4.719441;4.886580;7.463436;6.490787;7.189545;7.045979;8.893661;8.838113;7.035147;5.365745;5.060920;8.905529;5.298677;4.570703;8.196852;7.099430;6.059210;6.020826;6.514717;7.183195;8.997521;7.273585;7.079692;5.204115;7.905035;7.376198;8.752711;3.695106;4.254084;7.043934;8.426019;5.871116;6.712298;7.142000;8.832790;8.091022;9.362454;7.057574;3.267442;7.489484;4.498260;8.037928;3.784216;7.386991;8.645945;7.464145;5.070448;5.945010;5.917378;9.223637;8.551665;7.020966;3.654060
1.540000;-5.165075;2.875439;3.507672;3.538644;2.995864;3.377739;1.890429;3.197866;4.120947;1.585157;5.337344;1.715893;3.290578;2.328394;3.614985;4.084085;2.389736;1.892472;2.950040;3.815142;5.359241;2.821825;3.817734;4.136213;1.683845;3.869130;3.474274;2.716391;3.518749;2.976454;4.814400;3.020518;4.515339;4.898427;4.795714;1.954272;2.987321;1.341539;3.586270;5.707423;4.939537;1.512179;5.132215;1.924113;5.039695;3.272008;4.035287;4.409518;5.620201;3.661309;2.769847;5.404778;2.714442;1.818290;3.131240;3.384372;4.439439;4.723495;1.874059;5.125343;1.387018;2.718727;1.706107;2.824331;4.141712;4.814516;3.463609;4.112610;3.195501;4.746974;5.137479;3.798409;4.311941;3.266512;2.119571;4.566846;2.162411;1.623374;1.580933;5.058636;1.867185;2.834464;4.167942;4.830426;1.503692;4.139976;2.770366;1.702877;4.782510;4.798724;4.900095;3.178001;4.755352;1.475836;3.616019;3.967693;1.631006;5.574171;6.063170;4.187419;3.883640;3.391627;3.027500;2.166042;2.552982;4.029507;3.454171;4.761854;3.886405;4.203908;2.646994;3.421663;2.627878;5.483360;3.643439;4.977100;6.194802;6.086181;9.313746;5.598220;4.560482;9.122338;5.211037;4.728743;4.920700;7.458156;6.570737;7.271441;7.095054;8.942591;8.882762;7.049989;5.385453;5.107110;8.959281;5.298676;4.973695;8.259598;7.193747;6.073323;6.125625;6.559957;7.317342;9.015202;7.273578;7.082832;5.212878;7.957163;7.406727;8.777318;3.680861;4.296520;7.062990;8.448880;5.889869;6.863677;7.157164;8.843359;8.217039;9.395390;7.092678;3.267442;7.627365;4.600869;8.046354;3.809587;7.447557;8.715143;7.520190;5.080956;6.041991;5.961085;9.288108;8.614523;7.025165;3.654061
1.540000;-3.531367;3.190219;3.475990;3.512112;2.971257;3.329672;1.866826;3.092296;4.106629;1.557438;5.318183;1.692993;3.249633;2.328452;3.618010;4.019576;2.302928;1.851041;2.931581;3.761167;5.328735;2.784166;3.807682;4.110132;1.647480;3.878647;3.441241;2.636150;3.479067;2.948605;4.814400;2.960532;4.496452;4.882840;4.786674;1.931641;2.950560;1.326472;3.533665;5.622215;4.907201;1.502586;5.118330;1.906489;4.985888;3.257603;4.027977;4.393930;5.573866;3.648884;2.738834;5.357774;2.698866;1.799250;3.092359;3.348372;3.855445;4.582790;1.849881;5.089443;1.350645;2.669743;1.667863;2.608102;4.116894;4.777419;3.442164;4.061535;3.183387;4.764248;5.105431;3.744511;4.238601;3.216994;2.094875;4.510489;2.131023;1.542448;1.571919;5.014423;1.842728;2.443715;4.160514;4.810587;1.492942;4.089919;2.748925;2.215054;4.324158;4.714391;4.863986;3.131654;4.747316;1.503645;3.602308;3.946275;1.609431;5.496608;5.991372;4.179115;3.831027;3.408517;2.997440;2.133795;2.531604;4.002607;3.417041;4.745652;3.880344;4.158933;2.646994;3.391727;2.601532;5.450451;3.569105;5.652990;6.173892;6.079896;9.296064;5.595514;4.549103;9.084292;5.167283;4.718159;4.882175;7.536893;6.501459;7.169536;7.055595;8.883757;8.829353;7.032951;5.358713;5.051757;8.894292;5.298679;4.211665;8.195740;7.126351;6.057142;5.992664;6.505806;7.143573;8.994817;7.273582;7.079295;5.202918;7.894260;7.370869;8.786111;3.728100;4.245903;7.040973;8.422318;5.868214;6.665520;7.139748;8.831309;8.054665;9.356580;7.051193;3.267442;7.628376;4.470897;8.036780;3.780002;7.373783;8.630079;7.452252;5.068978;5.919713;5.908865;9.209244;8.537764;7.020427;3.654060
1.540000;-5.404563;2.879060;3.501606;3.533530;2.991110;3.368712;1.990425;3.179105;4.118141;1.579824;5.333612;1.711458;3.282825;2.330919;3.621682;4.072180;2.621968;1.884637;2.946443;3.805072;5.353391;2.814668;3.815751;4.131185;1.676928;3.985412;3.467963;2.701808;3.511225;2.971096;4.814399;3.009398;4.511663;4.895378;4.793926;1.912267;2.980327;1.338588;3.576440;5.692007;4.933351;1.510284;5.129490;1.920674;5.029656;3.269186;4.033839;4.406468;5.611482;3.658867;2.763905;5.395941;2.711397;1.814584;3.123863;3.377516;3.880249;5.619588;1.869384;5.118505;1.361615;2.709539;1.698843;2.596736;4.136919;4.807463;3.459446;4.103051;3.193118;4.821405;5.131347;3.798409;4.298524;3.257228;2.114799;4.556357;2.156399;1.730614;1.579151;5.050297;1.862459;2.449177;4.166471;4.826570;1.501574;4.130605;2.766205;1.693952;4.479719;4.783453;4.893220;3.169283;4.753761;1.475836;3.613328;3.963537;1.626822;5.560037;6.050015;4.185778;3.873813;3.374803;3.021733;2.159873;2.548832;4.024325;3.447109;4.758687;3.885202;4.195437;2.646994;3.415917;2.622801;5.477070;3.629850;6.883594;6.190740;6.082686;9.310298;5.597680;4.558242;9.115111;5.202781;4.726656;4.887486;7.450871;6.531948;7.253268;7.088306;8.931672;8.872790;7.046661;5.360691;5.096797;8.947297;5.298676;4.347770;8.340680;7.129377;6.070160;6.102498;6.549854;7.288007;9.011240;7.273582;7.082128;5.210914;7.945537;7.399896;8.734760;3.739519;4.287042;7.058721;8.443759;5.885667;6.830759;7.153765;8.840989;8.189405;9.388024;7.084834;3.267442;7.485221;4.578217;8.044463;3.803908;7.434066;8.699747;7.507696;5.078601;6.020545;5.951324;9.273756;8.600526;7.024222;3.654060
1.540000;-5.417506;2.880686;3.491342;3.524967;2.983179;3.352964;1.819686;3.143544;4.113566;1.570870;5.327466;1.704087;3.269469;2.331047;3.617010;4.050848;2.621968;1.871117;2.940525;3.787330;5.343513;2.802413;3.812551;4.122768;1.665099;4.224434;3.457244;2.675070;3.498293;2.962100;4.814400;2.989612;4.505602;4.890391;4.791054;2.245107;2.968373;1.333773;3.559163;5.663543;4.922870;1.507232;5.125056;1.915027;5.011969;3.264582;4.031519;4.401483;5.596321;3.654904;2.753862;5.380553;2.706414;1.808475;3.111198;3.365817;3.885684;4.681098;1.861595;5.106839;1.449409;2.693482;1.686395;2.591771;4.128918;4.795393;3.452549;4.086290;3.189255;4.752738;5.120960;3.798409;4.274166;3.240994;2.106839;4.537807;2.146230;1.577671;1.576286;5.035851;1.854577;2.450320;4.164113;4.820201;1.498150;4.114185;2.759311;1.750792;4.377926;4.755301;4.881483;3.154118;4.751209;1.475836;3.608950;3.956652;1.619884;5.534223;6.026188;4.183139;3.856528;3.393130;3.012004;2.149420;2.541962;4.015640;3.435033;4.753502;3.883281;4.180732;2.646994;3.406232;2.614297;5.466397;3.605153;5.141582;6.184024;6.079973;9.304632;5.596825;4.554616;9.102733;5.188486;4.723287;5.029062;7.450325;6.491729;7.218995;7.162414;8.912282;8.855245;7.041205;5.418458;5.078589;8.925807;5.298678;5.119647;8.429116;7.106869;6.064982;6.057275;6.532053;7.228165;9.004694;7.273585;7.081010;5.207744;7.924759;7.388246;8.733336;3.729447;4.270437;7.051641;8.435186;5.878707;6.762086;7.148187;8.837147;8.133676;9.375389;7.071299;3.267441;7.651093;4.534056;8.041418;3.794339;7.409561;8.671344;7.485197;5.074781;5.979111;5.934179;9.247491;8.574989;7.022723;3.654060
1.540000;-5.672348;2.902009;3.489438;3.523307;2.981615;3.350415;1.861794;3.139660;4.112574;1.569151;5.326191;1.702612;3.267183;2.692812;3.656394;4.047803;2.319215;1.868808;2.939291;3.784587;5.341665;2.800255;3.811829;4.121130;1.662997;4.179824;3.455285;2.671648;3.496055;2.960374;4.814400;2.986686;4.504344;4.889326;4.790399;2.007757;2.966250;1.332735;3.556463;5.660024;4.920938;1.506541;5.124091;1.913841;5.009232;3.263586;4.030981;4.400415;5.593833;3.654029;2.751990;5.378041;2.705346;1.807208;3.108991;3.363727;4.078651;4.591096;1.860053;5.104752;1.352151;2.690902;1.684212;2.625407;4.127344;4.793262;3.451154;4.083641;3.188400;4.741528;5.119040;3.798409;4.270894;3.238395;2.105270;4.534991;2.144339;1.676410;1.575632;5.033435;1.853021;2.461989;4.163567;4.818887;1.497383;4.111562;2.757911;1.705665;4.336792;4.751794;4.879389;3.151626;4.750621;2.742892;3.607996;3.955255;1.618479;5.530859;6.022957;4.182532;3.853829;3.372313;3.010176;2.147490;2.540566;4.013961;3.432894;4.752397;3.882830;4.178298;2.646994;3.404409;2.612647;5.464440;3.601861;4.961096;6.182652;6.091124;9.303440;5.596618;4.553808;9.100555;5.186091;4.722530;4.884271;7.512135;6.502279;7.215169;7.082661;8.909395;8.852518;7.040051;5.376538;5.075801;8.922742;5.298678;4.210263;8.194757;7.101383;6.063880;6.053018;6.529303;7.223466;9.003352;7.273582;7.080741;5.207027;7.921752;7.386163;8.735699;3.720085;4.267800;7.050212;8.433529;5.877299;6.757152;7.147011;8.836296;8.129086;9.373183;7.068991;3.267441;7.497579;4.529835;8.040729;3.792531;7.406281;8.667825;7.482060;5.073934;5.974986;5.931488;9.244102;8.571644;7.022366;3.654061
1.540000;-3.979924;3.057167;3.504061;3.535669;2.993122;3.371992;1.822710;3.183720;4.119410;1.582040;5.335248;1.713356;3.285776;2.385567;3.691393;4.076066;2.360977;1.887604;2.948028;3.808595;5.355775;2.817454;3.816674;4.133293;1.679641;3.864643;3.470493;2.706091;3.514118;2.973318;4.814400;3.013137;4.513277;4.896746;4.794764;2.228684;2.983064;1.339917;3.579910;5.696382;4.935843;1.511167;5.130726;1.922198;5.033171;3.270463;4.034524;4.407836;5.614689;3.659986;2.766320;5.399176;2.712764;1.816210;3.126709;3.380211;5.189759;4.589273;1.871369;5.121197;1.386717;2.712860;1.701659;2.596625;4.138945;4.810221;3.461246;4.106462;3.194210;4.741492;5.133821;3.798409;4.302659;3.260572;2.116818;4.559969;2.158838;1.714613;1.579986;5.053404;1.864462;2.690228;4.167167;4.828254;1.502555;4.133964;2.767999;2.165896;4.509512;4.787813;4.895923;3.172488;4.754508;2.374883;3.614550;3.965334;1.628629;5.564264;6.054104;4.186550;3.877280;3.373367;3.024089;2.162357;2.550626;4.026485;3.449867;4.760103;3.885776;4.198580;2.646994;3.418274;2.624926;5.479593;3.634002;6.990644;6.192502;6.108697;9.311824;5.597943;4.559274;9.117914;5.205868;4.727624;4.892512;7.564689;6.540506;7.257861;7.045227;8.935371;8.876294;7.048141;5.385687;5.100371;8.951193;5.298677;4.596557;8.226768;7.103306;6.071575;6.107139;6.553384;7.292172;9.012964;7.273585;7.082469;5.211827;7.949370;7.402585;8.740526;3.695604;4.290431;7.060559;8.445902;5.887481;6.834422;7.155270;8.842076;8.193765;9.390869;7.087810;3.267441;7.484312;4.582863;8.045343;3.806238;7.438204;8.704138;7.511678;5.079682;6.025216;5.954778;9.278009;8.604734;7.024676;3.654060
1.540000;-3.410451;3.247420;3.480399;3.515696;2.974542;3.336920;1.848784;3.111361;4.108410;1.561208;5.320649;1.696018;3.255609;2.328447;3.623283;4.029949;2.565486;1.857099;2.933947;3.769513;5.332949;2.789572;3.808889;4.113646;1.652671;3.894963;3.445871;2.649723;3.484823;2.952397;4.814400;2.970025;4.498880;4.884796;4.787752;1.939513;2.955816;1.328357;3.541753;5.636828;4.911717;1.503734;5.120049;1.908734;4.994197;3.259396;4.028836;4.395887;5.580801;3.650407;2.743135;5.364830;2.700822;1.801700;3.097979;3.353501;3.933045;4.599531;1.853099;5.094553;1.381348;2.677157;1.673373;2.601208;4.120210;4.782732;3.444967;4.069338;3.184867;4.753684;5.109901;3.798409;4.250745;3.224509;2.098173;4.519284;2.135384;1.691575;1.572991;5.020976;1.845989;2.443884;4.161387;4.813153;1.494242;4.097534;2.751728;1.778952;4.312255;4.728826;4.869132;3.138593;4.748265;1.475836;3.604003;3.949077;1.612256;5.509618;6.003207;4.180099;3.839115;3.535253;3.001586;2.138296;2.534399;4.006249;3.422360;4.747694;3.881048;4.165629;2.646994;3.395849;2.605086;5.455063;3.581460;5.000225;6.176618;6.080232;9.298319;5.595819;4.550488;9.089768;5.173757;4.719437;4.882442;7.450315;6.508204;7.187785;7.129901;8.893039;8.837595;7.035113;5.472457;5.060363;8.904757;5.298678;4.557989;8.216159;7.116362;6.059182;6.018052;6.514184;7.178919;8.997464;7.273585;7.079699;5.204113;7.904317;7.375976;8.763262;3.699592;4.253623;7.043864;8.425908;5.871051;6.707062;7.141965;8.832781;8.087175;9.362187;7.057271;3.267442;7.680717;4.495585;8.037928;3.784073;7.386021;8.644677;7.463311;5.070441;5.942598;5.916883;9.222534;8.550614;7.020970;3.654062
1.540000;-5.095595;2.876673;3.501697;3.533715;2.991320;3.368272;2.015204;3.174704;4.118391;1.579992;5.333868;1.711687;3.282649;2.330898;3.645438;4.070897;2.362415;1.884446;2.946699;3.804361;5.353505;2.814603;3.815967;4.131376;1.676898;3.944240;3.468022;2.699484;3.511101;2.971261;4.814400;3.008377;4.511917;4.895632;4.794130;2.057612;2.980287;1.338843;3.575796;5.689309;4.933428;1.510495;5.129740;1.920931;5.028951;3.269438;4.034015;4.406724;5.611112;3.659106;2.764011;5.395544;2.711650;1.814837;3.123759;3.377500;4.588059;4.586180;1.869601;5.118493;1.403617;2.709056;1.698762;2.662750;4.137127;4.807420;3.459689;4.102477;3.193355;4.741457;5.131430;3.798409;4.296682;3.256724;2.115010;4.555527;2.156498;1.805008;1.579355;5.050011;1.862672;2.444013;4.166649;4.826820;1.501797;4.130073;2.766443;1.724379;4.487877;4.780823;4.893200;3.168911;4.753949;1.949561;3.613577;3.963778;1.627059;5.557909;6.048278;4.185971;3.873165;3.399976;3.021857;2.159951;2.549075;4.024505;3.447060;4.758943;3.885355;4.195120;2.646994;3.416052;2.622988;5.477133;3.627943;5.336435;6.190984;6.082351;9.310555;5.597756;4.558472;9.115034;5.202508;4.726879;4.928730;7.477395;6.505285;7.249190;7.045111;8.930709;8.872104;7.046919;5.366508;5.096017;8.945974;5.298676;4.214597;8.194924;7.117874;6.070416;6.095418;6.549134;7.276327;9.011487;7.273589;7.082227;5.211129;7.944345;7.399885;8.788202;3.695333;4.286488;7.058959;8.443945;5.885910;6.816083;7.154022;8.841224;8.179070;9.387920;7.084638;3.267442;7.503906;4.571442;8.044674;3.804040;7.432191;8.697062;7.506204;5.078836;6.014553;5.950697;9.271530;8.598448;7.024349;3.654060
1.540000;-4.489574;2.937180;3.502000;3.533932;2.991507;3.368923;1.819206;3.177131;4.118455;1.580229;5.333982;1.711848;3.283139;2.410771;3.633946;4.071994;2.567735;1.884945;2.946804;3.805165;5.353789;2.815020;3.815997;4.131584;1.677292;3.864389;3.468347;2.701062;3.511559;2.971499;4.814400;3.009343;4.512028;4.895709;4.794155;1.913040;2.980688;1.338913;3.576564;5.691047;4.933742;1.510523;5.129800;1.921028;5.029752;3.269500;4.034029;4.406800;5.611725;3.659154;2.764300;5.396173;2.711727;1.814950;3.124201;3.377886;3.826732;4.637165;1.869782;5.118876;1.349795;2.709734;1.699194;2.581038;4.137315;4.807823;3.459829;4.103211;3.193400;4.743900;5.131739;3.798409;4.298046;3.257416;2.115197;4.556396;2.156792;1.536595;1.579379;5.050569;1.862855;2.493536;4.166665;4.826942;1.501833;4.130774;2.766586;1.721069;4.375000;4.782536;4.893589;3.169525;4.753967;1.475836;3.613635;3.963921;1.627204;5.559394;6.049591;4.185990;3.873933;3.415904;3.022131;2.160260;2.549217;4.024726;3.447470;4.759026;3.885365;4.195695;2.646994;3.416321;2.623201;5.477458;3.629337;4.964365;6.191121;6.120512;9.310653;5.597759;4.558512;9.115459;5.203063;4.726914;4.898706;7.487560;6.493543;7.251498;7.182751;8.931644;8.872900;7.047009;5.368929;5.096859;8.947094;5.298678;4.238012;8.296138;7.170454;6.070497;6.098814;6.549943;7.281147;9.011616;7.273589;7.082230;5.211158;7.945402;7.400268;8.740632;3.683383;4.287207;7.059108;8.444166;5.886053;6.821719;7.154115;8.841269;8.183505;9.388369;7.085143;3.267442;7.538337;4.574734;8.044700;3.804308;7.433571;8.698803;7.507406;5.078879;6.017577;5.951457;9.273067;8.599920;7.024354;3.654061
1.540000;-6.252034;3.007369;3.490313;3.524112;2.982388;3.351373;1.851588;3.139924;4.113115;1.569976;5.326855;1.703355;3.268124;2.341953;3.637976;4.048687;2.571887;1.869757;2.939939;3.785534;5.342523;2.801180;3.812239;4.121930;1.663913;3.976034;3.456172;2.672351;3.496991;2.961201;4.814400;2.987606;4.505002;4.889900;4.790771;2.687390;2.967171;1.333297;3.557414;5.660651;4.921818;1.506935;5.124621;1.914469;5.010177;3.264128;4.031292;4.400990;5.594788;3.654515;2.752856;5.379000;2.705922;1.807869;3.109927;3.364642;3.969913;4.578640;1.860818;5.105666;1.594090;2.691859;1.685141;2.582390;4.128120;4.794183;3.451867;4.084596;3.188876;4.779763;5.119918;3.759572;4.271691;3.239352;2.106046;4.535929;2.145215;1.550746;1.576005;5.034388;1.853793;2.785577;4.163883;4.819569;1.497814;4.112522;2.758625;2.127093;4.374837;4.752438;4.880303;3.152584;4.750960;1.475836;3.608520;3.955968;1.619197;5.531599;6.023768;4.182882;3.854780;3.371908;3.011029;2.148371;2.541280;4.014773;3.433818;4.752989;3.883094;4.179247;2.646994;3.405261;2.613448;5.465325;3.602645;5.118739;6.183356;6.090662;9.304070;5.596743;4.554261;9.101483;5.187045;4.722958;4.928733;7.689305;6.559108;7.215508;7.070982;8.910321;8.853463;7.040667;5.358465;5.076745;8.923616;5.298677;4.256249;8.194652;7.221027;6.064471;6.052673;6.530249;7.222075;9.004043;7.273585;7.080902;5.207434;7.922649;7.387073;8.905237;3.679770;4.268757;7.050938;8.434334;5.878016;6.755102;7.147634;8.836770;8.127999;9.374114;7.069938;3.267442;7.685366;4.529560;8.041120;3.793378;7.407069;8.668460;7.482910;5.074406;5.974896;5.932443;9.244826;8.572395;7.022577;3.654061
1.540000;-4.958760;2.881681;3.493083;3.526436;2.984545;3.355545;1.828103;3.148651;4.114372;1.572399;5.328539;1.705362;3.271693;2.329165;3.715914;4.054211;2.547769;1.873361;2.941559;3.790193;5.345194;2.804460;3.813122;4.124213;1.667088;3.865294;3.459058;2.679138;3.500453;2.963638;4.814399;2.992759;4.506662;4.891268;4.791566;2.002199;2.970377;1.334621;3.561959;5.667827;4.924645;1.507777;5.125839;1.916016;5.014825;3.265393;4.031934;4.402359;5.598813;3.655606;2.755567;5.383074;2.707288;1.809540;3.113315;3.367782;4.201263;4.692220;1.862939;5.108799;1.358547;2.696102;1.688476;2.602533;4.130295;4.797422;3.453749;4.089016;3.189940;4.768252;5.122720;3.798409;4.277927;3.243641;2.108212;4.540784;2.147959;1.545250;1.576797;5.038232;1.855937;2.448370;4.164535;4.821310;1.498759;4.116855;2.760509;1.686265;4.311550;4.759540;4.883455;3.156607;4.751665;1.891835;3.609722;3.957846;1.621089;5.538179;6.029882;4.183611;3.859328;3.375323;3.013660;2.151189;2.543154;4.017129;3.437057;4.754412;3.883626;4.183157;2.646994;3.407883;2.615757;5.468203;3.608958;4.966100;6.185188;6.081824;9.305623;5.596980;4.555260;9.104799;5.190846;4.723885;4.883665;7.495991;6.817321;7.223954;7.109145;8.915382;8.858075;7.042161;5.382040;5.081519;8.929175;5.298678;4.248422;8.251999;7.114722;6.065890;6.063370;6.534923;7.235511;9.005833;7.273582;7.081211;5.208307;7.928042;7.390203;8.795152;3.719441;4.273137;7.052868;8.436656;5.879915;6.770053;7.149164;8.837828;8.140692;9.377495;7.073544;3.267442;7.557623;4.540043;8.041961;3.795969;7.413339;8.675616;7.488713;5.075457;5.984831;5.936954;9.251497;8.578902;7.022993;3.654061
1.540000;-5.179873;2.874944;3.477999;3.513723;2.972726;3.333091;1.845766;3.102141;4.107402;1.559138;5.319270;1.694340;3.252407;2.330151;3.635849;4.024623;2.621968;1.853863;2.932621;3.765151;5.330647;2.786657;3.808198;4.111707;1.649868;3.864366;3.443353;2.642923;3.481734;2.950315;4.814400;2.965116;4.497520;4.883691;4.787134;2.005133;2.952982;1.327292;3.537517;5.629564;4.909261;1.503076;5.119076;1.907473;4.989854;3.258381;4.028341;4.394783;5.577128;3.649542;2.740790;5.361097;2.699719;1.800328;3.094961;3.350731;3.953017;4.584074;1.851319;5.091792;1.440857;2.673249;1.670411;2.624470;4.118377;4.779868;3.443405;4.065238;3.184025;4.806261;5.107467;3.763818;4.244594;3.220552;2.096351;4.514708;2.133009;1.639725;1.572376;5.017492;1.844185;2.480764;4.160884;4.811721;1.493499;4.093527;2.750167;1.752425;4.349033;4.721638;4.866354;3.134917;4.747719;1.586407;3.603042;3.947517;1.610686;5.503073;5.997202;4.179534;3.834876;3.448660;2.999320;2.135846;2.532843;4.004245;3.419493;4.746544;3.880642;4.162074;2.646994;3.393596;2.603131;5.452556;3.575215;5.895495;6.175097;6.081792;9.297053;5.595642;4.549698;9.086823;5.170313;4.718707;4.881962;7.462573;6.488977;7.178923;7.070389;8.888233;8.833288;7.033898;5.358645;5.055879;8.899395;5.298676;4.214012;8.454668;7.194946;6.058036;6.006189;6.509808;7.163126;8.995988;7.273589;7.079464;5.203430;7.899149;7.373220;8.779178;3.680345;4.249565;7.042257;8.423933;5.869475;6.688946;7.140719;8.831944;8.072480;9.359176;7.054025;3.267441;7.488397;4.484007;8.037270;3.781847;7.379831;8.637420;7.457667;5.069607;5.931763;5.912683;9.215862;8.544143;7.020656;3.654061
1.540000;-5.821233;2.914384;3.521404;3.550350;3.006795;3.397520;1.821046;3.235715;4.127559;1.597337;5.346029;1.726127;3.307792;2.350007;3.620634;4.109460;2.267313;1.909873;2.958430;3.836985;5.372513;2.837832;3.822457;4.147738;1.699367;3.872680;3.488529;2.746758;3.535506;2.988685;4.814400;3.044394;4.523910;4.905592;4.799979;2.050165;3.002987;1.348475;3.607640;5.739300;4.953522;1.516694;5.138638;1.932147;5.061481;3.278659;4.038761;4.416682;5.639371;3.667092;2.783321;5.424186;2.721603;1.826926;3.147696;3.399754;3.855502;4.610690;1.884817;5.140689;1.373611;2.738838;1.722330;2.611377;4.152730;4.830313;3.473245;4.133452;3.201144;4.757368;5.151354;3.798409;4.340153;3.286809;2.130538;4.589500;2.176028;1.531379;1.585188;5.077037;1.878057;2.467608;4.171472;4.839396;1.508729;4.160462;2.779996;1.694213;4.405168;4.830337;4.915518;3.197179;4.759158;1.506365;3.622367;3.977319;1.640697;5.603711;6.090894;4.191353;3.905017;3.394526;3.040601;2.179992;2.562592;4.041358;3.469981;4.769283;3.889301;4.222592;2.646994;3.434720;2.639509;5.497565;3.671960;5.673144;6.204218;6.095133;9.321808;5.599531;4.565798;9.138486;5.229281;4.733706;4.884669;7.455969;6.711857;7.308240;7.045456;8.966084;8.904408;7.057774;5.361122;5.129423;8.984798;5.298676;4.795844;8.205819;7.107997;6.080744;6.170990;6.581857;7.373180;9.024400;7.273593;7.084542;5.217562;7.982006;7.422053;8.752524;3.748742;4.317200;7.072863;8.460594;5.899598;6.925470;7.165108;8.848972;8.270022;9.411825;7.110102;3.267442;7.490286;4.645438;8.050859;3.822504;7.475906;8.746974;7.546677;5.086540;6.084486;5.982323;9.318049;8.643807;7.027442;3.654060
1.540000;-4.027112;3.023990;3.466626;3.504167;2.963852;3.315978;1.822764;3.064983;4.102196;1.549163;5.312329;1.686070;3.237785;2.328562;3.636856;4.001779;2.281129;1.839064;2.925933;3.745976;5.319689;2.773184;3.804527;4.102313;1.636853;3.899134;3.431499;2.614603;3.467550;2.940295;4.814400;2.943840;4.490679;4.878029;4.783829;2.047765;2.939824;1.321818;3.518820;5.599508;4.897658;1.499572;5.114024;1.901083;4.970740;3.253144;4.025665;4.389121;5.560621;3.645014;2.729652;5.344354;2.694061;1.793432;3.081061;3.337841;3.837746;4.982119;1.842596;5.078936;1.349303;2.655816;1.656731;2.588886;4.109428;4.766595;3.435653;4.047078;3.179610;4.780215;5.095966;3.677104;4.218680;3.202931;2.087445;4.494704;2.121737;1.531013;1.569080;5.001722;1.835362;2.706638;4.158165;4.804540;1.489576;4.075725;2.742420;1.701156;4.428258;4.691895;4.853425;3.118403;4.744778;2.119092;3.598053;3.939775;1.602889;5.475684;5.971820;4.176496;3.816179;3.378761;2.988517;2.124273;2.525114;3.994560;3.406206;4.740661;3.878418;4.146047;2.646994;3.382837;2.593642;5.440753;3.548953;5.080873;6.167535;6.095967;9.290643;5.594646;4.545548;9.073217;5.154706;4.714845;4.906107;7.552376;6.493454;7.143039;7.078468;8.867365;8.814307;7.027716;5.358965;5.036223;8.876387;5.298676;4.516115;8.204741;7.271490;6.052158;5.959403;6.490571;7.101820;8.988611;7.273585;7.078163;5.199791;7.876859;7.360380;8.813244;3.719898;4.231562;7.034301;8.414365;5.861646;6.618845;7.134402;8.827554;8.015250;9.345297;7.039207;3.267442;7.524292;4.438272;8.033774;3.771212;7.353762;8.607415;7.433632;5.065242;5.888750;5.894120;9.188020;8.517035;7.018916;3.654058
1.540000;-2.760377;3.572653;3.486525;3.520914;2.979413;3.345769;1.819798;3.128374;4.111353;1.566638;5.324518;1.700577;3.263305;2.351482;3.797164;4.041328;2.621968;1.864876;2.937682;3.779292;5.338874;2.796717;3.810991;4.118783;1.659599;3.866210;3.452227;2.663361;3.492309;2.957850;4.814399;2.980723;4.502697;4.887986;4.789649;1.960021;2.962812;1.331446;3.551319;5.651157;4.917957;1.505743;5.122908;1.912312;5.003954;3.262355;4.030382;4.399076;5.589374;3.652980;2.749145;5.373510;2.704010;1.805545;3.105328;3.360368;3.826856;4.683703;1.857893;5.101403;1.408187;2.686156;1.680618;2.707880;4.125119;4.789786;3.449258;4.078665;3.187378;4.742308;5.116089;3.798409;4.263410;3.233590;2.103060;4.529432;2.141459;1.901877;1.574885;5.029207;1.850833;2.461454;4.162956;4.817149;1.496483;4.106702;2.756016;1.691692;4.315296;4.743030;4.876018;3.147167;4.749959;1.475836;3.606828;3.953364;1.616572;5.522884;6.015647;4.181846;3.848683;3.444682;3.007426;2.144521;2.538679;4.011533;3.429419;4.751001;3.882337;4.173980;2.646994;3.401674;2.610273;5.461401;3.594263;6.421688;6.180809;6.091403;9.301908;5.596403;4.552852;9.096984;5.181911;4.721642;4.885222;7.451694;6.521589;7.204327;7.331189;8.903561;8.847285;7.038579;5.381220;5.070354;8.916207;5.298676;4.236934;8.232680;7.099150;6.062482;6.038401;6.523989;7.203746;9.001562;7.273585;7.080457;5.206198;7.915462;7.382819;8.736109;3.714222;4.262876;7.048263;8.431131;5.875382;6.734309;7.145500;8.835280;8.110808;9.369528;7.065053;3.267442;7.509679;4.515580;8.039933;3.789830;7.398747;8.658978;7.475195;5.072924;5.961680;5.926391;9.235978;8.563762;7.021984;3.654061
1.540000;-5.817492;2.921219;3.487309;3.521611;2.980076;3.346725;1.827157;3.129197;4.111787;1.567359;5.325068;1.701207;3.264201;2.333413;3.644404;4.042342;2.621968;1.865776;2.938217;3.780282;5.339637;2.797578;3.811310;4.119473;1.660447;4.082837;3.453030;2.664347;3.493190;2.958571;4.814400;2.981730;4.503241;4.888450;4.789939;2.037959;2.963662;1.331897;3.552303;5.652118;4.918750;1.506050;5.123333;1.912827;5.004941;3.262792;4.030621;4.399543;5.590322;3.653366;2.749917;5.374461;2.704475;1.806093;3.106209;3.361209;3.932112;5.071067;1.858547;5.102244;1.367824;2.687118;1.681487;2.579354;4.125786;4.790643;3.449861;4.079642;3.187755;4.791749;5.116877;3.798409;4.264418;3.234557;2.103726;4.530430;2.142237;1.976920;1.575174;5.030136;1.851494;2.623608;4.163200;4.817714;1.496822;4.107671;2.756621;1.707367;4.313977;4.743998;4.876860;3.148111;4.750219;1.796360;3.607248;3.953963;1.617177;5.523880;6.016658;4.182117;3.849666;3.381617;3.008185;2.145309;2.539277;4.012237;3.430273;4.751482;3.882538;4.174914;2.646994;3.402429;2.610967;5.462201;3.595268;5.559008;6.181399;6.117537;9.302424;5.596496;4.553209;9.097849;5.182835;4.721978;4.894792;7.557369;6.495377;7.205176;7.147507;8.904565;8.848274;7.039080;5.368421;5.071349;8.917219;5.298676;5.135680;8.197118;7.104646;6.062966;6.038951;6.524981;7.203853;9.002137;7.273593;7.080578;5.206515;7.916470;7.383657;8.757887;3.682785;4.263850;7.048874;8.431828;5.875987;6.734197;7.146012;8.835655;8.111036;9.370402;7.065955;3.267442;7.488384;4.516160;8.040238;3.790580;7.399749;8.659939;7.476205;5.073298;5.962341;5.927368;9.236962;8.564762;7.022144;3.654060
1.540000;-3.559783;3.193189;3.487037;3.521227;2.979662;3.347125;1.819281;3.134391;4.111355;1.566998;5.324613;1.700774;3.264251;2.373126;3.614870;4.043778;2.621968;1.865855;2.937762;3.781011;5.339335;2.797505;3.810946;4.119081;1.660321;3.870549;3.452799;2.667060;3.493196;2.958211;4.814400;2.982851;4.502785;4.888007;4.789598;1.902403;2.963551;1.331457;3.552951;5.655283;4.918498;1.505695;5.122904;1.912373;5.005663;3.262359;4.030326;4.399097;5.590625;3.652956;2.749628;5.374798;2.704032;1.805638;3.106176;3.361071;3.994251;5.316496;1.858128;5.102103;1.349727;2.687562;1.681430;2.649473;4.125377;4.790539;3.449412;4.080203;3.187351;4.745771;5.116617;3.798409;4.266541;3.235031;2.103313;4.531307;2.141959;1.958427;1.574833;5.030333;1.851077;2.479841;4.162900;4.817261;1.496442;4.108170;2.756175;1.718802;4.327609;4.747077;4.876726;3.148417;4.749904;1.509097;3.606822;3.953518;1.616733;5.526359;6.018655;4.181793;3.850315;3.414549;3.007873;2.145054;2.538832;4.011858;3.430176;4.751034;3.882281;4.175154;2.646994;3.402114;2.610580;5.461966;3.597472;5.655786;6.180951;6.088238;9.301972;5.596365;4.552817;9.097785;5.183013;4.721604;4.885863;7.481211;6.491676;7.209983;7.047340;8.905601;8.848968;7.038629;5.372446;5.072165;8.918691;5.298678;4.303985;8.219777;7.265985;6.062518;6.047275;6.525721;7.217438;9.001685;7.273597;7.080413;5.206151;7.917789;7.383514;8.735032;3.688869;4.264383;7.048433;8.431444;5.875542;6.751156;7.145558;8.835253;8.123097;9.370367;7.066031;3.267442;7.579353;4.524128;8.039884;3.790257;7.401909;8.663076;7.477897;5.072897;5.969398;5.927998;9.239557;8.567169;7.021933;3.654061
1.540000;-6.139894;2.982077;3.484889;3.519506;2.978096;3.343445;1.829324;3.124045;4.110541;1.565178;5.323461;1.699341;3.261272;2.441602;3.614709;4.038383;2.589032;1.862824;2.936659;3.776741;5.337285;2.794825;3.810406;4.117397;1.657759;3.884292;3.450533;2.659863;3.490328;2.956383;4.814400;2.977945;4.501654;4.887106;4.789119;1.930665;2.960954;1.330595;3.548821;5.647484;4.916291;1.505183;5.122120;1.911332;5.001410;3.261538;4.029949;4.398198;5.587122;3.652267;2.747535;5.371233;2.703132;1.804495;3.103380;3.358543;4.587196;4.686594;1.856596;5.099583;1.352243;2.683800;1.678697;2.728644;4.123794;4.787915;3.448093;4.076227;3.186683;4.763638;5.114435;3.798409;4.260151;3.231213;2.101739;4.526790;2.139833;1.529740;1.574357;5.027043;1.849522;2.637846;4.162517;4.816059;1.495861;4.104302;2.754852;1.881602;4.918851;4.739393;4.874187;3.144915;4.749485;1.475836;3.606049;3.952198;1.615400;5.519475;6.012444;4.181360;3.846183;3.398716;3.005860;2.142859;2.537516;4.010110;3.427544;4.750093;3.881974;4.171785;2.646994;3.400114;2.608875;5.459709;3.590967;4.962003;6.179669;6.104116;9.300925;5.596236;4.552197;9.095068;5.179764;4.721031;4.896205;7.482053;6.488323;7.200111;7.198196;8.900826;8.844759;7.037628;5.367597;5.067755;8.913244;5.298677;6.413747;8.213855;7.155480;6.061577;6.033245;6.521433;7.197490;9.000445;7.273593;7.080241;5.205618;7.912572;7.380998;8.733324;3.723630;4.260456;7.047069;8.429728;5.874203;6.727480;7.144533;8.834587;8.104845;9.367583;7.062999;3.267441;7.545519;4.510510;8.039374;3.788288;7.395472;8.655313;7.472128;5.072237;5.956839;5.923910;9.232523;8.560387;7.021698;3.654060
1.540000;-4.761969;2.899298;3.497945;3.530481;2.988288;3.363070;1.829441;3.166098;4.116516;1.576638;5.331428;1.708836;3.278049;2.396356;3.614917;4.064496;2.621968;1.879799;2.944340;3.798704;5.349871;2.810289;3.814615;4.128188;1.672705;3.865813;3.464144;2.692120;3.506609;2.967892;4.814399;3.002280;4.509509;4.893607;4.792907;1.930340;2.976058;1.336879;3.570243;5.681672;4.929615;1.509201;5.127916;1.918668;5.023304;3.267551;4.033015;4.404698;5.606053;3.657460;2.760326;5.390431;2.709626;1.812412;3.119339;3.373341;3.861950;4.646070;1.866613;5.114343;1.364650;2.703785;1.694398;2.622524;4.134071;4.803152;3.456995;4.097039;3.191746;4.744999;5.127644;3.798409;4.289720;3.251411;2.111967;4.549694;2.152776;1.535317;1.578134;5.045128;1.859653;2.461781;4.165633;4.824305;1.500358;4.124715;2.763749;1.734897;4.356217;4.773235;4.889030;3.163853;4.752854;1.475836;3.611773;3.961089;1.624354;5.550694;6.041409;4.184841;3.867610;3.372364;3.018267;2.156145;2.546389;4.021232;3.442798;4.756845;3.884520;4.190173;2.646994;3.412471;2.619773;5.473263;3.620924;5.541316;6.188351;6.118859;9.308283;5.597375;4.556954;9.110689;5.197669;4.725461;4.882074;7.468900;6.487649;7.240750;7.083676;8.924706;8.866491;7.044724;5.359769;5.090260;8.939546;5.298677;4.406662;8.217596;7.099137;6.068320;6.085800;6.543464;7.265649;9.008914;7.273585;7.081731;5.209788;7.938053;7.395739;8.733977;3.702878;4.281088;7.056203;8.440711;5.883194;6.804971;7.151783;8.839624;8.168646;9.383511;7.079992;3.267441;7.494374;4.561926;8.043382;3.800498;7.425206;8.689437;7.499582;5.077245;6.005302;5.945174;9.264248;8.591286;7.023690;3.654060
1.540000;-2.635117;3.658515;3.496371;3.529172;2.987077;3.360620;1.834862;3.160302;4.115824;1.575265;5.330496;1.707713;3.275987;2.329523;3.639521;4.061127;2.621968;1.877707;2.943442;3.795925;5.348356;2.808400;3.814134;4.126902;1.670882;4.107318;3.462497;2.687843;3.504607;2.966515;4.814400;2.999168;4.508589;4.892852;4.792475;2.102031;2.974215;1.336150;3.567539;5.677105;4.928003;1.508743;5.127245;1.917811;5.020538;3.266855;4.032667;4.403944;5.603696;3.656863;2.758783;5.388035;2.708871;1.811485;3.117382;3.371537;4.255541;4.977443;1.865424;5.112545;1.376831;2.701283;1.692475;2.589616;4.132850;4.801289;3.455946;4.094427;3.191164;4.768491;5.126047;3.798409;4.285843;3.248877;2.110752;4.546783;2.151213;1.539626;1.577703;5.042884;1.858452;2.450060;4.165279;4.823338;1.499843;4.122153;2.762704;1.991312;4.421529;4.768720;4.887221;3.161492;4.752472;1.732317;3.611113;3.960042;1.623299;5.546576;6.037623;4.184444;3.864908;3.490786;3.016774;2.154539;2.545344;4.019906;3.440935;4.756060;3.884233;4.187888;2.646994;3.410984;2.618475;5.471624;3.616989;4.960525;6.187329;6.091636;9.307423;5.597248;4.556408;9.108775;5.195448;4.724952;4.882634;7.472085;6.491514;7.235168;7.161480;8.921649;8.863747;7.043897;5.375561;5.087402;8.936146;5.298676;4.245700;8.203192;7.185534;6.067536;6.078266;6.540676;7.255374;9.007918;7.273585;7.081563;5.209311;7.934770;7.393943;8.750437;3.699191;4.278494;7.055123;8.439402;5.882133;6.792943;7.150937;8.839044;8.159153;9.381556;7.077894;3.267441;7.498294;4.554577;8.042923;3.799031;7.421306;8.684871;7.496014;5.076668;5.998455;5.942490;9.260048;8.587212;7.023465;3.654061
1.540000;-2.663360;3.640969;3.496074;3.528919;2.986839;3.360195;1.880017;3.159494;4.115681;1.575001;5.330307;1.707492;3.275621;2.331905;3.621819;4.060591;2.445332;1.877334;2.943259;3.795460;5.348068;2.808056;3.814030;4.126653;1.670547;4.030243;3.462185;2.687204;3.504245;2.966250;4.814400;2.998662;4.508402;4.892696;4.792383;1.908351;2.973877;1.335999;3.567086;5.676427;4.927701;1.508644;5.127108;1.917637;5.020074;3.266711;4.032593;4.403787;5.603287;3.656736;2.758492;5.387620;2.708717;1.811298;3.117025;3.371206;3.939405;4.771110;1.865192;5.112214;1.354081;2.700854;1.692127;2.617073;4.132612;4.800954;3.455738;4.093983;3.191041;4.753707;5.125749;3.748250;4.285253;3.248444;2.110514;4.546303;2.150921;1.546259;1.577611;5.042489;1.858216;2.699255;4.165204;4.823143;1.499734;4.121717;2.762496;1.709209;4.392611;4.768052;4.886889;3.161083;4.752389;1.475835;3.610974;3.959832;1.623088;5.545951;6.037040;4.184360;3.864450;3.669204;3.016490;2.154237;2.545136;4.019649;3.440593;4.755899;3.884170;4.187490;2.646994;3.410701;2.618221;5.471315;3.616389;4.998989;6.187125;6.113532;9.307251;5.597220;4.556293;9.108430;5.195057;4.724844;4.884548;7.453847;6.620291;7.234398;7.061609;8.921155;8.863289;7.043728;5.360091;5.086933;8.935619;5.298678;4.900332;8.222687;7.151031;6.067378;6.077276;6.540214;7.254075;9.007717;7.273585;7.081527;5.209210;7.934250;7.393616;8.746341;3.689992;4.278056;7.054912;8.439144;5.881923;6.791443;7.150764;8.838923;8.157948;9.381205;7.077524;3.267442;7.528752;4.553623;8.042826;3.798753;7.420710;8.684212;7.495457;5.076547;5.997541;5.942045;9.259420;8.586595;7.023417;3.654061
1.540000;-5.228070;2.874945;3.506961;3.538152;2.995445;3.376138;1.967792;3.191699;4.120828;1.584616;5.337105;1.715534;3.289401;2.392543;3.614652;4.081366;2.401789;1.891265;2.949821;3.813166;5.358582;2.820820;3.817693;4.135740;1.682913;3.864793;3.473501;2.712439;3.517640;2.975909;4.814400;3.018127;4.515108;4.898282;4.795684;1.950266;2.986364;1.341405;3.584383;5.703043;4.938798;1.512143;5.132106;1.923917;5.037729;3.271889;4.035276;4.409371;5.618710;3.661230;2.769168;5.403245;2.714297;1.818054;3.130172;3.383455;4.631442;4.615109;1.873656;5.124431;1.477232;2.717072;1.705074;2.651608;4.141285;4.813544;3.463299;4.110824;3.195426;4.746037;5.136753;3.798409;4.308547;3.264825;2.119148;4.564707;2.161715;1.539538;1.580904;5.057271;1.866771;2.447819;4.167931;4.830168;1.503640;4.138261;2.770055;1.706569;4.644374;4.794429;4.899172;3.176511;4.755333;1.475836;3.615914;3.967385;1.630692;5.570436;6.059896;4.187400;3.881755;3.384305;3.026863;2.165304;2.552675;4.029000;3.453196;4.761694;3.886404;4.202500;2.646994;3.421031;2.627391;5.482595;3.639964;5.914125;6.194509;6.082426;9.313548;5.598229;4.560421;9.121316;5.209699;4.728694;4.910001;7.461625;6.535642;7.265604;7.130418;8.940289;8.880822;7.049807;5.371767;5.105039;8.956519;5.298678;4.764433;8.199889;7.100318;6.073164;6.116866;6.557968;7.304578;9.014928;7.273585;7.082842;5.212838;7.954562;7.405815;8.756079;3.889271;4.294761;7.062661;8.448386;5.889555;6.848504;7.156971;8.843284;8.205402;9.394327;7.091468;3.267441;7.547832;4.592399;8.046317;3.808968;7.444126;8.710791;7.517216;5.080883;6.034257;5.959226;9.284267;8.610854;7.025171;3.654060
1.540000;-6.153471;2.994023;3.463253;3.501282;2.961155;3.311177;1.845560;3.056248;4.100554;1.546165;5.310182;1.683544;3.233586;2.329727;3.626256;3.995703;2.328806;1.834825;2.923856;3.740701;5.316426;2.769270;3.803352;4.099473;1.633051;3.869791;3.428005;2.607429;3.463459;2.937284;4.814400;2.938107;4.488558;4.876252;4.782766;2.335217;2.935991;1.320097;3.513651;5.592014;4.894226;1.498448;5.112429;1.899092;4.965478;3.251493;4.024799;4.387344;5.555960;3.643579;2.726342;5.339640;2.692286;1.791294;3.077035;3.334075;4.391402;4.731537;1.839943;5.075177;1.365506;2.650937;1.652767;2.871316;4.106711;4.762740;3.433271;4.042030;3.178207;4.751271;5.092560;3.798409;4.211969;3.198010;2.084740;4.489240;2.118395;1.694808;1.568022;4.997244;1.832682;2.472286;4.157285;4.802320;1.488323;4.070757;2.740038;1.789364;4.311889;4.684452;4.849649;3.113745;4.743830;1.776405;3.596478;3.937397;1.600494;5.468688;5.965220;4.175516;3.811009;3.386688;2.985296;2.120851;2.522739;3.991641;3.402339;4.738820;3.877696;4.141503;2.646994;3.379627;2.590775;5.437268;3.542176;5.005488;6.165210;6.107763;9.288646;5.594318;4.544227;9.069274;5.150264;4.713611;4.882019;7.494877;6.486275;7.134522;7.186581;8.861717;8.809077;7.025786;5.380507;5.030838;8.870281;5.298676;4.258466;8.239768;7.265954;6.050316;5.949226;6.485281;7.089863;8.986336;7.273589;7.077736;5.198627;7.870903;7.356627;8.745448;3.712218;4.226553;7.031863;8.411482;5.859245;6.605997;7.132434;8.826159;8.003750;9.341285;7.034965;3.267442;7.513909;4.428253;8.032653;3.768038;7.347021;8.599929;7.427306;5.063854;5.879108;5.888983;9.180937;8.510095;7.018348;3.654062
1.540000;-6.196353;2.993567;3.490440;3.524228;2.982502;3.351528;1.876129;3.140142;4.113194;1.570092;5.326952;1.703461;3.268267;2.394505;3.620130;4.048856;2.584298;1.869898;2.940032;3.785692;5.342649;2.801316;3.812299;4.122044;1.664049;4.300683;3.456300;2.672537;3.497132;2.961318;4.814400;2.987771;4.505097;4.889983;4.790828;1.948598;2.967308;1.333379;3.557571;5.660841;4.921947;1.506992;5.124697;1.914560;5.010335;3.264207;4.031339;4.401073;5.594939;3.654586;2.752982;5.379149;2.706007;1.807966;3.110064;3.364776;3.958663;4.595892;1.860930;5.105802;1.436388;2.692014;1.685282;2.607972;4.128233;4.794319;3.451970;4.084753;3.188945;4.766085;5.120047;3.675216;4.271868;3.239507;2.106159;4.536090;2.145339;1.950185;1.576061;5.034537;1.853903;2.521770;4.163929;4.819665;1.497878;4.112677;2.758726;1.775662;4.369436;4.752629;4.880439;3.152735;4.751009;1.480041;3.608595;3.956071;1.619298;5.531775;6.023944;4.182933;3.854937;3.533391;3.011153;2.148495;2.541382;4.014891;3.433956;4.753076;3.883134;4.179391;2.646994;3.405387;2.613566;5.465457;3.602824;4.974897;6.183458;6.093745;9.304161;5.596761;4.554327;9.101624;5.187191;4.723019;4.915461;7.523307;6.484735;7.215724;7.089041;8.910487;8.853628;7.040755;5.362128;5.076905;8.923795;5.298677;4.235204;8.200832;7.197477;6.064558;6.052932;6.530410;7.222429;9.004144;7.273582;7.080925;5.207492;7.922817;7.387210;8.762969;3.758470;4.268913;7.051043;8.434452;5.878119;6.755528;7.147723;8.836840;8.128326;9.374255;7.070083;3.267442;7.486726;4.529823;8.041179;3.793502;7.407249;8.668650;7.483087;5.074475;5.975138;5.932598;9.245008;8.572577;7.022609;3.654060
1.540000;-3.362278;3.269370;3.493760;3.527056;2.985140;3.356303;1.819199;3.148975;4.114784;1.573038;5.329047;1.705934;3.272435;2.328285;4.126835;4.054943;2.354752;1.874103;2.942054;3.790954;5.345864;2.805186;3.813433;4.124829;1.667803;3.976238;3.459749;2.679758;3.501185;2.964275;4.814400;2.993511;4.507164;4.891708;4.791850;1.957610;2.971095;1.335049;3.562722;5.668402;4.925327;1.508077;5.126242;1.916495;5.015585;3.265809;4.032170;4.402799;5.599570;3.655976;2.756240;5.383835;2.707728;1.810047;3.114045;3.368494;4.001931;4.583704;1.863528;5.109510;1.350274;2.696866;1.689202;2.580038;4.130893;4.798141;3.454296;4.089776;3.190301;4.840190;5.123401;3.712783;4.278606;3.244401;2.108808;4.541543;2.148629;1.530162;1.577080;5.038986;1.856529;2.501698;4.164775;4.821831;1.499088;4.117620;2.761056;1.956420;4.311418;4.760123;4.884167;3.157364;4.751923;2.535231;3.610123;3.958394;1.621636;5.538820;6.030570;4.183877;3.860090;3.597761;3.014320;2.151873;2.543700;4.017754;3.437778;4.754864;3.883827;4.183911;2.646994;3.408546;2.616376;5.468891;3.609630;5.479518;6.185729;6.096784;9.306105;5.597074;4.555604;9.105524;5.191597;4.724211;4.881933;7.480990;6.684329;7.224325;7.166317;8.916128;8.858839;7.042630;5.370102;5.082275;8.929905;5.298678;4.238625;8.217348;7.133329;6.066342;6.063246;6.535685;7.234559;9.006362;7.273589;7.081332;5.208617;7.928778;7.390913;8.734490;3.756167;4.273900;7.053423;8.437279;5.880464;6.768543;7.149635;8.838188;8.139989;9.378225;7.074287;3.267441;7.485200;4.539974;8.042261;3.796622;7.414013;8.676183;7.489424;5.075817;5.984895;5.937717;9.252132;8.579555;7.023153;3.654061
1.540000;-4.751388;2.900236;3.499389;3.531854;2.989619;3.364429;1.962918;3.164674;4.117489;1.578029;5.332603;1.710126;3.279498;2.343433;3.627783;4.065379;2.621968;1.881245;2.945489;3.799928;5.351301;2.811755;3.815363;4.129553;1.674169;3.965602;3.465594;2.692277;3.508059;2.969287;4.814400;3.003326;4.510674;4.894639;4.793594;1.902838;2.977522;1.337888;3.571501;5.681563;4.931062;1.509922;5.128870;1.919784;5.024536;3.268529;4.033591;4.405729;5.607439;3.658341;2.761762;5.391805;2.710658;1.813583;3.120793;3.374805;4.019376;4.603518;1.867934;5.115805;1.349503;2.705124;1.695858;2.684732;4.135407;4.804616;3.458243;4.098335;3.192611;4.742321;5.129090;3.781074;4.290225;3.252738;2.113301;4.550853;2.154217;1.532102;1.578820;5.046541;1.860984;2.442720;4.166217;4.825503;1.501147;4.126030;2.765002;1.787389;4.954895;4.773170;4.890493;3.165236;4.753478;1.475836;3.612719;3.962336;1.625605;5.550993;6.041985;4.185483;3.868871;3.372030;3.019692;2.157593;2.547636;4.022611;3.444261;4.757903;3.885010;4.191578;2.646994;3.413896;2.621142;5.474716;3.621378;5.280497;6.189584;6.081128;9.309403;5.597610;4.557777;9.112153;5.199087;4.726239;4.889606;7.454996;6.580267;7.239578;7.224573;8.925779;8.867731;7.045816;5.374818;5.091445;8.940413;5.298676;4.409150;8.195643;7.141596;6.069379;6.082264;6.544684;7.258491;9.010126;7.273582;7.082033;5.210531;7.938993;7.397201;9.185542;3.748704;4.282393;7.057467;8.442078;5.884449;6.795477;7.152893;8.840485;8.162538;9.384969;7.081436;3.267442;7.519658;4.558628;8.044103;3.801919;7.425692;8.689327;7.500324;5.078100;6.002629;5.946445;9.264474;8.591624;7.024084;3.654061
1.540000;-4.622108;2.914336;3.493147;3.526518;2.984630;3.355500;1.954056;3.147967;4.114458;1.572480;5.328629;1.705451;3.271704;2.328918;3.614921;4.054022;2.538891;1.873370;2.941648;3.790104;5.345263;2.804497;3.813193;4.124297;1.667129;3.971039;3.459120;2.678768;3.500470;2.963717;4.814400;2.992616;4.506752;4.891355;4.791632;1.916216;2.970417;1.334707;3.561885;5.667396;4.924707;1.507847;5.125923;1.916106;5.014734;3.265480;4.031993;4.402446;5.598785;3.655687;2.755634;5.383046;2.707378;1.809632;3.113342;3.367826;3.937746;4.580420;1.863025;5.108843;1.349366;2.696061;1.688507;2.581257;4.130382;4.797457;3.453841;4.088950;3.190019;4.748266;5.122783;3.798409;4.277639;3.243590;2.108298;4.540676;2.148021;1.534979;1.576864;5.038224;1.856020;2.792128;4.164594;4.821400;1.498833;4.116801;2.760596;2.084842;4.348006;4.759126;4.883498;3.156582;4.751726;1.475836;3.609808;3.957938;1.621177;5.537836;6.029611;4.183674;3.859246;3.386585;3.013732;2.151252;2.543244;4.017209;3.437095;4.754500;3.883677;4.183134;2.646994;3.407951;2.615838;5.468263;3.608663;4.994603;6.185282;6.086237;9.305716;5.597005;4.555336;9.104831;5.190841;4.723959;4.884540;7.592741;6.541282;7.223320;7.142258;8.915247;8.857996;7.042251;5.358700;5.081417;8.928985;5.298676;4.279882;8.255630;7.102004;6.065981;6.062345;6.534835;7.234015;9.005920;7.273582;7.081243;5.208379;7.927875;7.390250;8.735758;3.735147;4.273077;7.052956;8.436741;5.880006;6.768345;7.149251;8.837907;8.139325;9.377523;7.073557;3.267442;7.536674;4.539057;8.042029;3.796042;7.413048;8.675197;7.488490;5.075537;5.983944;5.936886;9.251154;8.578578;7.023034;3.654060
1.540000;-5.906942;2.939806;3.473985;3.510322;2.969558;3.327201;1.834098;3.089961;4.105506;1.555596;5.316765;1.691379;3.247326;2.331751;3.614573;4.016909;2.621968;1.848720;2.930205;3.758600;5.326770;2.781949;3.806849;4.108363;1.645312;3.892982;3.439183;2.633494;3.476792;2.946758;4.814399;2.957895;4.495050;4.881634;4.785915;1.943218;2.948376;1.325301;3.531118;5.619588;4.905173;1.501786;5.117234;1.905163;4.983318;3.256473;4.027351;4.392725;5.571429;3.647886;2.736857;5.355325;2.697662;1.797839;3.090111;3.346216;4.118454;4.580648;1.848201;5.087288;1.378908;2.667255;1.665634;2.591142;4.115182;4.775227;3.440622;4.059011;3.182409;4.741401;5.103411;3.798409;4.235918;3.214498;2.093171;4.507892;2.129029;2.741142;1.571162;5.012033;1.841034;2.521413;4.159879;4.809134;1.492061;4.087409;2.747384;1.700552;4.311190;4.711766;4.861826;3.129220;4.746634;1.518746;3.601222;3.944735;1.607885;5.493931;5.988690;4.178412;3.828478;3.419438;2.995499;2.131768;2.530066;4.000800;3.414848;4.744408;3.879817;4.156534;2.646994;3.389789;2.599752;5.448402;3.566429;5.245142;6.172378;6.083931;9.294735;5.595269;4.548176;9.082073;5.164906;4.717288;4.881892;7.530542;6.486083;7.167144;7.104987;8.881145;8.826800;7.031657;5.358936;5.049173;8.891626;5.298677;4.276128;8.260225;7.118231;6.055901;5.991000;6.503235;7.143286;8.993333;7.273593;7.078978;5.202091;7.891608;7.368723;8.749683;3.679969;4.243387;7.039404;8.420530;5.866663;6.666214;7.138430;8.830337;8.053961;9.354336;7.048875;3.267442;7.814666;4.469156;8.035986;3.778083;7.371104;8.627468;7.449583;5.068009;5.917759;5.906326;9.206583;8.535094;7.020009;3.654061
1.540000;-4.962217;2.882589;3.502077;3.534007;2.991582;3.368986;1.829755;3.177246;4.118518;1.580304;5.334053;1.711924;3.283213;2.328274;3.742556;4.072042;2.621968;1.885013;2.946878;3.805219;5.353865;2.815091;3.816049;4.131661;1.677362;3.949926;3.468423;2.701116;3.511632;2.971574;4.814399;3.009390;4.512099;4.895775;4.794202;1.912482;2.980760;1.338978;3.576619;5.691102;4.933817;1.510573;5.129862;1.921099;5.029805;3.269565;4.034071;4.406867;5.611787;3.659213;2.764377;5.396232;2.711794;1.815022;3.124275;3.377958;4.113010;4.833519;1.869857;5.118948;1.358938;2.709794;1.699262;2.580195;4.137393;4.807893;3.459905;4.103266;3.193458;4.742325;5.131814;3.684260;4.298093;3.257474;2.115273;4.556448;2.156870;1.574265;1.579427;5.050637;1.862932;2.610130;4.166707;4.827015;1.501887;4.130828;2.766659;1.687901;4.456223;4.782593;4.893660;3.169585;4.754012;1.475836;3.613696;3.963995;1.627280;5.559451;6.049640;4.186036;3.873990;3.514410;3.022206;2.160338;2.549291;4.024802;3.447541;4.759093;3.885402;4.195758;2.646994;3.416393;2.623277;5.477530;3.629386;5.393340;6.191195;6.080115;9.310721;5.597775;4.558567;9.115530;5.203128;4.726965;4.895667;7.497155;6.572122;7.251603;7.275660;8.931703;8.872951;7.047078;5.371652;5.096913;8.947133;5.298676;4.269774;8.195978;7.101259;6.070564;6.099090;6.549997;7.281819;9.011688;7.273589;7.082251;5.211209;7.945446;7.400339;8.738523;3.679150;4.287264;7.059184;8.444237;5.886131;6.822698;7.154185;8.841327;8.184039;9.388437;7.085209;3.267441;7.487266;4.574993;8.044753;3.804384;7.433618;8.698862;7.507451;5.078937;6.017778;5.951512;9.273118;8.599968;7.024383;3.654060
1.540000;-4.757212;2.899820;3.498016;3.530504;2.988295;3.363357;1.823007;3.167738;4.116477;1.576671;5.331406;1.708831;3.278233;2.335692;3.645531;4.065088;2.621968;1.879986;2.944313;3.799092;5.349927;2.810428;3.814575;4.128208;1.672826;3.867887;3.464226;2.693073;3.506771;2.967926;4.814399;3.002784;4.509485;4.893571;4.792868;1.957561;2.976186;1.336842;3.570606;5.682750;4.929690;1.509162;5.127876;1.918638;5.023691;3.267512;4.032979;4.404661;5.606317;3.657419;2.760389;5.390700;2.709591;1.812389;3.119493;3.373458;3.829285;4.610767;1.866619;5.114457;1.350027;2.704086;1.694542;2.772055;4.134081;4.803285;3.456983;4.097381;3.191705;4.767843;5.127716;3.798409;4.290508;3.251720;2.111975;4.550124;2.152841;1.802431;1.578095;5.045352;1.859662;2.463459;4.165598;4.824285;1.500317;4.125035;2.763737;1.756840;4.434388;4.774292;4.889149;3.164112;4.752817;1.475836;3.611735;3.961077;1.624344;5.551580;6.042161;4.184803;3.867973;3.379067;3.018319;2.156219;2.546378;4.021259;3.442929;4.756812;3.884488;4.190411;2.646994;3.412524;2.619793;5.473346;3.621734;4.979494;6.188339;6.119898;9.308256;5.597359;4.556914;9.110829;5.197887;4.725420;4.888711;7.460983;6.491746;7.242281;7.046235;8.925182;8.866872;7.044692;5.380045;5.090672;8.940155;5.298676;4.519165;8.197925;7.219151;6.068290;6.088301;6.543855;7.269578;9.008896;7.273589;7.081708;5.209748;7.938613;7.395854;8.736846;3.756672;4.281416;7.056195;8.440733;5.883184;6.809800;7.151752;8.839584;8.172159;9.383663;7.080179;3.267442;7.485154;4.564327;8.043341;3.800547;7.426004;8.690515;7.500246;5.077204;6.007459;5.945531;9.265163;8.592155;7.023663;3.654061
1.540000;-3.471437;3.225076;3.489542;3.523510;2.981847;3.349979;1.893591;3.135638;4.112853;1.569335;5.326472;1.702863;3.267016;2.357352;3.716620;4.046562;2.621968;1.868624;2.939572;3.783888;5.341797;2.800195;3.812071;4.121341;1.662980;3.941821;3.455353;2.669446;3.495934;2.960556;4.814400;2.985692;4.504625;4.889605;4.790626;1.928481;2.966221;1.333017;3.555828;5.657488;4.921026;1.506777;5.124368;1.914124;5.008538;3.263865;4.031179;4.400697;5.593468;3.654297;2.752107;5.377651;2.705629;1.807487;3.108893;3.363719;3.871362;4.633718;1.860291;5.104748;1.356163;2.690427;1.684136;2.585813;4.127572;4.793219;3.451420;4.083072;3.188664;4.878892;5.119135;3.798409;4.269134;3.237897;2.105502;4.534178;2.144448;2.095657;1.575859;5.033154;1.853255;2.483809;4.163767;4.819163;1.497633;4.111043;2.758178;1.690652;4.411178;4.749319;4.879376;3.151262;4.750833;1.475836;3.608271;3.955520;1.618743;5.528831;6.021291;4.182750;3.853192;3.409246;3.010315;2.147581;2.540832;4.014160;3.432855;4.752681;3.883004;4.177985;2.646994;3.404549;2.612853;5.464514;3.600039;4.971787;6.182920;6.084485;9.303726;5.596706;4.554064;9.100488;5.185829;4.722778;4.907325;7.545437;6.485915;7.211432;7.065933;8.908459;8.851847;7.040336;5.440679;5.075039;8.921479;5.298676;4.497092;8.260370;7.120771;6.064165;6.046762;6.528598;7.213568;9.003623;7.273582;7.080851;5.207268;7.920599;7.386159;8.766996;3.692223;4.267255;7.050473;8.433726;5.877561;6.744962;7.147298;8.836560;8.120236;9.373088;7.068807;3.267442;7.656299;4.523831;8.040963;3.792682;7.404492;8.665300;7.480622;5.074198;5.969635;5.930873;9.241992;8.569669;7.022510;3.654062
1.540000;-5.390502;2.879270;3.493563;3.526839;2.984921;3.356262;1.911820;3.150521;4.114599;1.572822;5.328836;1.705714;3.272306;2.342783;3.818266;4.055212;2.407474;1.873980;2.941847;3.791012;5.345654;2.805027;3.813284;4.124611;1.667632;3.864378;3.459555;2.680440;3.501041;2.964061;4.814399;2.993682;4.506955;4.891514;4.791713;2.372299;2.970928;1.334859;3.562757;5.669230;4.925132;1.507933;5.126060;1.916292;5.015639;3.265622;4.032055;4.402605;5.599506;3.655805;2.756037;5.383783;2.707535;1.809836;3.113896;3.368323;3.858063;4.590912;1.863310;5.109338;1.353734;2.696843;1.689050;2.582224;4.130676;4.797978;3.454078;4.089785;3.190134;4.746034;5.123202;3.798409;4.279094;3.244388;2.108589;4.541643;2.148431;1.531664;1.576944;5.038894;1.856310;2.626062;4.164657;4.821617;1.498933;4.117609;2.760839;1.781428;4.331509;4.760930;4.883997;3.157302;4.751795;1.475836;3.609942;3.958178;1.621420;5.539423;6.031018;4.183747;3.860119;3.375796;3.014115;2.151675;2.543484;4.017539;3.437615;4.754666;3.883726;4.183830;2.646994;3.408334;2.616157;5.468698;3.610143;5.141864;6.185513;6.081944;9.305901;5.597026;4.555442;9.105371;5.191504;4.724056;4.898135;7.515666;6.484587;7.225745;7.100332;8.916276;8.858890;7.042428;5.396078;5.082363;8.930193;5.298677;4.209996;8.195159;7.110586;6.066146;6.065996;6.535746;7.239501;9.006147;7.273589;7.081271;5.208469;7.929013;7.390743;8.786964;3.700459;4.273900;7.053210;8.437061;5.880249;6.774998;7.149436;8.838020;8.144276;9.378078;7.074165;3.267441;7.551780;4.542588;8.042118;3.796417;7.414515;8.677018;7.489779;5.075649;5.987153;5.937748;9.252773;8.580137;7.023072;3.654062
1.540000;-4.718829;2.907135;3.515289;3.545124;3.001909;3.388767;1.827004;3.219140;4.124586;1.591903;5.342134;1.721548;3.300154;2.329901;3.625523;4.098281;2.237130;1.902151;2.954667;3.827337;5.366599;2.830722;3.820329;4.142591;1.692467;3.892846;3.482182;2.733423;3.528068;2.983228;4.814400;3.033865;4.520068;4.902373;4.798055;1.956244;2.996026;1.345359;3.598197;5.725307;4.947296;1.514657;5.135749;1.928543;5.051857;3.275670;4.037191;4.413463;5.630881;3.664489;2.777318;5.415594;2.718386;1.823054;3.140391;3.392916;3.898179;4.580440;1.880007;5.133868;1.361397;2.729940;1.715125;2.631256;4.147806;4.823290;3.468929;4.124239;3.198604;4.755637;5.145175;3.798409;4.327749;3.277833;2.125637;4.579501;2.169960;1.744462;1.583268;5.068884;1.873197;2.480347;4.169878;4.835380;1.506459;4.151402;2.775686;1.719178;4.311901;4.816461;4.908663;3.188687;4.757439;1.533660;3.619511;3.973010;1.636359;5.590730;6.078701;4.189579;3.895569;3.373002;3.034762;2.173779;2.558290;4.036068;3.462955;4.765946;3.887993;4.214314;2.646994;3.428902;2.634313;5.491242;3.659420;4.960722;6.199998;6.113810;9.318193;5.598937;4.563406;9.131310;5.221195;4.731470;4.898742;7.520010;6.483555;7.292119;7.047288;8.955726;8.894845;7.054279;5.370645;5.119570;8.973555;5.298677;4.572175;8.195888;7.120557;6.077413;6.151155;6.572184;7.348798;9.020278;7.273589;7.083768;5.215451;7.971061;7.415240;8.785575;3.678356;4.308057;7.068446;8.455362;5.895244;6.898507;7.161544;8.846445;8.246884;9.404527;7.102376;3.267442;7.597235;4.625952;8.048827;3.816745;7.463440;8.733006;7.535017;5.084027;6.065896;5.972937;9.304894;8.630939;7.026412;3.654061
1.540000;-6.980885;3.256167;3.486161;3.520609;2.979131;3.345191;1.870159;3.126770;4.111185;1.566324;5.324296;1.700315;3.262823;2.328465;3.843141;4.040495;2.569882;1.864388;2.937470;3.778625;5.338521;2.796279;3.810871;4.118484;1.659176;3.884524;3.451847;2.662254;3.491844;2.957530;4.814400;2.979964;4.502476;4.887804;4.789540;1.909346;2.962383;1.331268;3.550674;5.649961;4.917584;1.505628;5.122746;1.912108;5.003290;3.262187;4.030293;4.398893;5.588818;3.652833;2.748788;5.372946;2.703826;1.805325;3.104875;3.359948;3.865087;4.584444;1.857616;5.100986;1.355999;2.685564;1.680171;2.589920;4.124835;4.789353;3.449013;4.078042;3.187235;4.786931;5.115720;3.760463;4.262429;3.232989;2.102778;4.528728;2.141098;1.539235;1.574776;5.028682;1.850552;2.595093;4.162866;4.816920;1.496354;4.106092;2.755775;1.708035;5.625311;4.741845;4.875598;3.146610;4.749861;3.233898;3.606668;3.953117;1.616327;5.521830;6.014692;4.181749;3.848037;3.372514;3.007081;2.144149;2.538433;4.011224;3.428988;4.750813;3.882262;4.173447;2.646994;3.401330;2.609970;5.461020;3.593259;5.759287;6.180570;6.101238;9.301702;5.596368;4.552717;9.096534;5.181390;4.721519;4.916599;7.453787;6.531297;7.202792;7.045395;8.902816;8.846627;7.038379;5.359343;5.069666;8.915370;5.298676;4.378182;8.287778;7.236728;6.062297;6.036199;6.523320;7.200643;9.001325;7.273593;7.080412;5.206077;7.914649;7.382398;8.745876;3.678934;4.262258;7.048009;8.430823;5.875135;6.730697;7.145298;8.835137;8.107962;9.369072;7.064559;3.267441;7.576600;4.513450;8.039817;3.789490;7.397748;8.657762;7.474299;5.072783;5.959714;5.925750;9.234891;8.562716;7.021925;3.654061
1.540000;-3.402711;3.256951;3.492676;3.526098;2.984232;3.354908;1.896563;3.147131;4.114192;1.572047;5.328296;1.705072;3.271161;2.369340;3.661699;4.053340;2.621968;1.872819;2.941324;3.789476;5.344805;2.803976;3.812994;4.123882;1.666618;3.864373;3.458635;2.678024;3.499936;2.963282;4.814400;2.991958;4.506421;4.891071;4.791451;2.197521;2.969902;1.334430;3.561262;5.666643;4.924229;1.507656;5.125664;1.915793;5.014109;3.265212;4.031842;4.402162;5.598201;3.655449;2.755171;5.382458;2.707092;1.809300;3.112808;3.367317;3.849549;4.713372;1.862631;5.108335;1.354834;2.695459;1.687980;2.670583;4.129980;4.796937;3.453479;4.088340;3.189786;4.743477;5.122309;3.798409;4.276923;3.242988;2.107897;4.540031;2.147551;1.537817;1.576683;5.037653;1.855625;2.631776;4.164442;4.821058;1.498623;4.116195;2.760235;1.707025;4.622473;4.758366;4.882989;3.155998;4.751563;1.475836;3.609550;3.957574;1.620814;5.537106;6.028898;4.183506;3.858629;3.372597;3.013274;2.150772;2.542883;4.016786;3.436576;4.754207;3.883549;4.182563;2.646994;3.407499;2.615420;5.467781;3.607938;5.498595;6.184923;6.094123;9.305401;5.596945;4.555116;9.104304;5.190275;4.723750;4.884150;7.452339;6.501480;7.222498;7.156036;8.914587;8.857367;7.041946;5.372894;5.080780;8.928297;5.298679;4.552273;8.194712;7.236762;6.065689;6.061392;6.534204;7.232836;9.005573;7.273578;7.081167;5.208183;7.927196;7.389741;8.770565;3.712014;4.272467;7.052589;8.436317;5.879639;6.766967;7.148941;8.837676;8.138213;9.376992;7.073002;3.267441;7.592636;4.538114;8.041840;3.795588;7.412328;8.674424;7.487789;5.075305;5.983037;5.936265;9.250410;8.577845;7.022934;3.654060
1.540000;-4.996706;2.879460;3.487799;3.521965;2.980383;3.347769;1.819234;3.133008;4.111895;1.567743;5.325259;1.701475;3.264982;2.335323;3.661986;4.044067;2.393994;1.866580;2.938394;3.781554;5.340095;2.798254;3.811365;4.119817;1.661076;3.866529;3.453566;2.666820;3.493934;2.958958;4.814400;2.983259;4.503428;4.888580;4.789983;1.902613;2.964309;1.332018;3.553520;5.654839;4.919261;1.506100;5.123435;1.912990;5.006208;3.262903;4.030650;4.399670;5.591296;3.653447;2.750391;5.375461;2.704604;1.806281;3.106918;3.361830;3.939575;4.638664;1.858846;5.102863;1.398475;2.688195;1.682179;2.637975;4.126101;4.791296;3.450097;4.080798;3.187834;4.845140;5.117380;3.798409;4.266556;3.235654;2.104035;4.531802;2.142720;1.841664;1.575218;5.031033;1.851797;2.462560;4.163229;4.817923;1.496884;4.108792;2.756857;2.065895;4.358584;4.746676;4.877485;3.149088;4.750254;1.475836;3.607349;3.954199;1.617416;5.526224;6.018722;4.182154;3.850885;3.400570;3.008631;2.145815;2.539514;4.012601;3.430931;4.751621;3.882557;4.175842;2.646994;3.402874;2.611316;5.462728;3.597450;5.536796;6.181625;6.088070;9.302588;5.596499;4.553278;9.098533;5.183716;4.722041;4.885929;7.464219;6.521096;7.208790;7.220142;8.906037;8.849523;7.039231;5.367036;5.072680;8.918969;5.298679;4.288824;8.195484;7.099019;6.063105;6.044327;6.526260;7.211683;9.002352;7.273589;7.080583;5.206567;7.918125;7.384274;8.733302;3.713042;4.264987;7.049124;8.432186;5.876230;6.743504;7.146170;8.835732;8.118176;9.371113;7.066753;3.267442;7.526488;4.521368;8.040286;3.791014;7.401905;8.662647;7.478088;5.073375;5.967099;5.928573;9.239371;8.567061;7.022154;3.654062
1.540000;-5.300861;2.875672;3.506969;3.538108;2.995385;3.376384;1.934901;3.193229;4.120732;1.584583;5.337015;1.715462;3.289523;2.335161;3.619112;4.081933;2.621968;1.891402;2.949731;3.813518;5.358576;2.820905;3.817604;4.135692;1.682974;3.866872;3.473523;2.713363;3.517748;2.975878;4.814400;3.018600;4.515023;4.898185;4.795601;2.086801;2.986432;1.341309;3.584709;5.704085;4.938810;1.512056;5.132010;1.923823;5.038077;3.271794;4.035202;4.409276;5.618924;3.661135;2.769165;5.403472;2.714202;1.817966;3.130270;3.383514;4.012825;4.836589;1.873594;5.124488;1.393645;2.717332;1.705162;2.613454;4.141228;4.813619;3.463220;4.111125;3.195332;4.742729;5.136762;3.782904;4.309306;3.265094;2.119090;4.565107;2.161715;1.534510;1.580821;5.057444;1.866711;2.668133;4.167855;4.830082;1.503549;4.138536;2.769974;1.706321;4.336756;4.795448;4.899233;3.176725;4.755254;1.475836;3.615817;3.967305;1.630614;5.571300;6.060623;4.187320;3.882082;3.377092;3.026850;2.165316;2.552597;4.028958;3.453269;4.761599;3.886339;4.202689;2.646994;3.421022;2.627346;5.482614;3.640748;6.464839;6.194427;6.117749;9.313457;5.598194;4.560327;9.121400;5.209870;4.728603;4.881925;7.470800;6.486813;7.267045;7.199227;8.940733;8.881165;7.049712;5.360532;5.105418;8.957101;5.298676;5.288650;8.196160;7.102718;6.073069;6.119040;6.558323;7.307576;9.014841;7.273597;7.082798;5.212750;7.955097;7.405874;8.834548;3.679874;4.295052;7.062586;8.448341;5.889476;6.851882;7.156879;8.843189;8.208193;9.394423;7.091606;3.267443;7.488839;4.594507;8.046231;3.808952;7.444901;8.711825;7.517857;5.080789;6.036190;5.959545;9.285160;8.611695;7.025116;3.654061
1.540000;-4.008784;3.038446;3.483843;3.518643;2.977298;3.341823;1.928647;3.120330;4.110090;1.564273;5.322849;1.698600;3.259892;2.342515;3.622087;4.036158;2.395778;1.861431;2.936070;3.774897;5.336283;2.793569;3.810093;4.116548;1.656549;3.874930;3.449441;2.657062;3.489001;2.955473;4.814400;2.975885;4.501050;4.886615;4.788838;1.970756;2.959732;1.330119;3.547028;5.644517;4.915223;1.504886;5.121683;1.910771;4.999571;3.261086;4.029723;4.397706;5.585557;3.651878;2.746515;5.369641;2.702640;1.803885;3.102082;3.357345;3.897893;4.621288;1.855813;5.098390;1.383912;2.682137;1.677420;2.600890;4.122989;4.786678;3.447402;4.074489;3.186304;4.742780;5.113379;3.755332;4.257601;3.229530;2.100939;4.524860;2.138797;1.532694;1.574078;5.025548;1.848730;2.450113;4.162288;4.815424;1.495525;4.102599;2.754168;1.712033;4.343870;4.736444;4.872987;3.143348;4.749237;2.055533;3.605617;3.951510;1.614704;5.516774;6.009949;4.181103;3.844393;3.555717;3.004874;2.141793;2.536827;4.009232;3.426307;4.749579;3.881788;4.170267;2.646994;3.399129;2.608017;5.458622;3.588382;5.103520;6.178998;6.114753;9.300361;5.596155;4.551840;9.093799;5.178291;4.720701;4.883626;7.469202;6.512500;7.196530;7.186132;8.898807;8.842934;7.037086;5.404662;5.065859;8.910998;5.298678;4.408886;8.204096;7.161906;6.061066;6.028561;6.519581;7.191412;8.999788;7.273597;7.080134;5.205308;7.910407;7.379806;8.735618;3.719631;4.258734;7.046359;8.428859;5.873508;6.720582;7.143976;8.834211;8.099145;9.366284;7.061604;3.267442;7.490677;4.505925;8.039075;3.787315;7.392905;8.652338;7.469772;5.071859;5.952526;5.922126;9.229774;8.557710;7.021554;3.654060
1.540000;-3.700883;3.132869;3.484126;3.518914;2.977563;3.342046;1.884076;3.119472;4.110285;1.564546;5.323084;1.698859;3.260162;2.407865;3.736909;4.036207;2.530622;1.861695;2.936302;3.775075;5.336564;2.793846;3.810243;4.116818;1.656826;3.975031;3.449722;2.656842;3.489272;2.955748;4.814400;2.975995;4.501283;4.886821;4.788977;1.914013;2.960008;1.330321;3.547220;5.644178;4.915505;1.505030;5.121874;1.910994;4.999753;3.261282;4.029838;4.397913;5.585793;3.652054;2.746796;5.369876;2.702845;1.804121;3.102357;3.357624;3.977096;4.736452;1.856076;5.098668;1.349340;2.682356;1.677696;2.579416;4.123252;4.786955;3.447652;4.074693;3.186476;4.780027;5.113659;3.798409;4.257508;3.229747;2.101204;4.525012;2.139082;1.538351;1.574215;5.025802;1.848994;2.539594;4.162405;4.815664;1.495682;4.102811;2.754414;1.713028;4.640815;4.736134;4.873266;3.143587;4.749361;1.475836;3.605808;3.951758;1.614956;5.516604;6.009888;4.181230;3.844580;3.381562;3.005152;2.142074;2.537076;4.009505;3.426583;4.749790;3.881886;4.170513;2.646994;3.399410;2.608288;5.458903;3.588274;4.962326;6.179245;6.080016;9.300583;5.596200;4.552006;9.094076;5.178544;4.720857;4.895092;7.451398;7.044531;7.195773;7.045347;8.898930;8.843113;7.037305;5.410432;5.066020;8.911048;5.298677;4.297395;8.196589;7.098435;6.061276;6.026768;6.519758;7.187824;9.000032;7.273589;7.080195;5.205455;7.910478;7.380087;8.784210;3.766931;4.258942;7.046611;8.429132;5.873758;6.715734;7.144198;8.834383;8.096107;9.366556;7.061868;3.267442;7.560246;4.504253;8.039220;3.787593;7.392807;8.652006;7.469774;5.072032;5.951127;5.922320;9.229579;8.557557;7.021632;3.654061
1.540000;-5.186140;2.874950;3.481012;3.516289;2.975122;3.337442;1.825764;3.110514;4.108848;1.561809;5.321171;1.696582;3.256196;2.329450;3.785849;4.030217;2.574133;1.857687;2.934456;3.769962;5.333560;2.790174;3.809229;4.114236;1.653278;4.146802;3.446483;2.649627;3.485416;2.952997;4.814399;2.970370;4.499395;4.885258;4.788064;2.226929;2.956424;1.328810;3.542222;5.636598;4.912329;1.504062;5.120480;1.909232;4.994651;3.259837;4.029100;4.396350;5.581343;3.650805;2.743745;5.365366;2.701284;1.802219;3.098578;3.354109;4.048130;4.699579;1.853676;5.095162;1.364151;2.677672;1.673974;2.596714;4.120791;4.783340;3.445516;4.069826;3.185257;4.745220;5.110513;3.789111;4.250820;3.225017;2.098754;4.519697;2.135995;1.555003;1.573304;5.021540;1.846568;2.456639;4.161654;4.813683;1.494600;4.098033;2.752281;1.694538;4.354315;4.728621;4.869742;3.139135;4.748550;1.565563;3.604430;3.949626;1.612806;5.509590;6.003318;4.180391;3.839582;3.402948;3.002192;2.138908;2.534947;4.006844;3.422966;4.748168;3.881274;4.166186;2.646994;3.396456;2.605681;5.455675;3.581510;5.139825;6.177159;6.084603;9.298817;5.595928;4.550859;9.090374;5.174324;4.719791;4.922884;7.485694;6.515265;7.187059;7.259488;8.893407;8.838054;7.035601;5.360102;5.060793;8.905025;5.298676;4.234370;8.220315;7.135010;6.059658;6.016244;6.514631;7.175529;8.998006;7.273585;7.079835;5.204452;7.904626;7.376583;8.734586;3.685113;4.254118;7.044421;8.426501;5.871602;6.702693;7.142458;8.833171;8.084247;9.362783;7.057853;3.267440;7.487399;4.493891;8.038255;3.784680;7.386088;8.644454;7.463509;5.070828;5.941183;5.917359;9.222472;8.550606;7.021152;3.654060
1.540000;-7.981387;3.782204;3.501735;3.533716;2.991311;3.368491;1.856440;3.176176;4.118352;1.580000;5.333837;1.711668;3.282782;2.345446;3.616154;4.071389;2.621968;1.884579;2.946667;3.804667;5.353534;2.814693;3.815930;4.131374;1.676978;4.155081;3.468069;2.700310;3.511211;2.971271;4.814400;3.008782;4.511884;4.895594;4.794095;1.999253;2.980371;1.338803;3.576081;5.690248;4.933470;1.510458;5.129702;1.920896;5.029254;3.269398;4.033983;4.406686;5.611308;3.659068;2.764043;5.395747;2.711613;1.814807;3.123861;3.377576;3.920175;4.582457;1.869589;5.118566;1.385922;2.709288;1.698859;2.633790;4.137119;4.807502;3.459662;4.102741;3.193315;4.882695;5.131469;3.798409;4.297353;3.256963;2.115001;4.555873;2.156530;1.584682;1.579319;5.050173;1.862660;2.561332;4.166617;4.826790;1.501761;4.130315;2.766418;1.831957;4.509706;4.781745;4.893276;3.169105;4.753915;1.475836;3.613537;3.963755;1.627037;5.558670;6.048915;4.185936;3.873449;3.371804;3.021882;2.159992;2.549052;4.024508;3.447149;4.758907;3.885327;4.195296;2.646994;3.416072;2.622987;5.477179;3.628635;6.065108;6.190958;6.079886;9.310521;5.597742;4.558432;9.115130;5.202669;4.726839;4.997806;7.479191;6.553058;7.250568;7.060246;8.931104;8.872407;7.046883;5.385495;5.096347;8.946479;5.298677;4.528482;8.217631;7.138468;6.070378;6.097709;6.549443;7.279963;9.011459;7.273578;7.082208;5.211091;7.944807;7.399959;8.743646;3.681720;4.286743;7.058938;8.443945;5.885886;6.820556;7.153986;8.841186;8.182323;9.388026;7.084779;3.267442;7.519418;4.573638;8.044638;3.804064;7.432876;8.698009;7.506764;5.078796;6.016521;5.950977;9.272323;8.599195;7.024326;3.654060
1.540000;-7.305434;3.384610;3.510695;3.541259;2.998320;3.381897;1.829387;3.204727;4.122478;1.587870;5.339326;1.718202;3.294270;2.407595;3.673137;4.089184;2.621968;1.896196;2.951959;3.819659;5.362173;2.825289;3.818842;4.138792;1.687218;3.866551;3.477403;2.722248;3.522359;2.979176;4.814400;3.025376;4.517297;4.900080;4.796717;1.911146;2.990720;1.343141;3.590706;5.713490;4.942610;1.513239;5.133705;1.925955;5.044201;3.273548;4.036108;4.411170;5.624250;3.662656;2.772819;5.408869;2.716094;1.820262;3.134789;3.387718;3.831525;4.617466;1.876480;5.128681;1.390232;2.722944;1.709612;2.594367;4.144186;4.817948;3.465794;4.116955;3.196815;4.822687;5.140530;3.798409;4.317477;3.270761;2.122034;4.571499;2.165408;2.410978;1.581934;5.062546;1.869629;2.451474;4.168777;4.832472;1.504871;4.144256;2.772547;1.709751;4.313674;4.804755;4.903449;3.182052;4.756247;1.604757;3.617490;3.969876;1.633202;5.579907;6.068635;4.188348;3.888078;3.386288;3.030398;2.169106;2.555162;4.032153;3.457596;4.763565;3.887093;4.207865;2.646994;3.424553;2.630476;5.486476;3.649024;5.580627;6.196939;6.081110;9.315595;5.598533;4.561723;9.125824;5.214918;4.729904;4.887216;7.481862;6.483629;7.278164;7.045707;8.947391;8.887243;7.051776;5.358472;5.111708;8.964397;5.298677;4.694322;8.240067;7.114821;6.075034;6.133352;6.564482;7.326147;9.017294;7.273589;7.083242;5.213977;7.962174;7.410061;8.762819;3.693882;4.300837;7.065226;8.451496;5.892074;6.873049;7.158987;8.844667;8.225568;9.398936;7.096410;3.267442;7.484997;4.608520;8.047412;3.812449;7.453115;8.721210;7.525465;5.082258;6.049402;5.965501;9.293903;8.620222;7.025708;3.654061
1.540000;-4.161902;2.997815;3.481845;3.516977;2.975754;3.338760;1.882561;3.113297;4.109197;1.562532;5.321650;1.697167;3.257299;2.333908;3.662517;4.031993;2.621968;1.858805;2.934918;3.771442;5.334363;2.791187;3.809467;4.114909;1.654252;4.024841;3.447356;2.651819;3.486486;2.953722;4.814400;2.972024;4.499869;4.885641;4.788277;2.018759;2.957407;1.329178;3.543664;5.638918;4.913185;1.504289;5.120816;1.909669;4.996126;3.260187;4.029269;4.396732;5.582607;3.651102;2.744563;5.366648;2.701665;1.802696;3.099623;3.355071;3.893943;4.597884;1.854296;5.096120;1.350044;2.679012;1.675001;2.617018;4.121431;4.784331;3.446060;4.071227;3.185547;4.745058;5.111359;3.798409;4.252835;3.226371;2.099390;4.521246;2.136821;1.529870;1.573516;5.022745;1.847198;2.443065;4.161826;4.814184;1.494854;4.099409;2.752823;1.751292;4.359566;4.730915;4.870705;3.140397;4.748736;1.475836;3.604763;3.950168;1.613355;5.511713;6.005288;4.180584;3.841025;3.388356;3.002981;2.139761;2.535488;4.007543;3.423959;4.748568;3.881412;4.167404;2.646994;3.397246;2.606364;5.456547;3.583546;5.226416;6.177689;6.112967;9.299255;5.595986;4.551132;9.091393;5.175509;4.720042;4.914025;7.489305;6.487475;7.189762;7.175125;8.895024;8.839512;7.036023;5.358397;5.062314;8.906812;5.298678;4.403557;8.214936;7.139799;6.060054;6.019538;6.516116;7.179313;8.998512;7.273578;7.079916;5.204688;7.906351;7.377541;8.733397;3.697247;4.255502;7.044980;8.427193;5.872154;6.706608;7.142889;8.833460;8.087919;9.363826;7.058973;3.267442;7.516202;4.497126;8.038480;3.785454;7.388105;8.646755;7.465376;5.071114;5.944289;5.918790;9.224626;8.552709;7.021259;3.654060
1.540000;-4.007342;3.045332;3.491499;3.525055;2.983246;3.353426;1.853113;3.145765;4.113551;1.570972;5.327481;1.704136;3.269783;2.464556;3.737989;4.051715;2.488949;1.871433;2.940535;3.787923;5.343655;2.802665;3.812523;4.122851;1.665334;3.941912;3.457426;2.676404;3.498588;2.962203;4.814400;2.990353;4.505614;4.890383;4.791025;2.013442;2.968611;1.333760;3.559723;5.665040;4.923036;1.507205;5.125038;1.915032;5.012558;3.264569;4.031491;4.401474;5.596744;3.654882;2.754010;5.380990;2.706406;1.808490;3.111473;3.366042;3.827304;4.736223;1.861657;5.107062;1.353280;2.693962;1.686659;2.580915;4.128986;4.795640;3.452588;4.086815;3.189232;4.755949;5.121121;3.798409;4.275281;3.241484;2.106907;4.538459;2.146381;1.672043;1.576257;5.036227;1.854642;2.454762;4.164085;4.820220;1.498124;4.114685;2.759346;1.687436;4.380908;4.756765;4.881710;3.154538;4.751180;1.475836;3.608932;3.956686;1.619918;5.535468;6.027262;4.183111;3.857090;3.475430;3.012138;2.149585;2.541996;4.015734;3.435275;4.753497;3.883255;4.181124;2.646994;3.406368;2.614384;5.466574;3.606303;4.997920;6.184051;6.079876;9.304637;5.596809;4.554592;9.102987;5.188856;4.723260;4.904017;7.457789;6.560337;7.221082;7.071990;8.912999;8.855824;7.041205;5.372835;5.079218;8.926680;5.298677;4.620345;8.206187;7.115366;6.064975;6.060621;6.532651;7.233475;9.004718;7.273585;7.080990;5.207716;7.925580;7.388468;8.733409;3.689340;4.270952;7.051680;8.435276;5.878743;6.768725;7.148191;8.837124;8.138403;9.375663;7.071622;3.267442;7.485481;4.537271;8.041389;3.794466;7.410694;8.672840;7.486155;5.074758;5.982003;5.934730;9.248782;8.576212;7.022699;3.654062
1.540000;-5.508612;2.885207;3.501404;3.533478;2.991102;3.367804;1.880062;3.173761;4.118277;1.579742;5.333705;1.711485;3.282262;2.366069;3.672539;4.070271;2.374703;1.884045;2.946544;3.803833;5.353225;2.814245;3.815892;4.131143;1.676556;3.922460;3.467713;2.698720;3.510720;2.971009;4.814400;3.007790;4.511757;4.895506;4.794065;1.920265;2.979938;1.338721;3.575282;5.688507;4.933127;1.510424;5.129630;1.920785;5.028425;3.269321;4.033963;4.406598;5.610664;3.659011;2.763725;5.395086;2.711525;1.814677;3.123389;3.377160;3.848724;4.767405;1.869387;5.118154;1.360682;2.708579;1.698398;2.591937;4.136904;4.807064;3.459504;4.101980;3.193261;4.742466;5.131132;3.774453;4.295977;3.256242;2.114790;4.554976;2.156207;1.530414;1.579288;5.049579;1.862456;2.441681;4.166596;4.826651;1.501717;4.129583;2.766261;1.695895;4.326843;4.780029;4.892860;3.168463;4.753891;1.468211;3.613468;3.963594;1.626875;5.557163;6.047585;4.185910;3.872653;3.377203;3.021582;2.159647;2.548891;4.024264;3.446709;4.758811;3.885315;4.194685;2.646994;3.415772;2.622751;5.476825;3.627229;5.039611;6.190806;6.079904;9.310407;5.597740;4.558383;9.114673;5.202089;4.726799;4.895690;7.492718;6.489759;7.248277;7.054821;8.930141;8.871585;7.046779;5.363696;5.095474;8.945344;5.298676;5.224147;8.195896;7.098859;6.070284;6.094323;6.548605;7.275050;9.011314;7.273589;7.082204;5.211054;7.943728;7.399546;8.752542;3.681031;4.285995;7.058766;8.443707;5.885720;6.814710;7.153876;8.841132;8.177846;9.387556;7.084243;3.267442;7.647826;4.570363;8.044602;3.803773;7.431483;8.696259;7.505547;5.078743;6.013518;5.950189;9.270775;8.597715;7.024317;3.654060
1.540000;-5.224839;2.875022;3.492341;3.525827;2.983987;3.354355;1.822915;3.145970;4.114065;1.571762;5.328115;1.704847;3.270699;2.328617;3.641011;4.052580;2.621968;1.872355;2.941153;3.788847;5.344481;2.803565;3.812913;4.123617;1.666218;3.910488;3.458280;2.677085;3.499490;2.962995;4.814400;2.991251;4.506243;4.890931;4.791380;1.966730;2.969499;1.334297;3.560651;5.665649;4.923883;1.507579;5.125543;1.915630;5.013480;3.265085;4.031786;4.402022;5.597671;3.655343;2.754843;5.381919;2.706953;1.809121;3.112375;3.366923;4.644336;4.611239;1.862391;5.107944;1.465082;2.694889;1.687558;2.582808;4.129732;4.796529;3.453270;4.087749;3.189685;4.755639;5.121966;3.798409;4.276059;3.242415;2.107649;4.539373;2.147219;1.999933;1.576611;5.037150;1.855380;2.509901;4.164384;4.820868;1.498535;4.115613;2.760031;1.775596;4.531792;4.757385;4.882593;3.155467;4.751501;1.465534;3.609432;3.957368;1.620605;5.536193;6.028055;4.183441;3.858016;3.495398;3.012958;2.150430;2.542676;4.016511;3.436169;4.754061;3.883505;4.182055;2.646994;3.407183;2.615153;5.467427;3.607065;4.968433;6.184723;6.178269;9.305236;5.596927;4.555022;9.103886;5.189779;4.723665;4.883594;7.458709;6.522230;7.221365;7.143155;8.913899;8.856748;7.041790;5.379016;5.080134;8.927541;5.298677;4.252095;8.194572;7.161358;6.065541;6.060095;6.533573;7.231537;9.005379;7.273585;7.081142;5.208102;7.926458;7.389351;8.755569;3.769463;4.271881;7.052374;8.436052;5.879427;6.765775;7.148782;8.837574;8.136891;9.376563;7.072540;3.267441;7.484374;4.536833;8.041763;3.795280;7.411460;8.673446;7.486989;5.075206;5.981780;5.935658;9.249487;8.576947;7.022899;3.654060
1.540000;-8.636084;4.270832;3.496304;3.529107;2.987012;3.360573;1.839685;3.160594;4.115777;1.575199;5.330438;1.707651;3.275925;2.331746;4.093368;4.061134;2.594368;1.877647;2.943387;3.795891;5.348290;2.808338;3.814097;4.126839;1.670816;4.041321;3.462428;2.687939;3.504543;2.966448;4.814400;2.999163;4.508532;4.892802;4.792442;1.904887;2.974149;1.336101;3.567502;5.677230;4.927936;1.508708;5.127200;1.917757;5.020503;3.266808;4.032640;4.403893;5.603646;3.656821;2.758716;5.387983;2.708822;1.811428;3.117316;3.371470;4.020530;4.712406;1.865359;5.112477;1.430078;2.701235;1.692411;2.601886;4.132786;4.801227;3.455887;4.094382;3.191122;4.820861;5.125979;3.768371;4.285900;3.248833;2.110688;4.546758;2.151147;1.716636;1.577670;5.042831;1.858389;2.550772;4.165251;4.823278;1.499805;4.122110;2.762642;1.857606;4.318393;4.768840;4.887155;3.161441;4.752443;1.948047;3.611066;3.959981;1.623239;5.546652;6.037666;4.184415;3.864869;3.520096;3.016706;2.154472;2.545283;4.019838;3.440870;4.756008;3.884210;4.187841;2.646994;3.410915;2.618407;5.471556;3.617045;5.051172;6.187268;6.085425;9.307370;5.597238;4.556368;9.108708;5.195389;4.724916;4.887090;7.461971;6.520778;7.235435;7.076355;8.921638;8.863709;7.043844;5.362216;5.087374;8.936161;5.298676;4.276494;8.226091;7.099389;6.067483;6.078860;6.540642;7.256529;9.007857;7.273578;7.081550;5.209276;7.934774;7.393873;8.738540;3.678293;4.278452;7.055063;8.439323;5.882071;6.794491;7.150880;8.839002;8.160141;9.381490;7.077836;3.267442;7.486764;4.555139;8.042889;3.798963;7.421359;8.684999;7.496032;5.076627;5.998920;5.942452;9.260130;8.587282;7.023447;3.654061
1.540000;-6.855912;3.199879;3.489762;3.523616;2.981917;3.350713;1.820086;3.139558;4.112800;1.569463;5.326461;1.702905;3.267504;2.378044;3.699247;4.048012;2.567162;1.869120;2.939553;3.784859;5.341987;2.800576;3.812004;4.121439;1.663322;3.874331;3.455605;2.671743;3.496379;2.960689;4.814399;2.986928;4.504613;4.889563;4.790560;1.922793;2.966575;1.332970;3.556744;5.660074;4.921261;1.506710;5.124312;1.914098;5.009502;3.263813;4.031116;4.400652;5.594135;3.654235;2.752310;5.378344;2.705583;1.807476;3.109315;3.364051;3.826122;4.625396;1.860352;5.105075;1.349622;2.691198;1.684535;2.593656;4.127646;4.793587;3.451437;4.083928;3.188602;4.742141;5.119363;3.798409;4.271045;3.238690;2.105574;4.535251;2.144663;1.661759;1.575792;5.033745;1.853322;2.506413;4.163703;4.819162;1.497566;4.111856;2.758197;1.686139;4.312467;4.751856;4.879713;3.151932;4.750766;1.504271;3.608215;3.955539;1.618765;5.530975;6.023117;4.182684;3.854108;3.381224;3.010495;2.147814;2.540852;4.014273;3.433220;4.752642;3.882946;4.178601;2.646994;3.404727;2.612954;5.464764;3.602004;5.131444;6.182934;6.082885;9.303698;5.596674;4.554000;9.100879;5.186401;4.722712;4.891262;7.542392;6.514925;7.215100;7.129216;8.909639;8.852796;7.040305;5.358700;5.076068;8.922947;5.298676;4.323969;8.247148;7.098456;6.064127;6.052737;6.529576;7.223052;9.003627;7.273589;7.080812;5.207201;7.921977;7.386486;8.794093;3.678607;4.268090;7.050499;8.433834;5.877582;6.756749;7.147267;8.836495;8.128689;9.373504;7.069307;3.267442;7.489443;4.529568;8.040897;3.792850;7.406426;8.667879;7.482248;5.074133;5.974767;5.931771;9.244208;8.571768;7.022459;3.654061
1.540000;-3.327794;3.290308;3.494200;3.527381;2.985425;3.357206;1.825059;3.152416;4.114898;1.573386;5.329233;1.706183;3.273119;2.591244;3.617904;4.056447;2.596921;1.874804;2.942229;3.792062;5.346272;2.805781;3.813495;4.125144;1.668362;4.043721;3.460220;2.681936;3.501832;2.964628;4.814400;2.994838;4.507346;4.891837;4.791905;1.902499;2.971666;1.335172;3.563782;5.670808;4.925784;1.508135;5.126350;1.916657;5.016687;3.265924;4.032209;4.402929;5.600420;3.656066;2.756662;5.384708;2.707860;1.810230;3.114667;3.369044;3.918119;4.718211;1.863804;5.110058;1.349631;2.697802;1.689813;2.866693;4.131184;4.798712;3.454523;4.090780;3.190388;4.749486;5.123850;3.680559;4.280478;3.245358;2.109094;4.542736;2.149065;1.682615;1.577134;5.039769;1.856811;2.638958;4.164815;4.822025;1.499159;4.118596;2.761276;1.793065;4.416895;4.762493;4.884721;3.158216;4.751966;1.465379;3.610228;3.958618;1.621866;5.540872;6.032377;4.183924;3.861149;3.672248;3.014724;2.152326;2.543924;4.018086;3.438356;4.755004;3.883856;4.184716;2.646994;3.408942;2.616696;5.469360;3.611544;4.971278;6.185942;6.109316;9.306267;5.597084;4.555681;9.106131;5.192372;4.724283;4.915561;7.457406;6.574085;7.227578;7.056924;8.917418;8.859933;7.042783;5.367484;5.083435;8.931437;5.298676;4.391545;8.200890;7.128343;6.066484;6.068256;6.536800;7.242210;9.006566;7.273582;7.081348;5.208681;7.930222;7.391459;8.793833;3.679176;4.274892;7.053659;8.437604;5.880693;6.777906;7.149797;8.838272;8.146872;9.378857;7.074993;3.267442;7.484964;4.544804;8.042318;3.797015;7.415902;8.678589;7.491069;5.075902;5.989278;5.938767;9.254249;8.581578;7.023173;3.654062
1.540000;-2.986740;3.456158;3.490402;3.524087;2.982329;3.351991;1.832070;3.143549;4.112955;1.569974;5.326725;1.703269;3.268488;2.355223;3.639687;4.050026;2.600608;1.870133;2.939800;3.786393;5.342587;2.801438;3.812084;4.121895;1.664132;3.907337;3.456298;2.674505;3.497310;2.961201;4.814400;2.988730;4.504867;4.889743;4.790626;1.904521;2.967398;1.333139;3.558216;5.663081;4.921924;1.506783;5.124458;1.914324;5.011033;3.263968;4.031160;4.400834;5.595342;3.654353;2.752929;5.379576;2.705764;1.807737;3.110217;3.364847;3.982805;4.578884;1.860753;5.105869;1.390320;2.692515;1.685415;2.634170;4.128064;4.794423;3.451762;4.085336;3.188715;4.784503;5.120016;3.798409;4.273474;3.240027;2.105989;4.536891;2.145296;1.554603;1.575858;5.034864;1.853731;2.454147;4.163749;4.819441;1.497658;4.113220;2.758523;1.921761;4.317276;4.754817;4.880513;3.153137;4.750819;1.475836;3.608357;3.955861;1.619092;5.533612;6.025471;4.182740;3.855580;3.381140;3.011080;2.148476;2.541172;4.014755;3.434057;4.752835;3.882975;4.179751;2.646994;3.405312;2.613420;5.465447;3.604477;5.413619;6.183241;6.136290;9.303925;5.596679;4.554100;9.101748;5.187502;4.722799;4.881889;7.500937;6.486788;7.218909;7.245131;8.911386;8.854297;7.040516;5.360034;5.077662;8.924977;5.298678;4.324747;8.201623;7.670105;6.064314;6.058020;6.531116;7.230136;9.003924;7.273582;7.080823;5.207279;7.923908;7.387274;8.839526;3.687373;4.269475;7.050838;8.434305;5.877909;6.764817;7.147484;8.836609;8.135289;9.374409;7.070312;3.267441;7.489574;4.534707;8.040970;3.793418;7.408875;8.670871;7.484419;5.074244;5.979555;5.933228;9.246900;8.574359;7.022479;3.654061
1.540000;-1.633066;4.367757;3.482833;3.517788;2.976502;3.340329;1.907208;3.117191;4.109615;1.563384;5.322221;1.697860;3.258615;2.350754;3.615891;4.034191;2.621968;1.860134;2.935468;3.773235;5.335307;2.792381;3.809757;4.115708;1.655398;3.864360;3.448390;2.654648;3.487753;2.954580;4.814400;2.974047;4.500434;4.886100;4.788537;2.069632;2.958570;1.329621;3.545406;5.641961;4.914193;1.504564;5.121223;1.910192;4.997912;3.260610;4.029477;4.397191;5.584113;3.651465;2.745526;5.368181;2.702125;1.803263;3.100859;3.356207;3.836554;4.594742;1.855030;5.097254;1.405156;2.680618;1.676215;2.580712;4.122187;4.785508;3.446707;4.072909;3.185900;4.751831;5.112359;3.798409;4.255383;3.227998;2.100141;4.523129;2.137796;1.533459;1.573775;5.024172;1.847940;2.459680;4.162038;4.814776;1.495166;4.101051;2.753465;2.079052;4.336114;4.733912;4.871845;3.141905;4.748967;1.743448;3.605163;3.950812;1.614004;5.514439;6.007778;4.180824;3.842765;3.437683;3.003913;2.140767;2.536132;4.008367;3.425136;4.749046;3.881583;4.168865;2.646994;3.398169;2.607168;5.457576;3.586138;4.960471;6.178318;6.080022;9.299782;5.596063;4.551461;9.092604;5.176925;4.720346;4.888024;7.454572;6.500259;7.193498;7.081832;8.897005;8.841290;7.036528;5.368163;5.064157;8.909031;5.298678;4.339184;8.239814;7.146732;6.060534;6.024622;6.517916;7.186232;8.999126;7.273589;7.080015;5.204974;7.908489;7.378676;8.833560;3.679254;4.257169;7.045645;8.428004;5.872804;6.714637;7.143406;8.833810;8.094321;9.365067;7.060309;3.267442;7.549087;4.502083;8.038754;3.786371;7.390678;8.649786;7.467712;5.071464;5.948904;5.920517;9.227403;8.555397;7.021391;3.654061
1.540000;-2.745747;3.589086;3.492621;3.526111;2.984268;3.354536;1.819394;3.145052;4.114287;1.572049;5.328373;1.705123;3.270939;2.332033;3.925144;4.052541;2.587185;1.872594;2.941406;3.788960;5.344765;2.803819;3.813086;4.123902;1.666486;4.132247;3.458559;2.676757;3.499742;2.963280;4.814400;2.991284;4.506502;4.891164;4.791540;1.939175;2.969764;1.334522;3.560780;5.665222;4.924164;1.507745;5.125760;1.915879;5.013598;3.265307;4.031921;4.402256;5.597871;3.655545;2.755125;5.382111;2.707187;1.809379;3.112628;3.367193;3.876937;4.749524;1.862670;5.108212;1.402811;2.695063;1.687815;2.586256;4.130013;4.796797;3.453540;4.087896;3.189883;4.743477;5.122249;3.688136;4.275869;3.242580;2.107931;4.539456;2.147505;1.564422;1.576771;5.037368;1.855660;2.494350;4.164521;4.821133;1.498717;4.115776;2.760297;1.791671;4.325150;4.756969;4.882862;3.155665;4.751645;1.475836;3.609645;3.957638;1.620876;5.535918;6.027889;4.183588;3.858148;3.372082;3.013244;2.150712;2.542946;4.016794;3.436433;4.754298;3.883620;4.182264;2.646994;3.407472;2.615439;5.467707;3.606851;5.226673;6.184990;6.093684;9.305485;5.596982;4.555209;9.104143;5.189996;4.723845;4.981376;7.450904;6.487239;7.220536;7.089801;8.913942;8.856870;7.042034;5.390924;5.080230;8.927483;5.298677;5.334319;8.261247;7.098549;6.065779;6.058439;6.533684;7.228701;9.005645;7.273582;7.081214;5.208273;7.926439;7.389619;8.743423;3.681118;4.272035;7.052647;8.436330;5.879703;6.762245;7.149030;8.837771;8.134387;9.376817;7.072775;3.267441;7.943477;4.535250;8.041929;3.795566;7.411257;8.673011;7.486890;5.075402;5.980414;5.935789;9.249184;8.576685;7.022992;3.654060
1.540000;-5.533346;2.886390;3.505438;3.536869;2.994254;3.373863;1.891961;3.186826;4.120128;1.583282;5.336170;1.714422;3.287444;2.329385;3.729222;4.078343;2.621968;1.889290;2.948920;3.810618;5.357114;2.819022;3.817197;4.134479;1.681168;3.971321;3.471914;2.708707;3.515749;2.974566;4.814400;3.015310;4.514186;4.897519;4.795240;1.956290;2.984606;1.340667;3.581900;5.699093;4.937243;1.511670;5.131425;1.923056;5.035191;3.271185;4.034915;4.408608;5.616511;3.660619;2.767675;5.401017;2.713535;1.817127;3.128315;3.381731;4.800606;4.826850;1.872484;5.122712;1.394810;2.714754;1.703248;2.608456;4.140084;4.811768;3.462256;4.108409;3.194830;4.746951;5.135211;3.757406;4.305124;3.262482;2.117953;4.562054;2.160204;1.935056;1.580460;5.055167;1.865587;2.444556;4.167563;4.829202;1.503111;4.135887;2.769012;1.691954;4.328379;4.790513;4.897444;3.174311;4.754937;1.475836;3.615241;3.966344;1.629646;5.566823;6.056544;4.186991;3.879270;3.371804;3.025414;2.163756;2.551637;4.027700;3.451420;4.760900;3.886103;4.200362;2.646994;3.419591;2.626120;5.481013;3.636495;5.353008;6.193490;6.132044;9.312685;5.598095;4.559860;9.119498;5.207618;4.728172;4.890333;7.583596;6.557699;7.260895;7.047589;8.937510;8.878300;7.048973;5.376217;5.102431;8.953478;5.298677;4.325650;8.224755;7.098729;6.072374;6.110732;6.555412;7.296510;9.013934;7.273593;7.082664;5.212347;7.951611;7.404103;8.895592;3.678499;4.292367;7.061592;8.447104;5.888501;6.839242;7.156121;8.842691;8.197884;9.392474;7.089496;3.267442;7.489919;4.586415;8.045846;3.807546;7.440686;8.706838;7.514039;5.080295;6.028622;5.956758;9.280600;8.607278;7.024935;3.654062
1.540000;-7.740751;3.623735;3.510250;3.540899;2.997989;3.381147;1.819203;3.202596;4.122299;1.587489;5.339079;1.717899;3.293655;2.332074;3.628774;4.088092;2.388040;1.895575;2.951722;3.818795;5.361746;2.824741;3.818720;4.138438;1.686692;3.871654;3.476932;2.720788;3.521775;2.978795;4.814400;3.024385;4.517055;4.899883;4.796609;1.950014;2.990185;1.342952;3.589869;5.711900;4.942154;1.513123;5.133531;1.925730;5.043342;3.273368;4.036021;4.410975;5.623538;3.662503;2.772384;5.408143;2.715899;1.820016;3.134220;3.387197;3.881415;4.675801;1.876155;5.128165;1.357382;2.722179;1.709052;2.800548;4.143852;4.817404;3.465512;4.116148;3.196666;4.749032;5.140080;3.798409;4.316185;3.269987;2.121701;4.570585;2.164972;2.290990;1.581826;5.061871;1.869300;2.441859;4.168688;4.832215;1.504739;4.143475;2.772265;1.696021;4.316039;4.803194;4.902925;3.181340;4.756153;1.465390;3.617321;3.969594;1.632920;5.578516;6.067378;4.188248;3.887239;3.375808;3.029978;2.168652;2.554881;4.031785;3.457054;4.763360;3.887022;4.207182;2.646994;3.424139;2.630119;5.486009;3.647704;5.184827;6.196665;6.123647;9.315368;5.598502;4.561585;9.125270;5.214256;4.729776;4.881936;7.595850;6.545820;7.276137;7.355342;8.946424;8.886393;7.051559;5.359683;5.110811;8.963301;5.298677;4.378203;8.277694;7.229607;6.074828;6.130407;6.563614;7.321835;9.017029;7.273585;7.083201;5.213855;7.961123;7.409543;8.768630;3.723920;4.300039;7.064935;8.451136;5.891789;6.867833;7.158764;8.844519;8.221645;9.398364;7.095797;3.267442;7.541584;4.605659;8.047297;3.812039;7.451812;8.719624;7.524297;5.082111;6.046786;5.964671;9.292477;8.618844;7.025653;3.654061
1.540000;-6.845374;3.174308;3.524779;3.553095;3.009311;3.403036;2.050050;3.249782;4.128922;1.600225;5.347919;1.728444;3.312356;2.328322;3.660304;4.117290;2.420594;1.914494;2.960243;3.843319;5.375744;2.841963;3.823383;4.150431;1.703334;3.865385;3.492075;2.756920;3.539904;2.991589;4.814400;3.051577;4.525772;4.907091;4.800803;1.980675;3.007005;1.349919;3.613783;5.750210;4.956978;1.517573;5.139956;1.933868;5.067789;3.280032;4.039417;4.418180;5.644652;3.668258;2.786611;5.429559;2.723099;1.828803;3.151986;3.403675;3.844289;4.971250;1.887282;5.144597;1.353018;2.744478;1.726538;2.801457;4.155271;4.834370;3.475395;4.139381;3.202278;4.804691;5.154772;3.798409;4.349284;3.292525;2.133065;4.596170;2.179365;2.121561;1.586008;5.082037;1.880555;2.476999;4.172139;4.841365;1.509723;4.166250;2.782142;1.686089;4.316669;4.841118;4.919453;3.202462;4.759885;1.475836;3.623666;3.979466;1.642860;5.613468;6.099795;4.192104;3.911157;3.432993;3.043773;2.183436;2.564734;4.044147;3.474042;4.770847;3.889840;4.227682;2.646994;3.437879;2.642230;5.501092;3.681239;5.481170;6.206306;6.089109;9.323531;5.599763;4.566856;9.142670;5.234215;4.734683;4.935880;7.479048;6.487847;7.321730;7.073162;8.973108;8.910664;7.059431;5.374175;5.135953;8.992712;5.298678;4.666098;8.206336;7.138223;6.082309;6.189431;6.588217;7.398317;9.026430;7.273582;7.084847;5.218476;7.989612;7.425955;8.842181;3.680938;4.323066;7.075078;8.463346;5.901768;6.954681;7.166808;8.850100;8.293274;9.416107;7.114737;3.267442;7.606647;4.663407;8.051736;3.825619;7.485102;8.757872;7.555011;5.087659;6.101207;5.988413;9.328005;8.653447;7.027858;3.654061
1.540000;-0.448516;5.545524;3.491454;3.525101;2.983318;3.352922;1.866312;3.142086;4.113692;1.571001;5.327606;1.704230;3.269511;2.335727;3.659955;4.050520;2.621968;1.871150;2.940664;3.787195;5.343632;2.802477;3.812654;4.122905;1.665182;3.874686;3.457350;2.674370;3.498347;2.962229;4.814400;2.989370;4.505742;4.890521;4.791149;1.919524;2.968450;1.333901;3.559048;5.662713;4.922979;1.507332;5.125181;1.915164;5.011835;3.264709;4.031600;4.401614;5.596298;3.655022;2.753977;5.380521;2.706544;1.808614;3.111258;3.365901;4.378318;4.794177;1.861734;5.106923;1.363191;2.693423;1.686459;2.661986;4.129056;4.795474;3.452694;4.086198;3.189370;4.743411;5.121070;3.798409;4.273637;3.240926;2.106978;4.537632;2.146348;1.546228;1.576380;5.035853;1.854716;2.758461;4.164194;4.820341;1.498258;4.114103;2.759451;1.716759;4.741781;4.754491;4.881566;3.154090;4.751295;1.475836;3.609074;3.956794;1.620028;5.533593;6.025698;4.183229;3.856414;3.406121;3.012124;2.149528;2.542103;4.015775;3.435108;4.753634;3.883350;4.180724;2.646994;3.406354;2.614432;5.466502;3.604603;7.790549;6.184163;6.106076;9.304770;5.596859;4.554728;9.102796;5.188491;4.723394;4.915957;7.469865;6.663237;7.217659;7.048476;8.912065;8.855112;7.041342;5.361382;5.078431;8.925462;5.298677;4.212231;8.206665;7.104248;6.065113;6.054815;6.531914;7.223962;9.004836;7.273585;7.081054;5.207846;7.924457;7.388331;8.793785;3.719976;4.270353;7.051781;8.435325;5.878847;6.756749;7.148320;8.837261;8.129979;9.375440;7.071332;3.267441;7.605159;4.531706;8.041519;3.794460;7.409024;8.670518;7.484790;5.074896;5.977060;5.934071;9.246832;8.574378;7.022779;3.654061
1.540000;-7.424407;3.441358;3.515597;3.545444;3.002231;3.388896;1.831665;3.217557;4.124848;1.592220;5.342438;1.721867;3.300388;2.333503;3.813042;4.098067;2.617580;1.902377;2.954966;3.827362;5.366914;2.830985;3.820536;4.142913;1.692747;3.902922;3.482485;2.732756;3.528314;2.983548;4.814400;3.033764;4.520369;4.902648;4.798246;1.943437;2.996298;1.345628;3.598250;5.724483;4.947600;1.514859;5.136006;1.928835;5.051884;3.275932;4.037354;4.413739;5.631042;3.664730;2.777630;5.415742;2.718660;1.823357;3.140643;3.393197;3.835425;4.695165;1.880328;5.134148;1.355848;2.730056;1.715384;2.586837;4.148127;4.823564;3.469245;4.124320;3.198840;4.745907;5.145482;3.798409;4.327293;3.277938;2.125957;4.579475;2.170272;1.640790;1.583459;5.069072;1.873519;2.447198;4.170043;4.835684;1.506677;4.151505;2.775997;2.442319;4.752656;4.815663;4.908942;3.188846;4.757615;1.475836;3.619767;3.973322;1.636671;5.590150;6.078293;4.189757;3.895620;3.472401;3.035076;2.174084;2.558603;4.036390;3.463224;4.766227;3.888132;4.214492;2.646994;3.429213;2.634637;5.491545;3.658938;5.050648;6.200310;6.095517;9.318482;5.599003;4.563632;9.131574;5.221391;4.731685;4.891368;7.451798;6.561441;7.290680;7.128059;8.955650;8.894880;7.054568;5.358548;5.119569;8.973341;5.298677;4.673016;8.203709;7.102439;6.077693;6.148390;6.572205;7.344061;9.020587;7.273582;7.083855;5.215656;7.970885;7.415516;8.744723;3.678409;4.308144;7.068761;8.455689;5.895557;6.892517;7.161837;8.846681;8.242715;9.404784;7.102594;3.267442;7.503552;4.623322;8.049028;3.817063;7.462975;8.732182;7.534717;5.084261;6.063616;5.972996;9.304274;8.630383;7.026524;3.654061
1.540000;-2.470306;3.763515;3.493155;3.526405;2.984484;3.356126;1.827429;3.152611;4.114226;1.572395;5.328414;1.705278;3.272023;2.374917;3.651881;4.055542;2.621968;1.873710;2.941430;3.791021;5.345240;2.804695;3.812984;4.124176;1.667278;3.897741;3.459169;2.681358;3.500746;2.963631;4.814400;2.993867;4.506536;4.891124;4.791434;1.925462;2.970581;1.334476;3.562727;5.670368;4.924733;1.507641;5.125692;1.915882;5.015643;3.265247;4.031816;4.402215;5.599327;3.655461;2.755627;5.383618;2.707146;1.809416;3.113579;3.367965;3.907567;4.869692;1.862872;5.108979;1.384353;2.696722;1.688723;2.726151;4.130239;4.797636;3.453647;4.089719;3.189794;4.771250;5.122802;3.798409;4.279741;3.244280;2.108151;4.541718;2.148025;2.823839;1.576665;5.038675;1.855873;2.551323;4.164416;4.821191;1.498618;4.117519;2.760404;1.686792;4.663403;4.762021;4.883640;3.157124;4.751540;1.475837;3.609577;3.957744;1.620988;5.540233;6.031604;4.183485;3.860097;3.374601;3.013698;2.151277;2.543051;4.017105;3.437271;4.754271;3.883522;4.183624;2.646994;3.407918;2.615723;5.468306;3.610827;4.960560;6.185080;6.084767;9.305489;5.596924;4.555115;9.105039;5.191270;4.723745;4.883707;7.455441;6.805642;7.227646;7.059598;8.916424;8.858877;7.042023;5.358370;5.082406;8.930531;5.298677;4.686777;8.226725;7.102955;6.065747;6.069547;6.535759;7.245524;9.005718;7.273585;7.081142;5.208170;7.929284;7.390384;8.816714;3.687096;4.273821;7.052771;8.436625;5.879814;6.782589;7.149024;8.837682;8.149581;9.377755;7.073891;3.267442;7.817865;4.545970;8.041825;3.795995;7.415175;8.678138;7.490220;5.075312;5.990110;5.937706;9.253636;8.580914;7.022906;3.654060
1.540000;-5.009176;2.881192;3.517202;3.546751;3.003427;3.391545;1.858960;3.224636;4.125501;1.593596;5.343340;1.722969;3.302565;2.369974;3.616359;4.101881;2.621968;1.904586;2.955830;3.830417;5.368448;2.832956;3.820982;4.144194;1.694636;4.170070;3.484174;2.737770;3.530416;2.984930;4.814399;3.037244;4.521258;4.903361;4.798644;1.958638;2.998214;1.346319;3.601208;5.729883;4.949245;1.515282;5.136638;1.929655;5.054926;3.276589;4.037671;4.414455;5.633573;3.665289;2.779195;5.418321;2.719377;1.824251;3.142691;3.395066;4.280555;4.781862;1.881502;5.136011;1.365979;2.732768;1.717393;2.579593;4.149336;4.825499;3.470270;4.127173;3.199383;4.961864;5.147110;3.781706;4.331769;3.280686;2.127160;4.582700;2.171862;1.567206;1.583856;5.071464;1.874707;2.678564;4.170364;4.836622;1.507155;4.154280;2.777018;2.128919;4.393828;4.820998;4.910817;3.191381;4.757965;1.475836;3.620389;3.974345;1.637703;5.594950;6.082649;4.190121;3.898582;3.455900;3.036585;2.175724;2.559623;4.037717;3.465163;4.766975;3.888393;4.216935;2.646994;3.430718;2.635931;5.493223;3.663491;6.155886;6.201306;6.100056;9.319309;5.599116;4.564138;9.133568;5.223753;4.732155;4.957398;7.456267;6.493433;7.297454;7.168323;8.959048;8.897898;7.055358;5.395839;5.122719;8.977186;5.298679;5.454471;8.214498;7.236844;6.078439;6.157832;6.575271;7.357145;9.021557;7.273589;7.084003;5.216097;7.974582;7.417382;8.744313;3.679763;4.310966;7.069815;8.456994;5.896588;6.907799;7.162646;8.847220;8.254773;9.406826;7.104813;3.267441;7.566619;4.632516;8.049448;3.818545;7.467485;8.737581;7.538785;5.084797;6.072120;5.975931;9.309176;8.635124;7.026726;3.654060
1.540000;-7.489290;3.501800;3.485876;3.520312;2.978835;3.345059;1.835016;3.127998;4.110940;1.566027;5.324017;1.700019;3.262606;2.336512;3.614777;4.040646;2.621968;1.864178;2.937191;3.778583;5.338235;2.796036;3.810675;4.118187;1.658921;3.880956;3.451573;2.662770;3.491616;2.957234;4.814399;2.980028;4.502199;4.887546;4.789360;1.960408;2.962130;1.331018;3.550608;5.650601;4.917303;1.505440;5.122506;1.911836;5.003250;3.261941;4.030138;4.398638;5.588665;3.652607;2.748502;5.372799;2.703570;1.805045;3.104639;3.359690;4.039716;4.585633;1.857320;5.100727;1.362156;2.685443;1.679929;2.597162;4.124539;4.789103;3.448725;4.077955;3.187013;4.852232;5.115438;3.798409;4.262779;3.232878;2.102480;4.528726;2.140813;1.582694;1.574595;5.028503;1.850256;2.444922;4.162711;4.816638;1.496149;4.105988;2.755482;1.686796;4.423686;4.742466;4.875340;3.146458;4.749695;1.564131;3.606428;3.952827;1.616034;5.522274;6.015005;4.181576;3.847975;3.402831;3.006791;2.143867;2.538144;4.010928;3.428737;4.750551;3.882131;4.173274;2.646994;3.401043;2.609674;5.460744;3.593628;5.900043;6.180281;6.084702;9.301429;5.596304;4.552505;9.096294;5.181204;4.721316;4.903469;7.452527;6.634511;7.203907;7.275657;8.902855;8.846578;7.038113;5.421888;5.069648;8.915528;5.298678;4.342890;8.206090;7.154049;6.062033;6.038318;6.523279;7.204201;9.001039;7.273589;7.080329;5.205883;7.914769;7.382140;8.796036;3.678801;4.262164;7.047718;8.430528;5.874842;6.735131;7.145028;8.834916;8.111103;9.368838;7.064349;3.267442;7.491049;4.515464;8.039625;3.789200;7.398108;8.658410;7.474525;5.072563;5.961474;5.925679;9.235373;8.563147;7.021819;3.654062
1.540000;-7.304124;3.403874;3.488694;3.522743;2.981114;3.348975;1.922176;3.134882;4.112356;1.568547;5.325851;1.702163;3.266068;2.342364;3.688041;4.045523;2.621968;1.867670;2.938969;3.782860;5.340963;2.799273;3.811698;4.120583;1.662068;3.886598;3.454488;2.668462;3.494993;2.959767;4.814399;2.984655;4.504012;4.889075;4.790285;2.178622;2.965309;1.332499;3.554804;5.656532;4.920167;1.506418;5.123882;1.913541;5.007513;3.263364;4.030897;4.400166;5.592471;3.653852;2.751269;5.376652;2.705099;1.806870;3.107960;3.362814;3.831662;4.727433;1.859564;5.103844;1.392398;2.689420;1.683209;2.587389;4.126835;4.792302;3.450750;4.082057;3.188229;4.742069;5.118282;3.752551;4.268118;3.236886;2.104768;4.533142;2.143608;1.558651;1.575520;5.032173;1.852525;2.441680;4.163481;4.818530;1.497239;4.110029;2.757508;1.689004;4.370516;4.748360;4.878472;3.150267;4.750525;2.045194;3.607790;3.954851;1.618072;5.527834;6.020267;4.182433;3.852167;3.571634;3.009490;2.146726;2.540164;4.013386;3.431939;4.752133;3.882764;4.176998;2.646994;3.403726;2.612088;5.463649;3.599027;5.014617;6.182263;6.100415;9.303142;5.596594;4.553652;9.099555;5.184850;4.722387;4.889825;7.498330;6.495168;7.210627;7.045448;8.907429;8.850816;7.039767;5.358582;5.074004;8.920427;5.298678;4.597081;8.206554;7.112573;6.063615;6.046392;6.527567;7.213988;9.002978;7.273578;7.080706;5.206898;7.919558;7.385252;8.784641;3.730924;4.266239;7.049790;8.432963;5.876887;6.745963;7.146717;8.836125;8.120417;9.372157;7.067850;3.267442;7.547328;4.523409;8.040605;3.791861;7.403477;8.664345;7.479583;5.073766;5.969092;5.929851;9.240997;8.568666;7.022318;3.654061
1.540000;-3.224511;3.332158;3.483152;3.518016;2.976698;3.341010;1.883423;3.119581;4.109677;1.563634;5.322339;1.698028;3.259130;2.397227;3.636626;4.035302;2.526559;1.860659;2.935577;3.774063;5.335605;2.792824;3.809782;4.115928;1.655811;4.145804;3.448737;2.656221;3.488242;2.954829;4.814400;2.975036;4.500546;4.886175;4.788555;2.087982;2.958992;1.329690;3.546197;5.643681;4.914527;1.504586;5.121281;1.910289;4.998742;3.260670;4.029486;4.397265;5.584754;3.651509;2.745833;5.368833;2.702199;1.803378;3.101331;3.356613;3.859080;4.629244;1.855220;5.097657;1.386896;2.681319;1.676670;2.637793;4.122386;4.785939;3.446854;4.073665;3.185941;4.772554;5.112685;3.798409;4.256752;3.228711;2.100338;4.524018;2.138117;1.532868;1.573794;5.024761;1.848133;2.627117;4.162047;4.814903;1.495196;4.101783;2.753613;1.686267;4.506285;4.735611;4.872253;3.142543;4.748979;1.472148;3.605218;3.950960;1.614155;5.515934;6.009098;4.180836;3.843562;3.373142;3.004203;2.141096;2.536279;4.008600;3.425568;4.749126;3.881588;4.169474;2.646994;3.398463;2.607394;5.457920;3.587531;4.963077;6.178455;6.134656;9.299879;5.596060;4.551496;9.093048;5.177498;4.720375;4.962057;7.628021;6.521953;7.195758;7.121395;8.897956;8.842100;7.036617;5.369992;5.065017;8.910143;5.298678;4.278929;8.194606;7.128277;6.060608;6.027975;6.518745;7.191207;8.999257;7.273593;7.080013;5.204999;7.909546;7.379074;8.742294;3.694553;4.257908;7.045798;8.428226;5.872953;6.720670;7.143500;8.833848;8.098824;9.365524;7.060825;3.267441;7.485050;4.505324;8.038776;3.786649;7.392054;8.651494;7.468915;5.071502;5.951871;5.921294;9.228927;8.556862;7.021393;3.654062
1.540000;-4.981499;2.879387;3.483738;3.518611;2.977289;3.341370;1.819202;3.117720;4.110153;1.564227;5.322890;1.698612;3.259619;2.333466;3.640860;4.035216;2.312493;1.861142;2.936116;3.774286;5.336198;2.793355;3.810160;4.116521;1.656362;4.530668;3.449316;2.655552;3.488749;2.955425;4.814399;2.975094;4.501092;4.886673;4.788905;2.020126;2.959537;1.330179;3.546455;5.642803;4.915108;1.504951;5.121747;1.910820;4.998967;3.261147;4.029781;4.397765;5.585148;3.651945;2.746420;5.369217;2.702697;1.803926;3.101849;3.357165;3.933245;4.915596;1.855810;5.098210;1.361781;2.681664;1.677196;2.587708;4.122976;4.786478;3.447427;4.073960;3.186370;4.755926;5.113266;3.798409;4.256351;3.229041;2.100928;4.524180;2.138700;1.576520;1.574141;5.025196;1.848721;2.639591;4.162347;4.815460;1.495591;4.102098;2.754189;1.733024;4.383833;4.734766;4.872805;3.142940;4.749298;1.475836;3.605682;3.951532;1.614728;5.515365;6.008759;4.181165;3.843820;3.444156;3.004795;2.141678;2.536850;4.009197;3.426107;4.749636;3.881841;4.169901;2.646994;3.399054;2.607987;5.458498;3.587097;5.579237;6.179023;6.129543;9.300411;5.596184;4.551908;9.093579;5.177944;4.720768;4.893589;7.453204;6.487737;7.194083;7.250183;8.898048;8.842338;7.037139;5.361960;5.065205;8.910043;5.298678;4.328313;8.371465;7.111802;6.061121;6.024570;6.518965;7.185112;8.999819;7.273589;7.080171;5.205373;7.909517;7.379626;8.741950;3.709305;4.258215;7.046376;8.428826;5.873529;6.712779;7.144028;8.834277;8.093523;9.366052;7.061308;3.267442;7.493781;4.502094;8.039141;3.787243;7.391633;8.650620;7.468715;5.071928;5.949098;5.921564;9.228311;8.556331;7.021598;3.654061
1.540000;-7.362391;3.415667;3.505189;3.536592;2.993971;3.373809;1.912547;3.188174;4.119877;1.583007;5.335893;1.714140;3.287287;2.434528;3.621588;4.078609;2.584555;1.889138;2.948646;3.810669;5.356859;2.818824;3.816993;4.134200;1.680962;4.015427;3.471676;2.709355;3.515573;2.974294;4.814399;3.015481;4.513912;4.897259;4.795049;1.910290;2.984400;1.340410;3.581925;5.699871;4.936997;1.511473;5.131179;1.922784;5.035238;3.270933;4.034753;4.408350;5.616428;3.660387;2.767421;5.400945;2.713276;1.816849;3.128134;3.381518;4.042993;4.588095;1.872203;5.122499;1.351514;2.714715;1.703057;2.589928;4.139802;4.811568;3.461972;4.108407;3.194601;4.742141;5.134965;3.798409;4.305601;3.262451;2.117669;4.562150;2.159950;1.634077;1.580269;5.055058;1.865306;2.445703;4.167399;4.828923;1.502898;4.135868;2.768729;1.687391;4.659278;4.791268;4.897233;3.174231;4.754760;1.475793;3.614996;3.966061;1.629360;5.567405;6.056982;4.186810;3.879295;3.373427;3.025156;2.163509;2.551353;4.027424;3.451219;4.760637;3.885964;4.200260;2.646994;3.419332;2.625841;5.480771;3.636998;4.971390;6.193209;6.084845;9.312412;5.598024;4.559640;9.119308;5.207499;4.727962;4.883899;7.463954;6.492150;7.262138;7.053083;8.937663;8.878343;7.048705;5.358400;5.102508;8.953760;5.298678;4.382020;8.238980;7.098907;6.072106;6.112896;6.555466;7.299885;9.013655;7.273582;7.082578;5.212145;7.951842;7.403885;8.846186;3.682760;4.292357;7.061309;8.446826;5.888218;6.843315;7.155852;8.842463;8.200926;9.392294;7.089345;3.267442;7.619176;4.588481;8.045649;3.807281;7.441169;8.707615;7.514382;5.080068;6.030462;5.956778;9.281208;8.607837;7.024823;3.654061
1.540000;-6.149797;2.981072;3.495913;3.528844;2.986791;3.359667;1.820451;3.156929;4.115725;1.574905;5.330317;1.707464;3.275259;2.346763;3.637938;4.059566;2.621968;1.876969;2.943277;3.794765;5.347929;2.807777;3.814085;4.126584;1.670294;3.907002;3.462000;2.685630;3.503920;2.966156;4.814400;2.997780;4.508416;4.892735;4.792438;1.992645;2.973619;1.336039;3.566429;5.674671;4.927531;1.508699;5.127152;1.917661;5.019381;3.266753;4.032643;4.403824;5.602798;3.656788;2.758344;5.387118;2.708753;1.811310;3.116722;3.370963;3.826379;4.583629;1.865148;5.111972;1.393892;2.700296;1.691834;2.613805;4.132561;4.800685;3.455726;4.093362;3.191093;4.746094;5.125582;3.798409;4.283925;3.247874;2.110464;4.545535;2.150763;1.841219;1.577665;5.042055;1.858168;2.589767;4.165255;4.823149;1.499787;4.121129;2.762484;1.686076;4.351757;4.766326;4.886644;3.160597;4.752442;1.475836;3.611022;3.959822;1.623076;5.544473;6.035769;4.184413;3.863792;3.396291;3.016360;2.154065;2.545126;4.019567;3.440329;4.755931;3.884217;4.187038;2.646994;3.410575;2.618149;5.471135;3.615030;5.148490;6.187123;6.090765;9.307274;5.597247;4.556346;9.108144;5.194637;4.724899;4.902437;7.462173;6.490730;7.231986;7.045103;8.920318;8.862610;7.043756;5.369851;5.086196;8.934580;5.298678;4.217612;8.227155;7.098993;6.067409;6.073563;6.539511;7.248564;9.007717;7.273589;7.081559;5.209265;7.933282;7.393377;8.761451;3.684855;4.277456;7.054893;8.439073;5.881909;6.784858;7.150788;8.838975;8.152943;9.380905;7.077160;3.267441;7.504082;4.550040;8.042879;3.798629;7.419373;8.682456;7.494322;5.076598;5.994284;5.941397;9.257895;8.585148;7.023458;3.654060
1.540000;-4.752570;2.896385;3.478138;3.513780;2.972756;3.333598;1.858664;3.104630;4.107346;1.559216;5.319244;1.694351;3.252736;2.440326;3.618346;4.025605;2.556673;1.854202;2.932591;3.765813;5.330769;2.786916;3.808134;4.111760;1.650099;3.987499;3.443520;2.644441;3.482035;2.950391;4.814400;2.965955;4.497492;4.883643;4.787072;1.931809;2.953218;1.327240;3.538140;5.631265;4.909411;1.503013;5.119017;1.907435;4.990515;3.258327;4.028283;4.394733;5.577586;3.649480;2.740916;5.361570;2.699668;1.800300;3.095242;3.350951;3.921669;4.918316;1.851344;5.092010;1.416869;2.673775;1.670677;2.596664;4.118412;4.780117;3.443402;4.065825;3.183962;4.845570;5.107613;3.689532;4.245875;3.221089;2.096382;4.515438;2.133139;1.616602;1.572314;5.017898;1.844215;2.443718;4.160825;4.811700;1.493436;4.094086;2.750164;1.686032;4.316090;4.723305;4.866576;3.135373;4.747658;1.475836;3.602984;3.947513;1.610685;5.504498;5.998424;4.179473;3.835502;3.572122;2.999431;2.135997;2.532838;4.004309;3.419739;4.746497;3.880587;4.162503;2.646994;3.393706;2.603186;5.452718;3.576520;6.759486;6.175087;6.088244;9.297017;5.595611;4.549635;9.087087;5.170702;4.718643;4.882509;7.532784;6.521879;7.181252;7.058790;8.889030;8.833926;7.033855;5.359449;5.056576;8.900380;5.298678;4.410960;8.344002;7.139876;6.057985;6.009792;6.510473;7.168463;8.995969;7.273593;7.079426;5.203365;7.900069;7.373433;8.737068;3.747794;4.250133;7.042258;8.423994;5.869468;6.695290;7.140680;8.831882;8.077331;9.359451;7.054358;3.267442;7.548579;4.487487;8.037207;3.781948;7.381116;8.639094;7.458754;5.069544;5.934923;5.913293;9.217326;8.545534;7.020611;3.654061
1.540000;-6.547252;3.073534;3.524868;3.553176;3.009390;3.403138;1.825423;3.249738;4.128976;1.600307;5.347984;1.728518;3.312455;2.328335;3.726530;4.117376;2.621968;1.914592;2.960306;3.843414;5.375832;2.842060;3.823423;4.150511;1.703428;3.928245;3.492163;2.756969;3.540002;2.991673;4.814400;3.051669;4.525836;4.907146;4.800839;1.902381;3.007099;1.349975;3.613879;5.750250;4.957068;1.517612;5.140007;1.933930;5.067885;3.280085;4.039447;4.418237;5.644750;3.668305;2.786700;5.429657;2.723157;1.828869;3.152082;3.403767;3.874113;4.769280;1.887359;5.144690;1.384560;2.744576;1.726635;2.584888;4.155349;4.834466;3.475467;4.139475;3.202324;4.741405;5.154863;3.798409;4.349352;3.292622;2.133143;4.596263;2.179455;1.567012;1.586045;5.082135;1.880632;2.441623;4.172169;4.841432;1.509765;4.166349;2.782214;1.876694;4.338379;4.841156;4.919545;3.202559;4.759917;1.475836;3.623718;3.979536;1.642931;5.613522;6.099866;4.192139;3.911257;3.386818;3.043862;2.183526;2.564805;4.044230;3.474136;4.770906;3.889865;4.227786;2.646994;3.437969;2.642312;5.501182;3.681304;6.239145;6.206376;6.081568;9.323599;5.599775;4.566901;9.142761;5.234314;4.734723;4.966169;7.466417;6.851447;7.321706;7.215951;8.973196;8.910761;7.059489;5.373832;5.136047;8.992796;5.298676;4.232727;8.195384;7.112982;6.082367;6.189229;6.588314;7.397777;9.026496;7.273589;7.084865;5.218516;7.989692;7.426049;8.769545;3.697463;4.323164;7.075152;8.463424;5.901842;6.953886;7.166873;8.850145;8.292838;9.416206;7.114830;3.267442;7.686139;4.663211;8.051774;3.825704;7.485168;8.757911;7.555093;5.087706;6.101067;5.988513;9.328056;8.653506;7.027877;3.654060
1.540000;-4.615487;2.906499;3.452692;3.492372;2.952867;3.295508;1.834898;3.023741;4.095650;1.536868;5.303670;1.675809;3.220110;2.376972;3.627257;3.975076;2.621968;1.821200;2.917576;3.723235;5.306239;2.756822;3.799882;4.090706;1.621013;4.408808;3.417014;2.582181;3.450376;2.927949;4.814399;2.918822;4.482137;4.870924;4.779643;2.103542;2.923826;1.314943;3.496600;5.565322;4.883457;1.495136;5.107670;1.893089;4.948057;3.246559;4.022265;4.382016;5.540821;3.639309;2.715997;5.324297;2.686962;1.784823;3.064210;3.322150;4.179151;4.579121;1.831792;5.063284;1.356569;2.634987;1.640136;2.599647;4.098353;4.750459;3.426010;4.025442;3.174042;4.756076;5.081882;3.798409;4.188736;3.181899;2.076422;4.471054;2.107925;1.535995;1.564905;4.982761;1.824441;2.592280;4.154710;4.795586;1.484620;4.054474;2.732780;1.757681;4.332119;4.658020;4.837688;3.098602;4.741047;1.905253;3.591776;3.930145;1.593190;5.444216;5.942440;4.172642;3.793949;3.374727;2.975254;2.110110;2.515501;3.982611;3.390059;4.733287;3.875589;4.126783;2.646994;3.369620;2.581924;5.426319;3.518659;4.999506;6.158123;6.085185;9.282622;5.593372;4.540310;9.056709;5.135924;4.709962;4.883279;7.477130;6.744268;7.103058;7.056977;8.842788;8.791787;7.019979;5.374870;5.012956;8.849510;5.298677;4.826203;8.338902;7.143304;6.044795;5.909046;6.467761;7.038389;8.979424;7.273578;7.076501;5.195188;7.850757;7.344750;8.734023;3.731548;4.210108;7.024417;8.402569;5.851914;6.547828;7.126500;8.822016;7.955420;9.328480;7.021327;3.267442;7.524061;4.388896;8.029346;3.758146;7.323666;8.573283;7.405668;5.059732;5.841907;5.872051;9.156091;8.485863;7.016698;3.654061
1.540000;-5.280094;2.876277;3.478369;3.514009;2.972982;3.333757;1.819295;3.103624;4.107515;1.559448;5.319446;1.694571;3.252947;2.367858;3.615038;4.025570;2.375566;1.854407;2.932789;3.765918;5.331001;2.787138;3.808265;4.111990;1.650324;3.901889;3.443754;2.644112;3.482249;2.950624;4.814400;2.965985;4.497694;4.883821;4.787190;2.098583;2.953443;1.327415;3.538259;5.630824;4.909647;1.503139;5.119184;1.907629;4.990619;3.258496;4.028383;4.394913;5.577760;3.649632;2.741153;5.361739;2.699848;1.800503;3.095459;3.351178;3.826095;4.586795;1.851569;5.092238;1.382357;2.673928;1.670897;2.579445;4.118638;4.780332;3.443617;4.065959;3.184113;4.779632;5.107847;3.798409;4.245686;3.221238;2.096609;4.515514;2.133376;1.770723;1.572432;5.018080;1.844440;2.629761;4.160927;4.811907;1.493574;4.094228;2.750376;1.686047;4.397669;4.722882;4.866803;3.135548;4.747766;1.790195;3.603148;3.947725;1.610895;5.504225;5.998265;4.179584;3.835623;3.390275;2.999665;2.136231;2.533051;4.004539;3.419962;4.746681;3.880672;4.162687;2.646994;3.393941;2.603415;5.452952;3.576315;5.241677;6.175299;6.083294;9.297209;5.595652;4.549778;9.087309;5.170897;4.718778;4.882941;7.489810;6.608171;7.180357;7.080833;8.889080;8.834037;7.034045;5.394274;5.056664;8.900342;5.298676;4.232856;8.207154;7.147588;6.058167;6.007806;6.510576;7.164617;8.996178;7.273585;7.079479;5.203495;7.900065;7.373663;8.750138;3.678417;4.250272;7.042474;8.424218;5.869684;6.690153;7.140871;8.832031;8.074049;9.359670;7.054567;3.267441;7.492663;4.485624;8.037332;3.782182;7.380919;8.638661;7.458663;5.069694;5.933352;5.913415;9.217025;8.545280;7.020678;3.654060
1.540000;-5.916890;2.937122;3.491928;3.525490;2.983674;3.353672;1.822190;3.143660;4.113886;1.571411;5.327874;1.704560;3.270144;2.349280;3.813175;4.051539;2.621968;1.871788;2.940922;3.788044;5.344090;2.803058;3.812785;4.123286;1.665739;3.865795;3.457849;2.675627;3.498958;2.962641;4.814400;2.990320;4.506010;4.890736;4.791265;1.945868;2.969011;1.334107;3.559878;5.664039;4.923464;1.507456;5.125368;1.915408;5.012683;3.264905;4.031692;4.401826;5.597021;3.655187;2.754443;5.381256;2.706757;1.808881;3.111853;3.366449;4.096794;4.671148;1.862085;5.107469;1.375489;2.694190;1.687046;2.643578;4.129417;4.796044;3.452997;4.087007;3.189531;4.767472;5.121551;3.776868;4.274796;3.241704;2.107338;4.538519;2.146818;1.536321;1.576497;5.036540;1.855070;2.494338;4.164289;4.820622;1.498397;4.114895;2.759761;1.711994;4.784905;4.755804;4.882116;3.154815;4.751398;3.173770;3.609258;3.957099;1.620335;5.534810;6.026829;4.183335;3.857242;3.382709;3.012573;2.150013;2.542409;4.016169;3.435675;4.753858;3.883425;4.181426;2.646994;3.406802;2.614817;5.466999;3.605769;4.989677;6.184461;6.089012;9.305016;5.596891;4.554877;9.103377;5.189172;4.723530;4.893719;7.455930;6.501273;7.219185;7.081827;8.912988;8.855956;7.041576;5.364673;5.079301;8.926481;5.298677;4.457547;8.215827;7.193175;6.065337;6.056632;6.532767;7.225944;9.005123;7.273585;7.081095;5.207974;7.925449;7.388874;8.750794;3.758578;4.271148;7.052097;8.435710;5.879158;6.758709;7.148564;8.837421;8.131935;9.376041;7.071971;3.267442;7.572447;4.533494;8.041641;3.794900;7.410182;8.671828;7.485864;5.075055;5.978789;5.934889;9.248067;8.575583;7.022836;3.654060
1.540000;-6.099383;2.968404;3.499699;3.531986;2.989697;3.365526;1.835176;3.170246;4.117379;1.578197;5.332556;1.710158;3.280216;2.328830;3.721696;4.067545;2.571455;1.881984;2.945431;3.801383;5.351565;2.812310;3.815236;4.129671;1.674671;3.914784;3.465953;2.695654;3.508716;2.969461;4.814400;3.005176;4.510622;4.894541;4.793469;1.909830;2.978041;1.337783;3.572871;5.685339;4.931395;1.509795;5.128757;1.919713;5.025979;3.268420;4.033474;4.405632;5.608439;3.658218;2.762044;5.392842;2.710560;1.813535;3.121410;3.375289;4.259445;4.848634;1.868000;5.116285;1.350885;2.706275;1.696443;2.708115;4.135491;4.805151;3.458243;4.099615;3.192486;4.772861;5.129411;3.798409;4.293048;3.253921;2.113380;4.552461;2.154512;1.739698;1.578694;5.047424;1.861055;2.442549;4.166099;4.825469;1.501021;4.127245;2.764998;1.778238;4.373068;4.776880;4.890982;3.166238;4.753356;1.853215;3.612605;3.962334;1.625606;5.554147;6.044693;4.185358;3.870238;3.389347;3.019943;2.157921;2.547634;4.022755;3.444796;4.757812;3.884903;4.192503;2.646994;3.414134;2.621268;5.475071;3.624283;5.141294;6.189572;6.094548;9.309334;5.597550;4.557651;9.112727;5.199947;4.726112;4.881889;7.450384;6.489339;7.244818;7.059471;8.927561;8.869153;7.045738;5.362945;5.092988;8.942611;5.298678;4.221425;8.214334;7.115673;6.069287;6.090426;6.546152;7.270660;9.010104;7.273582;7.081958;5.210404;7.941048;7.397679;8.746547;3.681058;4.283640;7.057481;8.442212;5.884451;6.810042;7.152815;8.840360;8.173588;9.385586;7.082178;3.267442;7.489496;4.566504;8.043975;3.802152;7.428550;8.693100;7.502741;5.077977;6.009767;5.947788;9.267737;8.594718;7.023992;3.654060
1.540000;-3.149998;3.368807;3.489327;3.523308;2.981651;3.349768;1.850285;3.135909;4.112714;1.569130;5.326302;1.702675;3.266796;2.329004;3.640053;4.046418;2.493318;1.868409;2.939405;3.783695;5.341580;2.799974;3.811967;4.121140;1.662755;3.891203;3.455138;2.669424;3.495713;2.960350;4.814400;2.985523;4.504457;4.889457;4.790530;1.908971;2.965997;1.332873;3.555630;5.657507;4.920809;1.506676;5.124233;1.913963;5.008343;3.263725;4.031099;4.400549;5.593253;3.654172;2.751894;5.377436;2.705481;1.807318;3.108676;3.363498;3.964154;4.593047;1.860096;5.104525;1.355695;2.690218;1.683915;2.595614;4.127377;4.792990;3.451237;4.082873;3.188542;4.773135;5.118917;3.760534;4.269057;3.237691;2.105307;4.533994;2.144237;1.536878;1.575763;5.032936;1.853061;2.566588;4.163686;4.818990;1.497522;4.110838;2.757996;1.686035;4.325499;4.749335;4.879156;3.151048;4.750745;1.509856;3.608135;3.955339;1.618560;5.528784;6.021197;4.182660;3.852995;3.377281;3.010103;2.147368;2.540650;4.013956;3.432633;4.752530;3.882935;4.177768;2.646994;3.404336;2.612650;5.464295;3.599968;5.123038;6.182743;6.080388;9.303565;5.596673;4.553949;9.100264;5.185608;4.722669;4.955883;7.483282;6.486701;7.211650;7.069162;8.908292;8.851653;7.040179;5.365492;5.074848;8.921336;5.298677;4.325680;8.244550;7.110069;6.064010;6.047454;6.528404;7.215086;9.003448;7.273582;7.080810;5.207163;7.920447;7.385936;8.741209;3.695939;4.267051;7.050287;8.433531;5.877377;6.747062;7.147134;8.836437;8.121504;9.372868;7.068587;3.267441;7.722978;4.524473;8.040862;3.792466;7.404417;8.665328;7.480504;5.074076;5.970142;5.930676;9.241955;8.569617;7.022456;3.654060
1.700000;-3.714314;3.135987;3.492300;3.525763;2.983916;3.354440;1.834657;3.146847;4.113986;1.571704;5.328035;1.704773;3.270722;2.334637;3.974436;4.052847;2.621968;1.872382;2.941072;3.788992;5.344435;2.803555;3.812845;4.123551;1.666210;3.952412;3.458243;2.677567;3.499507;2.962937;4.814399;2.991467;4.506161;4.890851;4.791317;2.087489;2.969489;1.334217;3.560781;5.666200;4.923848;1.507512;5.125465;1.915549;5.013626;3.265006;4.031731;4.401943;5.597741;3.655269;2.754799;5.381995;2.706873;1.809040;3.112383;3.366910;3.826243;4.879989;1.862319;5.107929;1.375645;2.694986;1.687559;2.678154;4.129662;4.796525;3.453193;4.087861;3.189610;4.775309;5.121929;3.688343;4.276443;3.242516;2.107580;4.539545;2.147181;1.531719;1.576547;5.037201;1.855310;2.802578;4.164328;4.820790;1.498465;4.115721;2.759951;1.701942;4.474766;4.757927;4.882580;3.155535;4.751441;1.475836;3.609353;3.957292;1.620529;5.536640;6.028419;4.183379;3.858146;3.371808;3.012910;2.150393;2.542599;4.016449;3.436161;4.753980;3.883455;4.182113;2.646994;3.407136;2.615090;5.467394;3.607462;5.174800;6.184644;6.081638;9.305154;5.596901;4.554947;9.103886;5.189823;4.723595;4.926650;7.470308;6.485536;7.222180;7.046576;8.914098;8.856885;7.041708;5.359232;5.080295;8.927809;5.298678;4.348216;8.199517;7.350739;6.065459;6.061436;6.533720;7.233604;9.005300;7.273585;7.081110;5.208034;7.926701;7.389332;8.733686;3.750916;4.271992;7.052296;8.435980;5.879354;6.768287;7.148699;8.837499;8.138759;9.376565;7.072563;3.267441;7.511514;4.538118;8.041696;3.795228;7.411849;8.673993;7.487299;5.075131;5.982934;5.935781;9.249945;8.577376;7.022860;3.654060
1.700000;-0.858382;5.057109;3.461488;3.499755;2.959723;3.308745;1.829405;3.052237;4.099664;1.544582;5.309026;1.682196;3.231427;2.333814;3.616288;3.992717;2.343683;1.832645;2.922738;3.738055;5.314715;2.767244;3.802709;4.097966;1.631081;4.008810;3.426183;2.604001;3.461349;2.935694;4.814400;2.935262;4.487417;4.875290;4.782184;2.437488;2.934003;1.319165;3.511055;5.588455;4.892430;1.497832;5.111563;1.898020;4.962836;3.250597;4.024323;4.386384;5.553590;3.642795;2.724607;5.337245;2.691324;1.790146;3.074964;3.332120;4.015698;4.889678;1.838531;5.073227;1.353697;2.648471;1.650717;2.939004;4.105268;4.760728;3.431999;4.039492;3.177442;4.748944;5.090776;3.798409;4.208725;3.195523;2.083302;4.486515;2.116638;1.586615;1.567441;4.994957;1.831255;2.523310;4.156801;4.801128;1.487640;4.068247;2.738766;1.694383;4.398386;4.680919;4.847689;3.111372;4.743309;1.544382;3.595621;3.936123;1.599212;5.465330;5.962020;4.174979;3.808412;3.455702;2.983604;2.119059;2.521468;3.990097;3.400337;4.737824;3.877298;4.139186;2.646994;3.377940;2.589260;5.435447;3.538904;4.976602;6.163961;6.080749;9.287571;5.594137;4.543507;9.067230;5.147992;4.712935;4.889299;7.471164;6.484858;7.130585;7.070282;8.858909;8.806457;7.024745;5.408695;5.028149;8.867266;5.298677;4.256004;8.253705;7.364921;6.049322;5.944709;6.482630;7.084723;8.985117;7.273585;7.077499;5.197989;7.867962;7.354676;8.740772;3.678295;4.224028;7.030560;8.409949;5.857956;6.600525;7.131371;8.825397;7.998773;9.339211;7.032780;3.267442;7.811826;4.423783;8.032038;3.766366;7.343766;8.596377;7.424212;5.063097;5.874778;5.886399;9.177546;8.506758;7.018034;3.654061
1.700000;-4.118075;3.023799;3.515222;3.545058;3.001845;3.388718;2.045853;3.219306;4.124537;1.591835;5.342078;1.721485;3.300094;2.332180;3.899023;4.098271;2.403754;1.902090;2.954610;3.827298;5.366535;2.830655;3.820290;4.142526;1.692402;3.874735;3.482118;2.733472;3.528005;2.983161;4.814399;3.033844;4.520010;4.902321;4.798021;1.909370;2.995961;1.345309;3.598155;5.725370;4.947228;1.514620;5.135701;1.928488;5.051817;3.275621;4.037163;4.413411;5.630829;3.664444;2.777250;5.415543;2.718334;1.822997;3.140326;3.392850;3.830818;4.603123;1.879943;5.133802;1.359566;2.729890;1.715062;2.726356;4.147740;4.823227;3.468870;4.124193;3.198560;4.782679;5.145110;3.787791;4.327773;3.277782;2.125572;4.579467;2.169895;1.634180;1.583233;5.068827;1.873133;2.449680;4.169848;4.835320;1.506419;4.151358;2.775623;1.751399;4.427130;4.816525;4.908598;3.188634;4.757408;1.465420;3.619464;3.972949;1.636297;5.590766;6.078717;4.189545;3.895527;3.375109;3.034693;2.173712;2.558228;4.036001;3.462889;4.765894;3.887968;4.214259;2.646994;3.428837;2.634249;5.491176;3.659448;5.170716;6.199940;6.079885;9.318135;5.598926;4.563361;9.131250;5.221135;4.731430;4.881921;7.587289;6.512331;7.292265;7.049205;8.955702;8.894807;7.054224;5.362838;5.119537;8.973558;5.298677;4.855383;8.245740;7.311112;6.077361;6.151466;6.572147;7.349339;9.020219;7.273582;7.083754;5.215413;7.971043;7.415177;8.737349;3.678962;4.308010;7.068384;8.455301;5.895181;6.899188;7.161489;8.846402;8.247358;9.404465;7.102317;3.267442;7.508418;4.626250;8.048791;3.816678;7.463466;8.733073;7.535017;5.083982;6.066149;5.972897;9.304941;8.630974;7.026392;3.654061
1.700000;-4.149525;3.001093;3.484553;3.519225;2.977833;3.342961;1.841363;3.123035;4.110384;1.564887;5.323255;1.699097;3.260852;2.370931;3.621229;4.037746;2.314670;1.862396;2.936460;3.776198;5.336965;2.794436;3.810295;4.117121;1.657379;3.895059;3.450188;2.659087;3.489918;2.956088;4.814400;2.977347;4.501449;4.886938;4.789019;1.903692;2.960571;1.330430;3.548292;5.646670;4.915951;1.505077;5.121967;1.911141;5.000870;3.261382;4.029867;4.398028;5.586652;3.652131;2.747209;5.370752;2.702962;1.804289;3.102981;3.358168;4.043088;4.874884;1.856338;5.099208;1.350281;2.683302;1.678301;2.745690;4.123529;4.787529;3.447864;4.075713;3.186549;4.747392;5.114099;3.798409;4.259435;3.230712;2.101475;4.526226;2.139504;1.734095;1.574257;5.026588;1.849262;2.512150;4.162434;4.815845;1.495741;4.103797;2.754622;1.774261;4.600683;4.738577;4.873812;3.144443;4.749395;1.709238;3.605899;3.951967;1.615169;5.518727;6.011742;4.181268;3.845657;3.401733;3.005542;2.142519;2.537284;4.009824;3.427157;4.749916;3.881907;4.171330;2.646994;3.399797;2.608594;5.459365;3.590242;6.348799;6.179442;6.085678;9.300732;5.596206;4.552070;9.094675;5.179316;4.720914;4.888917;7.505440;6.526858;7.199136;7.201934;8.900240;8.844221;7.037443;5.404735;5.067197;8.912604;5.298676;4.745164;8.195351;7.296844;6.061402;6.031947;6.520888;7.195694;9.000223;7.273582;7.080203;5.205507;7.911947;7.380626;8.845600;3.679142;4.259944;7.046832;8.429442;5.873972;6.725302;7.144343;8.834455;8.103199;9.367177;7.062564;3.267442;7.487636;4.509250;8.039267;3.787972;7.394751;8.654488;7.471456;5.072104;5.955657;5.923378;9.231758;8.559636;7.021645;3.654060
1.700000;-8.123193;3.881506;3.499426;3.531801;2.989540;3.364909;1.837190;3.168054;4.117345;1.577990;5.332471;1.710026;3.279759;2.404302;3.718007;4.066522;2.621968;1.881517;2.945354;3.800629;5.351315;2.811923;3.815231;4.129492;1.674306;3.970544;3.465657;2.694197;3.508286;2.969255;4.814400;3.004271;4.510540;4.894495;4.793468;1.966058;2.977672;1.337743;3.572151;5.683745;4.931109;1.509792;5.128724;1.919647;5.025229;3.268384;4.033479;4.405587;5.607865;3.658198;2.761785;5.392252;2.710512;1.813452;3.121000;3.374934;3.893371;4.685834;1.867851;5.115934;1.349508;2.705641;1.696046;2.706627;4.135331;4.804772;3.458133;4.098927;3.192469;4.798992;5.129133;3.772552;4.291789;3.253273;2.113223;4.551648;2.154242;1.530242;1.578695;5.046898;1.860901;2.454221;4.166105;4.825377;1.501008;4.126581;2.764887;1.714428;4.313863;4.775311;4.890628;3.165665;4.753359;1.737013;3.612574;3.962223;1.625494;5.552767;6.043473;4.185362;3.869517;3.435737;3.019696;2.157640;2.547522;4.022564;3.444421;4.757761;3.884912;4.191960;2.646994;3.413898;2.621084;5.474777;3.622995;5.172207;6.189468;6.088315;9.309266;5.597559;4.557639;9.112330;5.199431;4.726104;4.911443;7.455774;6.525816;7.242743;7.069664;8.926682;8.868414;7.045676;5.359805;5.092203;8.941587;5.298678;4.350933;8.199089;7.143893;6.069235;6.087402;6.545393;7.266369;9.010005;7.273578;7.081967;5.210399;7.940075;7.397331;8.753336;3.717633;4.282969;7.057359;8.442033;5.884339;6.804983;7.152755;8.840343;8.169654;9.385172;7.081717;3.267442;7.490815;4.563573;8.043973;3.801916;7.427277;8.691514;7.501628;5.077960;6.007075;5.947081;9.266325;8.593362;7.024002;3.654061
1.700000;-6.408148;3.054007;3.480319;3.515666;2.974528;3.336609;1.825449;3.109608;4.108447;1.561170;5.320671;1.696015;3.255409;2.441501;3.646823;4.029313;2.292531;1.856899;2.933969;3.769094;5.332884;2.789418;3.808930;4.113621;1.652535;4.327425;3.445777;2.648704;3.484644;2.952356;4.814400;2.969481;4.498902;4.884830;4.787790;2.097441;2.955676;1.328392;3.541362;5.635673;4.911633;1.503774;5.120089;1.908761;4.993783;3.259433;4.028872;4.395921;5.580517;3.650446;2.743064;5.364538;2.700855;1.801719;3.097812;3.353371;3.890438;4.769829;1.853089;5.094424;1.354240;2.676831;1.673213;2.581265;4.120196;4.782590;3.444978;4.068974;3.184907;4.744053;5.109818;3.798409;4.249899;3.224174;2.098159;4.518820;2.135308;1.561510;1.573031;5.020728;1.845977;2.550426;4.161423;4.813171;1.494281;4.097189;2.751740;1.711045;4.343786;4.727698;4.869002;3.138310;4.748302;1.475837;3.604042;3.949084;1.612264;5.508672;6.002398;4.180137;3.838720;3.396298;3.001522;2.138211;2.534407;4.006216;3.422215;4.747726;3.881080;4.165368;2.646994;3.395792;2.605060;5.454967;3.580590;7.683081;6.176630;6.082582;9.298347;5.595837;4.550527;9.089613;5.173518;4.719478;4.904977;7.587176;6.491035;7.186150;7.047915;8.892516;8.837190;7.035142;5.359663;5.059920;8.904123;5.298678;4.859212;8.284677;7.310226;6.059214;6.015378;6.513762;7.174718;8.997478;7.273585;7.079719;5.204154;7.903720;7.375849;8.736094;3.681043;4.253267;7.043869;8.425881;5.871059;6.701883;7.141989;8.832822;8.083419;9.362019;7.057064;3.267442;7.535603;4.493020;8.037966;3.784014;7.385165;8.643529;7.462595;5.070481;5.940300;5.916499;9.221547;8.549684;7.021000;3.654061
1.700000;-6.331831;3.024729;3.501058;3.533186;2.990832;3.367284;1.819527;3.172537;4.118119;1.579437;5.333494;1.711235;3.281820;2.389714;3.764466;4.069572;2.621968;1.883597;2.946340;3.803251;5.352892;2.813833;3.815781;4.130857;1.676159;4.432837;3.467355;2.697838;3.510289;2.970705;4.814400;3.007140;4.511547;4.895334;4.793964;1.931936;2.979541;1.338554;3.574715;5.687568;4.932775;1.510318;5.129478;1.920590;5.027844;3.269163;4.033883;4.406426;5.610165;3.658873;2.763384;5.394580;2.711353;1.814467;3.122966;3.376769;3.838264;4.607105;1.869123;5.117764;1.363702;2.708050;1.697983;2.753166;4.136634;4.806661;3.459265;4.101429;3.193128;4.741587;5.130784;3.698593;4.295177;3.255708;2.114520;4.554368;2.155863;1.752628;1.579189;5.049107;1.862187;2.987072;4.166514;4.826430;1.501597;4.129044;2.766023;1.695431;4.322615;4.779095;4.892467;3.167961;4.753802;1.475836;3.613317;3.963358;1.626640;5.556316;6.046802;4.185818;3.872084;3.372260;3.021252;2.159299;2.548656;4.023966;3.446307;4.758633;3.885247;4.194196;2.646994;3.415450;2.622463;5.476466;3.626417;6.478012;6.190575;6.081683;9.310210;5.597709;4.558258;9.114260;5.201613;4.726682;4.883485;7.678073;6.705686;7.247105;7.250156;8.929500;8.871012;7.046591;5.378586;5.094879;8.944636;5.298676;4.648542;8.283496;7.437300;6.070106;6.092647;6.548021;7.272489;9.011087;7.273582;7.082164;5.210944;7.943051;7.399159;8.818929;3.696490;4.285447;7.058524;8.443417;5.885483;6.811481;7.153684;8.840999;8.175550;9.387134;7.083795;3.267442;7.485089;4.568739;8.044497;3.803447;7.430681;8.695320;7.504809;5.078610;6.012030;5.949625;9.269911;8.596873;7.024264;3.654061
1.700000;-6.361834;3.043606;3.475060;3.511264;2.970447;3.328623;1.820959;3.092088;4.106074;1.556569;5.317494;1.692217;3.248612;2.373456;3.738710;4.018593;2.621968;1.850016;2.930910;3.760127;5.327822;2.783163;3.807265;4.109293;1.646498;4.420290;3.440289;2.635374;3.478052;2.947736;4.814400;2.959516;4.495770;4.882246;4.786294;1.903121;2.949574;1.325896;3.532622;5.621531;4.906263;1.502185;5.117787;1.905840;4.984846;3.257045;4.027662;4.393338;5.572823;3.648388;2.737915;5.356730;2.698274;1.798564;3.091354;3.347393;4.307965;4.664562;1.849077;5.088463;1.359205;2.668696;1.666863;2.585512;4.116078;4.776429;3.441417;4.060488;3.182900;4.751411;5.104496;3.798409;4.237716;3.215948;2.094063;4.509457;2.130098;2.325767;1.571539;5.013380;1.841918;2.685139;4.160193;4.809882;1.492501;4.088872;2.748182;1.859134;4.363436;4.713692;4.863006;3.130611;4.746972;2.028643;3.601769;3.945533;1.608686;5.495781;5.990471;4.178761;3.829980;3.375018;2.996533;2.132856;2.530862;4.001753;3.416049;4.745041;3.880077;4.157894;2.646994;3.390817;2.600689;5.449508;3.568243;4.997212;6.173160;6.211988;9.295415;5.595389;4.548642;9.083299;5.166250;4.717725;4.882130;7.456638;6.508104;7.169237;7.107014;8.882756;8.828318;7.032318;5.418049;5.050721;8.893322;5.298678;4.387755;8.215964;7.516217;6.056533;5.993342;6.504766;7.145954;8.994100;7.273585;7.079134;5.202504;7.893274;7.369897;8.733792;3.714598;4.244858;7.040220;8.421475;5.867467;6.669108;7.139102;8.830826;8.056534;9.355578;7.050177;3.267442;7.484324;4.471473;8.036380;3.779106;7.372910;8.629403;7.451311;5.068495;5.920023;5.907826;9.208449;8.536935;7.020216;3.654061
1.700000;-7.187004;3.349396;3.487125;3.521414;2.979876;3.346660;1.884830;3.129938;4.111615;1.567165;5.324875;1.701009;3.264070;2.328945;3.643715;4.042462;2.406740;1.865652;2.938027;3.780274;5.339449;2.797430;3.811172;4.119276;1.660282;3.878306;3.452857;2.664690;3.493052;2.958376;4.814400;2.981794;4.503049;4.888276;4.789812;1.907953;2.963505;1.331722;3.552278;5.652539;4.918568;1.505915;5.123163;1.912639;5.004935;3.262620;4.030511;4.399364;5.590235;3.653206;2.749729;5.374381;2.704296;1.805899;3.106062;3.361045;3.971234;4.710447;1.858347;5.102080;1.384536;2.687058;1.681337;2.581901;4.125588;4.790485;3.449666;4.079604;3.187599;4.766858;5.116695;3.798409;4.264661;3.234501;2.103526;4.530448;2.142050;1.566205;1.575046;5.030034;1.851294;2.449980;4.163089;4.817520;1.496678;4.107625;2.756422;1.693386;4.386859;4.744403;4.876698;3.148027;4.750101;4.191154;3.607081;3.953766;1.616977;5.524185;6.016877;4.181997;3.849645;3.413718;3.007995;2.145128;2.539080;4.012041;3.430117;4.751301;3.882442;4.174814;2.646994;3.402242;2.610769;5.462023;3.595521;5.138943;6.181201;6.079918;9.302236;5.596449;4.553059;9.097696;5.182726;4.721838;4.949730;7.450363;6.488422;7.205858;7.045260;8.904615;8.848259;7.038895;5.361371;5.071357;8.917351;5.298677;5.278066;8.271962;7.099445;6.062783;6.040127;6.524974;7.205618;9.001943;7.273593;7.080518;5.206376;7.916570;7.383493;8.861312;3.682758;4.263804;7.048676;8.431632;5.875789;6.736251;7.145821;8.835499;8.112648;9.370257;7.065828;3.267442;7.714369;4.517287;8.040106;3.790390;7.399998;8.660357;7.476373;5.073142;5.963352;5.927342;9.237288;8.565051;7.022066;3.654060
1.700000;-5.452662;2.882042;3.497849;3.530461;2.988291;3.362612;1.911073;3.163474;4.116593;1.576599;5.331481;1.708857;3.277769;2.484912;3.650504;4.063537;2.343452;1.879507;2.944398;3.798077;5.349792;2.810081;3.814695;4.128173;1.672520;3.979003;3.464017;2.690583;3.506352;2.967853;4.814400;3.001468;4.509565;4.893681;4.792985;1.904989;2.975865;1.336954;3.569656;5.679940;4.929504;1.509280;5.127995;1.918732;5.022686;3.267629;4.033086;4.404773;5.605642;3.657542;2.760237;5.389997;2.709699;1.812468;3.119099;3.373164;4.351614;4.597297;1.866621;5.114167;1.414810;2.703300;1.694174;2.659025;4.134073;4.802957;3.457032;4.096499;3.191828;4.741547;5.127539;3.798409;4.288449;3.250912;2.111970;4.548996;2.152683;2.133504;1.578212;5.044765;1.859659;2.441778;4.165705;4.824355;1.500440;4.124200;2.763786;1.708143;4.320322;4.771535;4.888851;3.163438;4.752929;1.475836;3.611854;3.961125;1.624388;5.549261;6.040190;4.184916;3.867025;3.795942;3.018194;2.156035;2.546426;4.021206;3.442598;4.756916;3.884583;4.189790;2.646994;3.412403;2.619755;5.473143;3.619610;5.200393;6.188395;6.194289;9.308347;5.597411;4.557036;9.110471;5.197318;4.725543;4.905988;7.450458;6.507375;7.238296;7.097001;8.923934;8.865883;7.044791;5.379624;5.089592;8.938570;5.298678;4.391433;8.222121;7.109326;6.068391;6.081849;6.542834;7.259487;9.008957;7.273585;7.081773;5.209868;7.937148;7.395565;8.743009;3.679162;4.280560;7.056234;8.440686;5.883229;6.797388;7.151847;8.839705;8.163128;9.383271;7.079699;3.267442;7.499233;4.558125;8.043461;3.800434;7.423914;8.687709;7.498501;5.077325;6.001890;5.944600;9.262759;8.589881;7.023744;3.654061
1.700000;-6.238489;3.002863;3.488993;3.522968;2.981314;3.349586;1.906162;3.137325;4.112444;1.568787;5.325988;1.702342;3.266529;2.389935;3.614702;4.046542;2.532634;1.868140;2.939097;3.783604;5.341245;2.799674;3.811752;4.120800;1.662447;4.000740;3.454807;2.669965;3.495430;2.960011;4.814400;2.985547;4.504144;4.889174;4.790331;1.953501;2.965693;1.332595;3.555516;5.658204;4.920478;1.506468;5.123966;1.913661;5.008254;3.263453;4.030932;4.400265;5.593046;3.653924;2.751560;5.377237;2.705198;1.807004;3.108386;3.363185;3.912017;5.068463;1.859760;5.104215;1.349657;2.690047;1.683621;2.579773;4.127039;4.792696;3.450911;4.082734;3.188298;4.768547;5.118587;3.798409;4.269399;3.237527;2.104969;4.533946;2.143902;1.729781;1.575566;5.032698;1.852721;2.448979;4.163516;4.818673;1.497296;4.110683;2.757671;1.753917;4.311793;4.750003;4.878847;3.150840;4.750565;1.740083;3.607871;3.955010;1.618231;5.529246;6.021501;4.182474;3.852881;3.398248;3.009765;2.147033;2.540324;4.013617;3.432330;4.752238;3.882792;4.177540;2.646994;3.404003;2.612310;5.463968;3.600341;5.133749;6.182419;6.084009;9.303261;5.596605;4.553716;9.099967;5.185370;4.722445;4.891169;7.471097;6.508046;7.212935;7.275660;8.908288;8.851557;7.039879;5.358967;5.074785;8.921472;5.298678;4.366679;8.208007;7.163832;6.063723;6.050074;6.528319;7.219845;9.003127;7.273585;7.080722;5.206951;7.920538;7.385627;8.741883;3.687629;4.266907;7.049961;8.433190;5.877050;6.753278;7.146832;8.836195;8.125626;9.372577;7.068324;3.267442;7.484474;4.526950;8.040655;3.792132;7.404771;8.666017;7.480711;5.073834;5.972277;5.930555;9.242456;8.570056;7.022339;3.654062
1.700000;-2.459157;3.791714;3.518846;3.548160;3.004748;3.393858;2.083591;3.228597;4.126307;1.595063;5.344395;1.724208;3.304602;2.330807;3.625348;4.104755;2.226469;1.906643;2.956849;3.832940;5.370041;2.834860;3.821560;4.145583;1.696483;3.917689;3.485873;2.741110;3.532399;2.986400;4.814400;3.039974;4.522298;4.904238;4.799167;2.020898;3.000075;1.347166;3.603683;5.733358;4.950916;1.515836;5.137422;1.930633;5.057444;3.277402;4.038098;4.415329;5.635817;3.665996;2.780808;5.420589;2.720250;1.825301;3.144643;3.396894;4.171066;5.341147;1.882801;5.137836;1.446661;2.735111;1.719316;2.610991;4.150668;4.827373;3.471436;4.129591;3.200074;4.762192;5.148769;3.798409;4.334919;3.283049;2.128484;4.585305;2.173490;1.534463;1.584377;5.073628;1.876019;2.550320;4.170797;4.837711;1.507772;4.156663;2.778188;1.783068;4.479189;4.824449;4.912651;3.193623;4.758433;1.634520;3.621165;3.975512;1.638876;5.598224;6.085750;4.190602;3.901058;3.377869;3.038158;2.177392;2.560787;4.039143;3.467040;4.767880;3.888749;4.219123;2.646994;3.432289;2.637332;5.494920;3.666663;5.964038;6.202451;6.082004;9.320288;5.599279;4.564787;9.135484;5.225896;4.732762;4.891476;7.707498;6.483939;7.301330;7.056006;8.961733;8.900399;7.056305;5.369848;5.125292;8.980074;5.298678;4.298704;8.327815;7.128384;6.079344;6.162317;6.577802;7.362227;9.022669;7.273582;7.084214;5.216671;7.977404;7.419202;8.800857;3.771594;4.313368;7.071011;8.458405;5.897770;6.913168;7.163611;8.847907;8.259711;9.408772;7.106866;3.267442;7.495361;4.636940;8.050000;3.820093;7.470644;8.741044;7.541765;5.085481;6.076415;5.978389;9.312483;8.638367;7.027006;3.654060
1.700000;-3.039413;3.410945;3.472648;3.509196;2.968510;3.325193;1.839136;3.085634;4.104888;1.554423;5.315945;1.690402;3.245610;2.329032;3.790205;4.014232;2.621968;1.846985;2.929414;3.756350;5.325485;2.780368;3.806412;4.107254;1.643781;3.871553;3.437790;2.630183;3.475130;2.945577;4.814400;2.955401;4.494242;4.880963;4.785523;2.163309;2.946832;1.324653;3.528926;5.616079;4.903807;1.501370;5.116635;1.904405;4.981082;3.255854;4.027033;4.392055;5.569494;3.647349;2.735547;5.353361;2.696993;1.797025;3.088483;3.344700;3.857568;4.793938;1.847173;5.085776;1.351747;2.665208;1.664027;2.593272;4.114128;4.773667;3.439706;4.056882;3.181885;4.742496;5.102059;3.660286;4.232884;3.212429;2.092121;4.505546;2.127704;1.631823;1.570770;5.010187;1.839994;2.505946;4.159554;4.808283;1.491595;4.085327;2.746471;1.712188;4.320334;4.708288;4.860305;3.127281;4.746283;1.808107;3.600632;3.943822;1.606963;5.490732;5.985719;4.178050;3.826287;3.382709;2.994227;2.130407;2.529153;3.999660;3.413288;4.743713;3.879551;4.154654;2.646994;3.388524;2.598635;5.447013;3.563354;6.295734;6.171486;6.087584;9.293974;5.595150;4.547686;9.080476;5.163074;4.716831;4.885575;7.490419;6.674367;7.162953;7.053819;8.878696;8.824571;7.030927;5.374369;5.046866;8.888930;5.298677;4.371798;8.214774;7.101071;6.055206;5.985583;6.500979;7.136305;8.992463;7.273589;7.078823;5.201661;7.888994;7.367211;8.733929;3.681566;4.241276;7.038465;8.419404;5.865738;6.658319;7.137684;8.829816;8.047405;9.352705;7.047138;3.267441;7.486193;4.463850;8.035569;3.776830;7.368050;8.623951;7.446759;5.067492;5.912765;5.904148;9.203324;8.531919;7.019802;3.654060
1.700000;-6.622649;3.117644;3.486601;3.520987;2.979486;3.345833;1.866109;3.128372;4.111409;1.566714;5.324584;1.700648;3.263371;2.411251;3.622846;4.041367;2.321344;1.864949;2.937747;3.779347;5.338947;2.796790;3.811034;4.118855;1.659676;4.245619;3.452302;2.663374;3.492381;2.957926;4.814400;2.980767;4.502762;4.888041;4.789689;1.902435;2.962887;1.331502;3.551377;5.651161;4.918033;1.505785;5.122963;1.912375;5.004010;3.262411;4.030415;4.399133;5.589439;3.653030;2.749220;5.373577;2.704067;1.805610;3.105402;3.360443;3.868495;4.578809;1.857965;5.101478;1.349438;2.686218;1.680691;2.598868;4.125193;4.789859;3.449330;4.078725;3.187428;4.742852;5.116166;3.694881;4.263435;3.233653;2.103134;4.529484;2.141533;1.565450;1.574924;5.029273;1.850907;2.723949;4.162990;4.817216;1.496529;4.106760;2.756088;1.913340;4.393144;4.743038;4.876092;3.147233;4.749995;4.272415;3.606883;3.953433;1.616642;5.522893;6.015674;4.181885;3.848741;3.406577;3.007504;2.144597;2.538748;4.011606;3.429492;4.751060;3.882365;4.174049;2.646994;3.401749;2.610344;5.461477;3.594286;4.974939;6.180880;6.159980;9.301971;5.596416;4.552899;9.097056;5.181980;4.721690;4.884184;7.473514;6.517446;7.204327;7.169164;8.903607;8.847343;7.038640;5.358392;5.070410;8.916254;5.298676;4.877173;8.198277;7.121909;6.062545;6.038455;6.524046;7.204081;9.001630;7.273578;7.080475;5.206241;7.915504;7.382894;8.807224;3.678457;4.262938;7.048331;8.431203;5.875453;6.734973;7.145564;8.835331;8.111040;9.369603;7.065125;3.267443;7.502319;4.515630;8.039974;3.789907;7.398772;8.658989;7.475228;5.072974;5.961699;5.926450;9.235993;8.563784;7.022007;3.654060
1.700000;-6.550607;3.090668;3.492581;3.525964;2.984090;3.355054;2.010407;3.149241;4.114048;1.571923;5.328143;1.704925;3.271176;2.338818;3.630936;4.053882;2.554061;1.872848;2.941171;3.789744;5.344698;2.803949;3.812875;4.123747;1.666573;4.070156;3.458549;2.679079;3.499932;2.963158;4.814399;2.992373;4.506269;4.890923;4.791338;1.916257;2.969863;1.334284;3.561500;5.667878;4.924140;1.507539;5.125522;1.915640;5.014373;3.265068;4.031746;4.402015;5.598311;3.655314;2.755069;5.382580;2.706944;1.809146;3.112798;3.367269;3.981254;4.650066;1.862488;5.108285;1.418141;2.695618;1.687960;2.599174;4.129839;4.796906;3.453326;4.088542;3.189654;4.776320;5.122217;3.798409;4.277739;3.243160;2.107755;4.540359;2.147456;1.577445;1.576572;5.037727;1.855483;2.538030;4.164344;4.820905;1.498498;4.116377;2.760085;2.047967;4.336605;4.759574;4.882941;3.156107;4.751461;1.467935;3.609408;3.957424;1.620663;5.538061;6.029666;4.183402;3.858866;3.679915;3.013166;2.150685;2.542731;4.016654;3.436541;4.754057;3.883466;4.182649;2.646994;3.407390;2.615288;5.467696;3.608787;4.974487;6.184772;6.121325;9.305246;5.596904;4.554986;9.104283;5.190338;4.723628;4.883713;7.453419;6.525379;7.224445;7.229921;8.914971;8.857621;7.041795;5.366407;5.081082;8.928861;5.298676;6.588318;8.219534;7.165846;6.065535;6.064926;6.534478;7.238895;9.005420;7.273589;7.081113;5.208064;7.927691;7.389687;8.752241;3.679985;4.272662;7.052438;8.436184;5.879489;6.774722;7.148789;8.837543;8.143525;9.376980;7.073031;3.267442;7.535021;4.541481;8.041724;3.795476;7.413157;8.675663;7.488430;5.075175;5.985989;5.936492;9.251414;8.578777;7.022866;3.654060
1.700000;-7.442938;3.464022;3.500472;3.532642;2.990308;3.366660;1.905853;3.172744;4.117751;1.578881;5.333043;1.710731;3.281194;2.330339;3.661471;4.069051;2.361063;1.882975;2.945901;3.802652;5.352314;2.813219;3.815501;4.130317;1.675547;3.864827;3.466755;2.697519;3.509667;2.970148;4.814400;3.006581;4.511100;4.894941;4.793706;1.926731;2.978927;1.338173;3.574108;5.687329;4.932183;1.510049;5.129117;1.920164;5.027244;3.268792;4.033668;4.406033;5.609540;3.658542;2.762801;5.393956;2.710961;1.814016;3.122348;3.376158;4.435267;5.076040;1.868603;5.117154;1.358801;2.707433;1.697364;2.659963;4.136108;4.806046;3.458781;4.100819;3.192802;4.742954;5.130193;3.798409;4.294757;3.255091;2.113994;4.553782;2.155278;1.545705;1.578933;5.048477;1.861665;2.447839;4.166298;4.825971;1.501303;4.128426;2.765542;1.696306;4.314248;4.778847;4.891856;3.167336;4.753571;1.475836;3.612959;3.962873;1.626151;5.555959;6.046363;4.185579;3.871477;3.375021;3.020677;2.158709;2.548171;4.023420;3.445692;4.758229;3.885065;4.193574;2.646994;3.414877;2.621921;5.475873;3.626012;5.613324;6.190097;6.089367;9.309785;5.597624;4.557949;9.113642;5.200988;4.726390;5.053435;7.464252;6.556877;7.247222;7.179044;8.928937;8.870411;7.046174;5.362872;5.094287;8.944132;5.298678;5.833812;8.565179;7.275107;6.069704;6.093663;6.547422;7.275140;9.010620;7.273585;7.082052;5.210666;7.942516;7.398547;8.752415;3.689840;4.284834;7.058032;8.442871;5.884996;6.815324;7.153262;8.840674;8.177701;9.386514;7.083171;3.267442;7.504616;4.569658;8.044229;3.802876;7.430266;8.695089;7.504324;5.078289;6.012704;5.949013;9.269574;8.596503;7.024121;3.654062
1.700000;-3.715763;3.130618;3.482752;3.517711;2.976427;3.340233;1.841700;3.116952;4.109558;1.563307;5.322155;1.697785;3.258522;2.362706;3.929045;4.034081;2.302372;1.860047;2.935400;3.773137;5.335228;2.792296;3.809711;4.115632;1.655311;3.929827;3.448309;2.654505;3.487663;2.954499;4.814400;2.973943;4.500366;4.886041;4.788493;1.926409;2.958483;1.329561;3.545306;5.641791;4.914112;1.504520;5.121166;1.910128;4.997816;3.260551;4.029441;4.397130;5.584024;3.651412;2.745445;5.368086;2.702064;1.803195;3.100773;3.356122;3.939749;4.655824;1.854956;5.097168;1.360174;2.680523;1.676129;2.621636;4.122110;4.785423;3.446633;4.072813;3.185848;4.756827;5.112276;3.798409;4.255254;3.227902;2.100065;4.523029;2.137717;1.536575;1.573733;5.024081;1.847864;2.862423;4.162001;4.814709;1.495117;4.100959;2.753396;1.699031;4.403346;4.733757;4.871760;3.141813;4.748927;1.475836;3.605107;3.950741;1.613932;5.514302;6.007653;4.180783;3.842671;3.544152;3.003831;2.140682;2.536061;4.008289;3.425051;4.748984;3.881552;4.168773;2.646994;3.398094;2.607090;5.457492;3.586007;5.236954;6.178245;6.095146;9.299718;5.596048;4.551411;9.092513;5.176834;4.720300;4.892654;7.452038;6.582033;7.193273;7.092099;8.896901;8.841192;7.036462;5.381586;5.064056;8.908912;5.298676;4.353889;8.358926;7.146470;6.060469;6.024224;6.517816;7.185517;8.999055;7.273593;7.079993;5.204928;7.908374;7.378589;8.748915;3.695472;4.257073;7.045570;8.427923;5.872734;6.713702;7.143342;8.833757;8.093706;9.364976;7.060219;3.267442;7.599405;4.501709;8.038710;3.786287;7.390545;8.649628;7.467591;5.071412;5.948575;5.920417;9.227262;8.555259;7.021367;3.654061
1.700000;-5.884256;2.934414;3.477430;3.513256;2.972295;3.332195;1.903555;3.099876;4.107159;1.558649;5.318940;1.693941;3.251660;2.348730;3.899428;4.023365;2.555131;1.853101;2.932303;3.764127;5.330104;2.785972;3.808029;4.111250;1.649207;3.962940;3.442760;2.641296;3.481006;2.949823;4.814400;2.963955;4.497196;4.883426;4.786982;2.010987;2.952317;1.327037;3.536524;5.627806;4.908682;1.502916;5.118840;1.907172;4.988834;3.258137;4.028220;4.394517;5.576264;3.649332;2.740236;5.360222;2.699454;1.800000;3.094254;3.350081;4.455110;5.363056;1.850896;5.091144;1.415504;2.672330;1.669713;2.623252;4.117943;4.779194;3.443036;4.064278;3.183819;4.748516;5.106894;3.798409;4.243133;3.219623;2.095918;4.513631;2.132444;1.532250;1.572225;5.016676;1.843758;2.479667;4.160761;4.811378;1.493319;4.092588;2.749794;1.949516;4.339087;4.719913;4.865701;3.134056;4.747585;1.992732;3.602809;3.947145;1.610310;5.501511;5.995773;4.179395;3.833882;3.417494;2.998784;2.135269;2.532471;4.003772;3.418820;4.746267;3.880541;4.161243;2.646994;3.393062;2.602667;5.451966;3.573731;4.968488;6.174735;6.079915;9.296752;5.595597;4.549508;9.086137;5.169502;4.718530;4.885664;7.486684;6.596164;7.176752;7.064011;8.887103;8.832275;7.033605;5.360516;5.054822;8.898128;5.298677;4.212700;8.230930;7.270647;6.057757;6.003178;6.508780;7.158901;8.995635;7.273597;7.079405;5.203262;7.897922;7.372571;8.737062;3.698577;4.248614;7.041875;8.423468;5.869096;6.683959;7.140421;8.831741;8.068604;9.358469;7.053265;3.267441;7.604377;4.481090;8.037110;3.781320;7.378359;8.635670;7.456331;5.069406;5.929054;5.911695;9.214268;8.542599;7.020577;3.654061
1.700000;-6.660424;3.124683;3.496700;3.529443;2.987328;3.361140;1.858541;3.161590;4.115965;1.575550;5.330687;1.707946;3.276420;2.328609;3.668560;4.061852;2.432034;1.878148;2.943626;3.796518;5.348672;2.808796;3.814231;4.127170;1.671264;3.909991;3.462837;2.688774;3.505024;2.966801;4.814400;2.999833;4.508777;4.893006;4.792563;1.947934;2.974602;1.336298;3.568115;5.678103;4.928340;1.508835;5.127382;1.917987;5.021126;3.266997;4.032738;4.404097;5.604193;3.656984;2.759105;5.388542;2.709026;1.811676;3.117789;3.371915;3.832915;4.587993;1.865670;5.112920;1.507557;2.701813;1.692879;2.583594;4.133103;4.801686;3.456162;4.094980;3.191282;4.741400;5.126380;3.798409;4.286683;3.249415;2.111004;4.547404;2.151534;1.775331;1.577790;5.043358;1.858699;2.554952;4.165351;4.823536;1.499947;4.122695;2.762917;1.695778;4.321120;4.769707;4.887599;3.161991;4.752548;1.475836;3.611246;3.960257;1.623517;5.547469;6.038442;4.184525;3.865483;3.374871;3.017084;2.154876;2.545559;4.020180;3.441325;4.756220;3.884290;4.188375;2.646994;3.411291;2.618743;5.471967;3.617840;7.683078;6.187540;6.090270;9.307601;5.597274;4.556519;9.109177;5.195917;4.725055;4.928400;7.450862;6.494745;7.236411;7.198205;8.922300;8.864333;7.044065;5.363765;5.088013;8.936878;5.298678;4.374902;8.250971;7.160068;6.067698;6.079987;6.541271;7.257802;9.008121;7.273582;7.081596;5.209409;7.935475;7.394317;8.774713;3.681274;4.279045;7.055347;8.439671;5.882350;6.795844;7.151108;8.839162;8.161379;9.381967;7.078339;3.267442;7.520900;4.556257;8.043016;3.799337;7.422150;8.685872;7.496784;5.076785;6.000008;5.943064;9.260962;8.588098;7.023510;3.654061
1.700000;-3.038055;3.435169;3.499145;3.531569;2.989327;3.364452;1.962246;3.166810;4.117224;1.577752;5.332310;1.709829;3.279381;2.372863;3.616754;4.065861;2.453267;1.881138;2.945198;3.800100;5.351046;2.811587;3.815147;4.129267;1.673980;3.961674;3.465362;2.693321;3.507921;2.969011;4.814400;3.003670;4.510380;4.894362;4.793393;1.915663;2.977338;1.337616;3.571637;5.682796;4.930823;1.509711;5.128608;1.919498;5.024702;3.268264;4.033418;4.405455;5.607427;3.658093;2.761510;5.391806;2.710383;1.813290;3.120647;3.374610;3.858212;4.578951;1.867642;5.115610;1.357746;2.705170;1.695696;2.610916;4.135117;4.804437;3.457948;4.098435;3.192367;4.741710;5.128848;3.798409;4.291008;3.252798;2.113009;4.551088;2.153967;1.694901;1.578618;5.046484;1.860690;2.446295;4.166043;4.825208;1.500921;4.126101;2.764701;1.889998;4.472357;4.774377;4.890301;3.165226;4.753293;1.536997;3.612460;3.962039;1.625311;5.551930;6.042714;4.185292;3.869006;3.403195;3.019430;2.157353;2.547340;4.022329;3.444084;4.757625;3.884860;4.191539;2.646994;3.413632;2.620857;5.474483;3.622201;5.829498;6.189286;6.080192;9.309117;5.597536;4.557544;9.111983;5.199021;4.726015;4.922867;7.458348;6.483440;7.241549;7.049686;8.926092;8.867889;7.045532;5.384175;5.091651;8.940904;5.298678;4.641718;8.269038;7.138118;6.069100;6.085759;6.544861;7.264187;9.009833;7.273582;7.081938;5.210315;7.939425;7.397007;8.736830;3.680485;4.282477;7.057172;8.441798;5.884152;6.802527;7.152603;8.840241;8.167605;9.384812;7.081326;3.267442;7.664234;4.561969;8.043894;3.801654;7.426490;8.690569;7.500917;5.077856;6.005579;5.946565;9.265466;8.592533;7.023962;3.654061
1.700000;-7.555007;3.515872;3.507909;3.538890;2.996111;3.377851;1.909819;3.196716;4.121146;1.585403;5.337574;1.716135;3.290759;2.331703;3.618852;4.083951;2.621968;1.892651;2.950268;3.815182;5.359483;2.822034;3.817892;4.136461;1.684064;4.043897;3.474505;2.715926;3.518944;2.976701;4.814400;3.020463;4.515568;4.898637;4.795859;1.914027;2.987536;1.341743;3.586328;5.706828;4.939775;1.512331;5.132410;1.924334;5.039734;3.272208;4.035410;4.409727;5.620335;3.661492;2.770088;5.404905;2.714653;1.818521;3.131438;3.384592;3.826256;5.178819;1.874304;5.125564;1.349303;2.718832;1.706313;2.659428;4.141958;4.814729;3.463847;4.112689;3.195679;4.750914;5.137716;3.798409;4.311630;3.266613;2.119817;4.566848;2.162647;1.585579;1.581079;5.058788;1.867432;2.711362;4.168066;4.830658;1.503857;4.140067;2.770600;1.980580;4.452259;4.798159;4.900315;3.178138;4.755484;1.473585;3.616212;3.967933;1.631244;5.573763;6.062894;4.187557;3.883699;3.371982;3.027744;2.166278;2.553221;4.029753;3.454384;4.762068;3.886510;4.204058;2.646994;3.421909;2.628124;5.483594;3.643109;4.960565;6.195040;6.086422;9.313971;5.598271;4.560653;9.122545;5.211197;4.728907;5.000349;7.595957;6.588753;7.270397;7.186653;8.942563;8.882813;7.050208;5.473216;5.107131;8.959143;5.298676;4.359896;8.207347;7.264052;6.073539;6.123585;6.559992;7.313838;9.015437;7.273589;7.082898;5.213036;7.957058;7.406950;8.770634;3.682590;4.296605;7.063231;8.449128;5.890111;6.859263;7.157384;8.843536;8.213960;9.395594;7.092863;3.267441;7.488747;4.598943;8.046505;3.809832;7.447241;8.714564;7.519994;5.081135;6.040317;5.961150;9.287679;8.614139;7.025251;3.654061
1.700000;-6.455981;3.060901;3.495559;3.528540;2.986508;3.359152;1.842355;3.155890;4.115553;1.574594;5.330093;1.707199;3.274819;2.334603;3.791571;4.058902;2.621968;1.876520;2.943060;3.794196;5.347587;2.807361;3.813963;4.126285;1.669893;3.866287;3.461632;2.684822;3.503489;2.965838;4.814400;2.997159;4.508194;4.892548;4.792326;2.107026;2.973212;1.335860;3.565872;5.673826;4.927168;1.508581;5.126986;1.917453;5.018816;3.266581;4.032553;4.403639;5.602304;3.656637;2.757996;5.386614;2.708568;1.811085;3.116297;3.370564;3.888738;4.752833;1.864870;5.111574;1.375348;2.699775;1.691413;2.604100;4.132275;4.800280;3.455478;4.092824;3.190946;4.742903;5.125224;3.798409;4.283180;3.247345;2.110180;4.544943;2.150415;2.032027;1.577554;5.041580;1.857888;2.442999;4.165163;4.822915;1.499656;4.120595;2.762231;1.916098;4.451669;4.765481;4.886244;3.160100;4.752343;1.475836;3.610856;3.959571;1.622825;5.543689;6.035036;4.184311;3.863240;3.519530;3.016022;2.153705;2.544877;4.019260;3.439919;4.755739;3.884141;4.186552;2.646994;3.410238;2.617848;5.470767;3.614274;6.832289;6.186877;6.082807;9.307065;5.597212;4.556207;9.107721;5.194163;4.724771;4.883263;7.526986;6.503759;7.230978;7.064579;8.919699;8.862041;7.043553;5.359231;5.085611;8.933899;5.298676;5.712688;8.259472;7.133784;6.067216;6.072259;6.538939;7.246839;9.007480;7.273578;7.081516;5.209142;7.932628;7.392976;8.736254;3.696075;4.276916;7.054638;8.438763;5.881659;6.782845;7.150582;8.838828;8.151336;9.380475;7.076705;3.267442;7.484198;4.548751;8.042764;3.798294;7.418617;8.681596;7.493621;5.076453;5.993083;5.940840;9.257098;8.584371;7.023398;3.654061
1.700000;-6.132314;2.980991;3.487435;3.521750;2.980217;3.346748;1.833579;3.128341;4.111909;1.567494;5.325205;1.701348;3.264278;2.336612;3.666380;4.042184;2.553010;1.865853;2.938353;3.780248;5.339766;2.797679;3.811409;4.119613;1.660551;3.870225;3.453156;2.663960;3.493282;2.958707;4.814400;2.981632;4.503378;4.888577;4.790031;1.905603;2.963766;1.332023;3.552283;5.651647;4.918873;1.506147;5.123453;1.912961;5.004911;3.262915;4.030698;4.399668;5.590359;3.653478;2.750045;5.374493;2.704602;1.806229;3.106300;3.361316;4.449252;4.658954;1.858687;5.102352;1.378338;2.687135;1.681581;2.581190;4.125927;4.790748;3.450000;4.079638;3.187866;4.853482;5.117001;3.758358;4.264138;3.234566;2.103865;4.530372;2.142363;1.546473;1.575265;5.030190;1.851633;2.459371;4.163279;4.817852;1.496925;4.107675;2.756762;1.741737;4.362276;4.743542;4.876968;3.148150;4.750304;1.570835;3.607366;3.954103;1.617317;5.523534;6.016401;4.182204;3.849648;3.386109;3.008317;2.145435;2.539417;4.012375;3.430377;4.751612;3.882605;4.174965;2.646994;3.402560;2.611107;5.462323;3.594971;4.970815;6.181535;6.116348;9.302558;5.596529;4.553317;9.097945;5.182895;4.722082;4.915614;7.463266;6.562175;7.204398;7.082047;8.904484;8.848245;7.039212;5.359735;5.071303;8.917068;5.298677;4.538539;8.196563;7.098733;6.063092;6.037488;6.524946;7.201335;9.002278;7.273589;7.080620;5.206613;7.916338;7.383763;8.940814;3.683006;4.263847;7.049015;8.431966;5.876127;6.730971;7.146143;8.835766;8.108826;9.370495;7.066029;3.267442;7.514519;4.514773;8.040333;3.790713;7.399463;8.659468;7.476006;5.073409;5.961130;5.927354;9.236598;8.564428;7.022198;3.654062
1.700000;-5.924115;2.938208;3.488691;3.522710;2.981072;3.349130;1.826601;3.136015;4.112295;1.568524;5.325793;1.702115;3.266142;2.353197;3.618165;4.045900;2.621968;1.867748;2.938910;3.783086;5.340953;2.799318;3.811645;4.120548;1.662105;4.050895;3.454494;2.669104;3.495053;2.959741;4.814400;2.984962;4.503953;4.889013;4.790233;1.904187;2.965345;1.332439;3.555012;5.657271;4.920170;1.506366;5.123822;1.913482;5.007738;3.263303;4.030851;4.400105;5.592610;3.653793;2.751262;5.376791;2.705036;1.806813;3.108016;3.362844;3.901422;5.101687;1.859524;5.103873;1.349829;2.689582;1.683259;2.708376;4.126796;4.792344;3.450698;4.082248;3.188170;4.755776;5.118282;3.798409;4.268643;3.237056;2.104728;4.533400;2.143606;2.371712;1.575468;5.032284;1.852483;2.561312;4.163435;4.818474;1.497183;4.110207;2.757458;1.723027;4.555081;4.749077;4.878502;3.150400;4.750476;1.475836;3.607730;3.954798;1.618018;5.528430;6.020763;4.182383;3.852378;3.424277;3.009477;2.146726;2.540112;4.013357;3.431980;4.752073;3.882723;4.177106;2.646994;3.403717;2.612056;5.463655;3.599564;6.039607;6.182207;6.086797;9.303082;5.596574;4.553595;9.099607;5.184954;4.722332;4.928569;7.453664;6.483654;7.211689;7.079993;8.907712;8.851036;7.039708;5.374034;5.074250;8.920822;5.298678;4.209807;8.194932;7.098900;6.063555;6.048104;6.527797;7.216589;9.002922;7.273582;7.080681;5.206843;7.919916;7.385283;8.738594;3.778521;4.266422;7.049740;8.432929;5.876835;6.749066;7.146656;8.836067;8.122761;9.372208;7.067927;3.267442;7.510882;4.525054;8.040551;3.791848;7.404005;8.665076;7.480022;5.073707;5.970576;5.930050;9.241616;8.569247;7.022286;3.654061
1.700000;-4.311400;2.970098;3.495640;3.528574;2.986526;3.359459;1.822518;3.157772;4.115524;1.574634;5.330079;1.707206;3.275010;2.334957;3.815539;4.059544;2.621968;1.876720;2.943045;3.794613;5.347655;2.807512;3.813930;4.126315;1.670026;3.864948;3.461722;2.685875;3.503667;2.965882;4.814400;2.997698;4.508181;4.892521;4.792294;2.010806;2.973351;1.335832;3.566263;5.675017;4.927256;1.508549;5.126955;1.917434;5.019229;3.266553;4.032523;4.403612;5.602582;3.656605;2.758070;5.386905;2.708542;1.811072;3.116459;3.370694;3.890233;4.647676;1.864885;5.111703;1.351018;2.700096;1.691572;2.579382;4.132295;4.800420;3.455476;4.093183;3.190913;4.822386;5.125308;3.762876;4.284042;3.247681;2.110199;4.545409;2.150491;1.540198;1.577522;5.041825;1.857903;2.474682;4.165133;4.822906;1.499623;4.120942;2.762233;1.781883;5.103790;4.766655;4.886375;3.160378;4.752312;1.661017;3.610826;3.959570;1.622823;5.544666;6.035859;4.184279;3.863629;3.376360;3.016082;2.153793;2.544874;4.019296;3.440061;4.755715;3.884114;4.186817;2.646994;3.410298;2.617879;5.470860;3.615167;5.354035;6.186872;6.081628;9.307044;5.597197;4.556175;9.107882;5.194401;4.724738;4.891482;7.581792;6.511620;7.232729;7.059904;8.920220;8.862452;7.043531;5.360603;5.086058;8.934553;5.298678;5.665573;8.225601;7.123640;6.067192;6.075251;6.539361;7.251825;9.007472;7.273585;7.081497;5.209109;7.933233;7.393104;8.802063;3.826576;4.277270;7.054638;8.438802;5.881657;6.789215;7.150561;8.838797;8.155731;9.380642;7.076909;3.267440;7.631457;4.551617;8.042730;3.798353;7.419497;8.682795;7.494351;5.076421;5.995623;5.941226;9.258116;8.585326;7.023375;3.654060
1.700000;-6.219641;2.992437;3.508488;3.539466;2.996679;3.378245;1.827565;3.195084;4.121592;1.585982;5.338096;1.716692;3.291263;2.402623;3.705657;4.083949;2.376699;1.893149;2.950780;3.815456;5.360060;2.822575;3.818242;4.137035;1.684613;3.902651;3.475075;2.715390;3.519462;2.977279;4.814399;3.020593;4.516086;4.899106;4.796182;1.914419;2.988082;1.342204;3.586633;5.706092;4.940346;1.512668;5.132847;1.924836;5.040011;3.272656;4.035682;4.410197;5.620759;3.661899;2.770663;5.405319;2.715121;1.819041;3.131964;3.385144;3.828898;4.623903;1.874870;5.126118;1.350493;2.719211;1.706847;2.579401;4.142528;4.815276;3.464394;4.113026;3.196079;4.756298;5.138291;3.690564;4.311346;3.266978;2.120385;4.567068;2.163224;1.577920;1.581400;5.059248;1.867997;2.448859;4.168343;4.831190;1.504224;4.140425;2.771147;1.702750;4.311598;4.797462;4.900866;3.178563;4.755777;1.475836;3.616647;3.968478;1.631791;5.573332;6.062660;4.187859;3.884004;3.450933;3.028322;2.166851;2.553766;4.030329;3.454927;4.762546;3.886744;4.204507;2.646994;3.422487;2.628700;5.484165;3.642785;6.987925;6.195578;6.103836;9.314471;5.598384;4.561036;9.123078;5.211663;4.729270;4.882307;7.544887;6.496040;7.268942;7.160410;8.942720;8.883095;7.050698;5.422345;5.107373;8.959127;5.298678;4.212602;8.270258;7.100967;6.074018;6.120530;6.560264;7.308338;9.015975;7.273578;7.083043;5.213383;7.957104;7.407499;8.755404;3.704151;4.296950;7.063781;8.449702;5.890658;6.852170;7.157884;8.843936;8.209168;9.396122;7.093361;3.267442;7.485738;4.596046;8.046843;3.810412;7.446939;8.713836;7.519881;5.081531;6.037841;5.961462;9.287190;8.613731;7.025438;3.654061
1.700000;-7.540491;3.538254;3.478949;3.514522;2.973467;3.334507;1.829695;3.104839;4.107832;1.559973;5.319846;1.695029;3.253629;2.342895;3.748327;4.026464;2.572679;1.855093;2.933177;3.766725;5.331564;2.787784;3.808498;4.112496;1.650956;3.982647;3.444344;2.645128;3.482918;2.951155;4.814399;2.966842;4.498087;4.884162;4.787404;1.909845;2.954082;1.327746;3.539055;5.631867;4.910232;1.503363;5.119492;1.908004;4.991426;3.258815;4.028559;4.395252;5.578500;3.649914;2.741722;5.362484;2.700187;1.800901;3.096124;3.351809;3.882096;4.591278;1.852049;5.092866;1.352970;2.674692;1.671551;2.705980;4.119125;4.780975;3.444053;4.066739;3.184388;4.745512;5.108430;3.798409;4.246647;3.222008;2.097094;4.516343;2.133948;1.641944;1.572645;5.018805;1.844923;2.466394;4.161105;4.812320;1.493822;4.094998;2.750817;1.957908;4.388460;4.723931;4.867434;3.136286;4.747959;1.475836;3.603455;3.948163;1.611336;5.505219;5.999215;4.179782;3.836418;3.508516;3.000224;2.136813;2.533488;4.005057;3.420605;4.747030;3.880821;4.163412;2.646994;3.394501;2.603927;5.453546;3.577288;7.683078;6.175729;6.085469;9.297584;5.595722;4.550038;9.087962;5.171608;4.719023;4.905437;7.481788;6.667992;7.181550;7.045124;8.889931;8.834846;7.034410;5.373839;5.057487;8.901246;5.298676;4.214234;8.218970;7.103646;6.058519;6.009288;6.511384;7.166579;8.996601;7.273585;7.079568;5.203727;7.900947;7.374292;8.737516;3.705342;4.251050;7.042921;8.424732;5.870129;6.692472;7.141240;8.832306;8.075862;9.360331;7.055259;3.267442;7.521719;4.487065;8.037556;3.782736;7.381887;8.639719;7.459588;5.069966;5.934720;5.914211;9.218033;8.546270;7.020796;3.654060
1.700000;-4.328603;2.964810;3.493463;3.526765;2.984853;3.356052;1.821753;3.149177;4.114559;1.572744;5.328785;1.705652;3.272155;2.347739;4.067384;4.054799;2.412781;1.873825;2.941796;3.790737;5.345565;2.804899;3.813255;4.124538;1.667511;4.055850;3.459448;2.679743;3.500901;2.963980;4.814400;2.993335;4.506904;4.891472;4.791687;1.952465;2.970805;1.334816;3.562498;5.668429;4.925032;1.507905;5.126021;1.916243;5.015367;3.265583;4.032032;4.402563;5.599312;3.655769;2.755942;5.383582;2.707493;1.809785;3.113760;3.368201;3.826295;4.580031;1.863242;5.109219;1.350876;2.696621;1.688914;2.594466;4.130607;4.797850;3.454022;4.089546;3.190100;4.851520;5.123105;3.798409;4.278529;3.244159;2.108520;4.541340;2.148338;1.613771;1.576916;5.038717;1.856243;2.523435;4.164634;4.821564;1.498901;4.117379;2.760781;1.686118;4.311922;4.760142;4.883875;3.157106;4.751770;1.475836;3.609903;3.958119;1.621361;5.538779;6.030483;4.183722;3.859866;3.404227;3.014026;2.151576;2.543427;4.017463;3.437489;4.754622;3.883707;4.183647;2.646994;3.408249;2.616086;5.468597;3.609563;6.480973;6.185456;6.080199;9.305851;5.597015;4.555409;9.105237;5.191329;4.724026;4.932118;7.476775;6.575259;7.224504;7.207599;8.915938;8.858617;7.042382;5.368029;5.082068;8.929766;5.298676;4.392078;8.298742;7.112634;6.066100;6.063679;6.535469;7.235294;9.006091;7.273593;7.081259;5.208439;7.928619;7.390621;8.736815;3.681903;4.273663;7.053145;8.436986;5.880188;6.769420;7.149387;8.837985;8.140645;9.377941;7.074008;3.267442;7.592678;4.540378;8.042086;3.796328;7.413941;8.676210;7.489303;5.075615;5.985245;5.937494;9.252102;8.579510;7.023056;3.654062
1.700000;-6.441631;3.061986;3.478144;3.513764;2.972733;3.333721;1.913077;3.105514;4.107304;1.559201;5.319206;1.694321;3.252809;2.335580;3.713702;4.025907;2.621968;1.854272;2.932549;3.766000;5.330767;2.786958;3.808096;4.111743;1.650136;3.961656;3.443533;2.644945;3.482092;2.950382;4.814399;2.966204;4.497455;4.883599;4.787034;1.908345;2.953258;1.327198;3.538312;5.631832;4.909424;1.502975;5.118975;1.907396;4.990697;3.258283;4.028250;4.394691;5.577695;3.649439;2.740922;5.361689;2.699626;1.800263;3.095296;3.350986;3.908320;5.025438;1.851320;5.092044;1.485106;2.673911;1.670727;2.595124;4.118390;4.780159;3.443368;4.065978;3.183920;4.776865;5.107623;3.798409;4.246281;3.221233;2.096360;4.515648;2.133145;1.673666;1.572276;5.017992;1.844191;2.596402;4.160792;4.811665;1.493396;4.094228;2.750131;1.787904;4.351014;4.723866;4.866611;3.135487;4.747623;1.475836;3.602942;3.947479;1.610649;5.504961;5.998814;4.179435;3.835673;3.796572;2.999431;2.136007;2.532804;4.004293;3.419778;4.746455;3.880559;4.162603;2.646994;3.393708;2.603168;5.452734;3.576946;4.960719;6.175055;6.080166;9.296978;5.595596;4.549595;9.087136;5.170795;4.718604;4.933506;7.482481;6.643857;7.182081;7.308203;8.889276;8.834108;7.033814;5.360437;5.056778;8.900694;5.298677;4.523574;8.194626;7.106743;6.057944;6.011159;6.510662;7.170637;8.995936;7.273582;7.079408;5.203328;7.900356;7.373462;8.740664;3.706047;4.250286;7.042228;8.423977;5.869439;6.698014;7.140637;8.831840;8.079271;9.359507;7.054437;3.267442;7.659491;4.488795;8.037169;3.781946;7.381536;8.639673;7.459099;5.069503;5.936100;5.913463;9.217814;8.545992;7.020585;3.654060
1.700000;-3.600847;3.181585;3.491729;3.525197;2.983359;3.354051;1.902690;3.148717;4.113554;1.571131;5.327527;1.704227;3.270221;2.344353;3.617345;4.052875;2.352911;1.871887;2.940572;3.788726;5.343866;2.803025;3.812508;4.122988;1.665661;3.885021;3.457684;2.678180;3.498991;2.962367;4.814400;2.991358;4.505659;4.890396;4.791007;2.317449;2.968948;1.333771;3.560483;5.667035;4.923282;1.507187;5.125041;1.915062;5.013356;3.264573;4.031468;4.401487;5.597320;3.654875;2.754230;5.381585;2.706418;1.808534;3.111861;3.366364;4.167224;4.780999;1.861764;5.107381;1.358078;2.694613;1.687031;2.595557;4.129104;4.795986;3.452659;4.087529;3.189224;4.751261;5.121364;3.798409;4.276782;3.242152;2.107023;4.539337;2.146610;1.875348;1.576238;5.036745;1.854753;2.446407;4.164063;4.820273;1.498109;4.115364;2.759416;1.748947;4.464182;4.758718;4.882035;3.155115;4.751159;1.475836;3.608933;3.956757;1.619994;5.537137;6.028695;4.183090;3.857851;3.375556;3.012341;2.149829;2.542067;4.015883;3.435624;4.753514;3.883232;4.181667;2.646994;3.406566;2.614524;5.466830;3.607835;4.984454;6.184117;6.080103;9.304667;5.596794;4.554579;9.103359;5.189363;4.723244;4.986117;7.467568;6.499106;7.223847;7.106685;8.913958;8.856604;7.041231;5.362506;5.080064;8.927851;5.298676;4.400994;8.199101;7.256441;6.064994;6.065036;6.533458;7.240333;9.004778;7.273582;7.080973;5.207700;7.926680;7.388789;8.750520;3.748613;4.271651;7.051758;8.435417;5.878818;6.777152;7.148217;8.837114;8.144549;9.376047;7.072074;3.267442;7.544417;4.541515;8.041372;3.794660;7.412201;8.674816;7.487437;5.074749;5.985820;5.935477;9.250502;8.577846;7.022679;3.654060
1.700000;-5.497599;2.886223;3.486991;3.521282;2.979746;3.346569;1.841802;3.130349;4.111514;1.567034;5.324756;1.700879;3.263958;2.333981;3.652066;4.042471;2.621968;1.865540;2.937909;3.780214;5.339316;2.797308;3.811092;4.119142;1.660161;3.910353;3.452723;2.664832;3.492935;2.958242;4.814400;2.981773;4.502930;4.888165;4.789737;2.003667;2.963379;1.331617;3.552212;5.652729;4.918436;1.505838;5.123064;1.912524;5.004873;3.262518;4.030448;4.399256;5.590137;3.653114;2.749599;5.374289;2.704189;1.805781;3.105940;3.360918;3.837365;5.081306;1.858218;5.101953;1.349615;2.686974;1.681215;2.603474;4.125458;4.790357;3.449537;4.079526;3.187508;4.799230;5.116563;3.798409;4.264740;3.234419;2.103395;4.530403;2.141921;1.583033;1.574972;5.029927;1.851164;2.483144;4.163026;4.817399;1.496592;4.107543;2.756302;1.853324;4.800368;4.744583;4.876570;3.147930;4.750034;1.475836;3.606981;3.953640;1.616853;5.524301;6.016944;4.181927;3.849579;3.429824;3.007863;2.144998;2.538954;4.011907;3.429993;4.751191;3.882389;4.174717;2.646994;3.402108;2.610637;5.461891;3.595606;5.082757;6.181076;6.082507;9.302121;5.596423;4.552972;9.097574;5.182620;4.721753;4.881920;7.477753;6.516094;7.206226;7.081582;8.904576;8.848195;7.038782;5.367080;5.071305;8.917358;5.298677;4.333249;8.270556;7.129875;6.062675;6.040888;6.524914;7.206983;9.001815;7.273585;7.080485;5.206296;7.916570;7.383361;8.740898;3.709412;4.263726;7.048548;8.431499;5.875660;6.737993;7.145710;8.835408;8.113833;9.370135;7.065712;3.267442;7.484352;4.518013;8.040026;3.790257;7.400081;8.660534;7.476402;5.073051;5.963970;5.927273;9.237416;8.565161;7.022023;3.654060
1.700000;-7.057784;3.283998;3.497775;3.530435;2.988281;3.362300;1.865842;3.161555;4.116632;1.576563;5.331506;1.708860;3.277570;2.331231;3.626245;4.062875;2.589051;1.879302;2.944425;3.797653;5.349728;2.809926;3.814736;4.128151;1.672389;4.110017;3.463929;2.689502;3.506176;2.967817;4.814399;3.000915;4.509589;4.893716;4.793025;1.947628;2.975729;1.336991;3.569259;5.678703;4.929422;1.509320;5.128034;1.918762;5.022263;3.267667;4.033122;4.404807;5.605359;3.657582;2.760169;5.389706;2.709735;1.812491;3.118933;3.373036;3.852747;4.613927;1.866615;5.114041;1.380157;2.702972;1.694018;2.826740;4.134060;4.802813;3.457042;4.096132;3.191867;4.909032;5.127459;3.798409;4.287560;3.250571;2.111959;4.548523;2.152608;1.907831;1.578251;5.044521;1.859649;2.710756;4.165742;4.824372;1.500480;4.123849;2.763794;1.706300;4.313381;4.770332;4.888722;3.163155;4.752965;1.475836;3.611892;3.961135;1.624399;5.548256;6.039347;4.184954;3.866625;3.569057;3.018135;2.155956;2.546438;4.021178;3.442456;4.756950;3.884616;4.189533;2.646994;3.412342;2.619730;5.473055;3.618700;6.306714;6.188407;6.170405;9.308379;5.597428;4.557077;9.110314;5.197079;4.725582;4.883258;7.459319;6.544323;7.236506;7.047073;8.923404;8.865468;7.044822;5.370508;5.089138;8.937903;5.298678;5.750729;8.217597;7.207318;6.068428;6.078821;6.542405;7.254467;9.008974;7.273589;7.081796;5.209910;7.936532;7.395440;8.734263;3.681160;4.280200;7.056242;8.440664;5.883237;6.790999;7.151877;8.839747;8.158699;9.383113;7.079498;3.267442;7.488022;4.555228;8.043501;3.800383;7.423021;8.686484;7.497756;5.077366;5.999310;5.944211;9.261722;8.588902;7.023772;3.654060
1.700000;-3.723416;3.127870;3.485307;3.519867;2.978432;3.344041;1.849165;3.124994;4.110746;1.565552;5.323730;1.699657;3.261792;2.339584;3.855631;4.039115;2.406665;1.863350;2.936918;3.777386;5.337691;2.795312;3.810552;4.117752;1.658229;3.903699;3.450969;2.660701;3.490835;2.956759;4.814400;2.978643;4.501919;4.887329;4.789252;2.011050;2.961430;1.330809;3.549454;5.648355;4.916718;1.505323;5.122318;1.911580;5.002053;3.261746;4.030056;4.398421;5.587695;3.652447;2.747948;5.371812;2.703353;1.804761;3.103883;3.359009;3.826208;4.594207;1.856927;5.100049;1.383992;2.684399;1.679189;2.587391;4.124132;4.788397;3.448390;4.076844;3.186857;4.743817;5.114860;3.753705;4.260948;3.231816;2.102076;4.527454;2.140250;1.559406;1.574488;5.027593;1.849858;2.749689;4.162627;4.816338;1.496016;4.104911;2.755152;1.741095;4.364016;4.740252;4.874656;3.145489;4.749602;1.475836;3.606245;3.952494;1.615697;5.520302;6.013227;4.181480;3.846817;3.385248;3.006262;2.143283;2.537812;4.010473;3.428025;4.750323;3.882064;4.172348;2.646994;3.400515;2.609232;5.460142;3.591767;5.199631;6.179959;6.095084;9.301173;5.596278;4.552361;9.095558;5.180310;4.721183;4.882002;7.502366;6.569587;7.201046;7.045122;8.901508;8.845393;7.037869;5.371827;5.068407;8.913980;5.298677;4.384665;8.199254;7.112957;6.061807;6.034234;6.522078;7.198415;9.000729;7.273585;7.080294;5.205762;7.913291;7.381463;8.740669;3.731538;4.261070;7.047371;8.430084;5.874504;6.728278;7.144776;8.834763;8.105802;9.368080;7.063518;3.267442;7.489741;4.511498;8.039514;3.788682;7.396266;8.656165;7.472874;5.072408;5.957822;5.924533;9.233350;8.561198;7.021768;3.654061
1.700000;-4.910357;2.883255;3.480521;3.515887;2.974751;3.336655;1.831075;3.108358;4.108642;1.561391;5.320889;1.696240;3.255543;2.465932;3.645724;4.029087;2.546535;1.857018;2.934187;3.769052;5.333091;2.789579;3.809088;4.113842;1.652705;3.926646;3.445969;2.648138;3.484784;2.952574;4.814399;2.969343;4.499117;4.885033;4.787937;2.416778;2.955844;1.328592;3.541342;5.634989;4.911829;1.503927;5.120281;1.908973;4.993746;3.259629;4.028997;4.396124;5.580586;3.650628;2.743269;5.364596;2.701057;1.801938;3.097960;3.353544;4.647537;5.458076;1.853313;5.094599;1.382941;2.676866;1.673367;2.584157;4.120418;4.782752;3.445198;4.068977;3.185084;4.810342;5.110016;3.798409;4.249496;3.224200;2.098383;4.518741;2.135509;1.711241;1.573177;5.020826;1.846199;2.456448;4.161552;4.813392;1.494448;4.097204;2.751958;1.818357;4.315318;4.727030;4.869173;3.138378;4.748438;2.187498;3.604233;3.949306;1.612486;5.508169;6.002026;4.180276;3.838705;3.372725;3.001731;2.138409;2.534630;4.006435;3.422379;4.747933;3.881189;4.165452;2.646994;3.396001;2.605283;5.455165;3.580160;5.027582;6.176849;6.128736;9.298559;5.595891;4.550699;9.089770;5.173616;4.719640;4.881930;7.451367;6.508626;7.185004;7.063959;8.892397;8.837157;7.035352;5.367371;5.059856;8.903885;5.298677;4.276112;8.211716;7.100614;6.059420;6.013233;6.513719;7.170979;8.997700;7.273589;7.079788;5.204311;7.903528;7.376026;8.733330;3.703240;4.253276;7.044093;8.426102;5.871280;6.697055;7.142202;8.833000;8.080153;9.362170;7.057189;3.267442;7.537609;4.490974;8.038118;3.784225;7.384747;8.642834;7.462303;5.070657;5.938515;5.916485;9.221011;8.549199;7.021087;3.654061
1.700000;-5.495382;2.884870;3.495568;3.528520;2.986479;3.359309;1.840661;3.157134;4.115502;1.574578;5.330048;1.707164;3.274901;2.328376;3.681305;4.059289;2.621968;1.876611;2.943013;3.794429;5.347585;2.807415;3.813917;4.126262;1.669938;3.866726;3.461650;2.685493;3.503561;2.965825;4.814400;2.997478;4.508150;4.892498;4.792284;2.010734;2.973260;1.335809;3.566087;5.674593;4.927182;1.508537;5.126936;1.917405;5.019046;3.266531;4.032514;4.403589;5.602442;3.656589;2.758001;5.386761;2.708517;1.811041;3.116360;3.370604;3.988864;4.844060;1.864840;5.111613;1.356279;2.699945;1.691473;2.579616;4.132245;4.800327;3.455438;4.093019;3.190897;4.895241;5.125233;3.798409;4.283720;3.247524;2.110152;4.545209;2.150419;1.721666;1.577511;5.041698;1.857858;2.695141;4.165125;4.822872;1.499609;4.120779;2.762194;1.777368;4.352087;4.766237;4.886286;3.160238;4.752302;1.468799;3.610805;3.959532;1.622786;5.544308;6.035549;4.184268;3.863456;3.684803;3.016020;2.153719;2.544836;4.019243;3.439968;4.755689;3.884108;4.186680;2.646994;3.410232;2.617825;5.470784;3.614831;4.986775;6.186835;6.080076;9.307014;5.597196;4.556159;9.107782;5.194274;4.724725;4.952746;7.450061;6.551494;7.232131;7.045350;8.919994;8.862269;7.043506;5.419621;5.085863;8.934299;5.298677;5.142060;8.208162;7.113879;6.067166;6.074275;6.539174;7.250245;9.007437;7.273585;7.081491;5.209098;7.932990;7.393014;8.738920;3.717068;4.277106;7.054600;8.438745;5.881619;6.787221;7.150535;8.838778;8.154328;9.380535;7.076796;3.267442;7.541478;4.550674;8.042720;3.798289;7.419166;8.682370;7.494063;5.076405;5.994780;5.941052;9.257744;8.584972;7.023369;3.654061
1.700000;-2.474861;3.748472;3.488078;3.522183;2.980580;3.348264;1.856285;3.134476;4.111992;1.567971;5.325400;1.701653;3.265384;2.332355;3.811128;4.044809;2.422740;1.866982;2.938528;3.782133;5.340362;2.798610;3.811426;4.120028;1.661411;3.864973;3.453859;2.667825;3.494314;2.959191;4.814400;2.983927;4.503566;4.888686;4.790038;1.950937;2.964648;1.332122;3.554078;5.655941;4.919545;1.506157;5.123528;1.913115;5.006788;3.262998;4.030691;4.399777;5.591763;3.653527;2.750658;5.375938;2.704710;1.806421;3.107287;3.362160;4.200553;4.954643;1.859037;5.103190;1.364707;2.688699;1.682538;2.647569;4.126299;4.791652;3.450261;4.081335;3.187912;4.773942;5.117662;3.753880;4.267440;3.236168;2.104232;4.532416;2.142993;1.532647;1.575271;5.031471;1.851992;2.445849;4.163272;4.818065;1.496951;4.109310;2.757019;1.790329;4.389736;4.747753;4.877817;3.149556;4.750301;1.475836;3.607438;3.954363;1.617580;5.527178;6.019581;4.182203;3.851444;3.377026;3.008891;2.146103;2.539676;4.012822;3.431274;4.751733;3.882589;4.176294;2.646994;3.403131;2.611532;5.463022;3.598353;7.172445;6.181782;6.128532;9.302711;5.596513;4.553349;9.098888;5.184148;4.722104;4.916970;7.628908;6.564596;7.210183;7.048236;8.906691;8.850088;7.039352;5.361963;5.073278;8.919712;5.298676;4.851040;8.204223;7.100532;6.063215;6.046340;6.526844;7.214588;9.002506;7.273589;7.080603;5.206627;7.918840;7.384602;8.777996;3.722499;4.265516;7.049292;8.432403;5.876382;6.746977;7.146292;8.835810;8.120821;9.371479;7.067159;3.267443;7.491235;4.523313;8.040344;3.791265;7.402798;8.663738;7.478881;5.073452;5.968887;5.929124;9.240350;8.568006;7.022181;3.654061
1.700000;-3.541875;3.202132;3.490165;3.523892;2.982151;3.351643;1.827650;3.143323;4.112860;1.569769;5.326592;1.703104;3.268182;2.328572;3.655265;4.049620;2.621968;1.869823;2.939672;3.786016;5.342358;2.801151;3.812022;4.121706;1.663859;4.244486;3.456052;2.674107;3.497018;2.960995;4.814400;2.988333;4.504738;4.889638;4.790570;2.019335;2.967124;1.333038;3.557845;5.662701;4.921682;1.506725;5.124367;1.914204;5.010655;3.263874;4.031118;4.400730;5.595007;3.654274;2.752696;5.379236;2.705661;1.807603;3.109929;3.364578;3.905505;4.698184;1.860578;5.105600;1.369496;2.692162;1.685131;2.581856;4.127884;4.794140;3.451609;4.084972;3.188637;4.783021;5.119777;3.798409;4.273065;3.239672;2.105809;4.536505;2.145062;1.648491;1.575802;5.034541;1.853553;2.441516;4.163706;4.819306;1.497590;4.112863;2.758372;1.879576;4.374361;4.754433;4.880243;3.152798;4.750772;1.475836;3.608268;3.955709;1.618937;5.533203;6.025063;4.182689;3.855212;3.398331;3.010856;2.148232;2.541020;4.014559;3.433778;4.752726;3.882941;4.179418;2.646994;3.405089;2.613228;5.465202;3.604072;4.986567;6.183095;6.116199;9.303806;5.596665;4.554029;9.101468;5.187179;4.722735;4.892251;7.543321;6.588855;7.218644;7.052091;8.911003;8.853930;7.040401;5.363908;5.077281;8.924578;5.298677;4.214778;8.196476;7.106272;6.064208;6.058208;6.530742;7.231355;9.003783;7.273582;7.080804;5.207218;7.923509;7.387009;8.740030;3.687241;4.269115;7.050680;8.434115;5.877756;6.766881;7.147367;8.836532;8.136164;9.374116;7.070006;3.267441;7.502111;4.534843;8.040912;3.793197;7.408468;8.670498;7.484009;5.074169;5.979553;5.932859;9.246504;8.573955;7.022453;3.654061
1.700000;-3.151051;3.379395;3.499396;3.531709;2.989430;3.365200;1.829835;3.170463;4.117198;1.577912;5.332331;1.709904;3.279888;2.392692;3.615190;4.067282;2.621968;1.881660;2.945210;3.801073;5.351270;2.811991;3.815100;4.129396;1.674351;4.307957;3.465645;2.695520;3.508393;2.969177;4.814399;3.004890;4.510399;4.894349;4.793345;2.035536;2.977723;1.337596;3.572556;5.685261;4.931091;1.509665;5.128579;1.919502;5.025668;3.268237;4.033371;4.405438;5.608115;3.658056;2.761746;5.392517;2.710366;1.813310;3.121090;3.374974;3.853576;4.944269;1.867738;5.115970;1.366296;2.705952;1.696125;2.608683;4.135223;4.804831;3.458001;4.099294;3.192328;4.743307;5.129107;3.798409;4.292853;3.253601;2.113114;4.552159;2.154211;1.830171;1.578571;5.047100;1.860792;2.445655;4.165995;4.825238;1.500876;4.126925;2.764756;1.817032;4.454278;4.776793;4.890667;3.165914;4.753245;1.475836;3.612428;3.962091;1.625364;5.553992;6.044481;4.185245;3.869924;3.398223;3.019647;2.157620;2.547391;4.022475;3.444478;4.757614;3.884817;4.192183;2.646994;3.413847;2.620990;5.474764;3.624092;5.213735;6.189331;6.123097;9.309120;5.597510;4.557500;9.112405;5.199622;4.725970;4.885176;7.473754;6.494482;7.244977;7.045951;8.927263;8.868840;7.045529;5.370109;5.092684;8.942357;5.298678;4.224562;8.218369;7.222111;6.069088;6.091190;6.545840;7.272531;9.009872;7.273585;7.081904;5.210269;7.940778;7.397365;8.734091;3.696641;4.283323;7.057230;8.441937;5.884207;6.812712;7.152608;8.840201;8.175117;9.385262;7.081854;3.267442;7.646749;4.567199;8.043845;3.801859;7.428355;8.693022;7.502503;5.077819;6.010294;5.947474;9.267592;8.594550;7.023923;3.654060
1.700000;-2.363449;3.820419;3.486880;3.521232;2.979715;3.346196;1.827600;3.128782;4.111552;1.566969;5.324770;1.700865;3.263707;2.332420;3.844794;4.041780;2.405846;1.865282;2.937925;3.779733;5.339218;2.797109;3.811139;4.119098;1.659985;3.972445;3.452594;2.663807;3.492709;2.958179;4.814399;2.981176;4.502944;4.888198;4.789783;1.910935;2.963198;1.331654;3.551760;5.651593;4.918317;1.505885;5.123105;1.912548;5.004398;3.262557;4.030491;4.399288;5.589798;3.653157;2.749496;5.373937;2.704222;1.805795;3.105724;3.360748;4.609979;5.506395;1.858193;5.101783;1.376837;2.686588;1.681011;2.583331;4.125425;4.790176;3.449535;4.079098;3.187552;4.741854;5.116447;3.798409;4.263862;3.234023;2.103364;4.529877;2.141813;1.679232;1.575019;5.029624;1.851135;2.532124;4.163068;4.817409;1.496641;4.107134;2.756296;2.114210;5.099884;4.743471;4.876399;3.147591;4.750080;2.107480;3.607022;3.953638;1.616848;5.523334;6.016100;4.181973;3.849123;3.487931;3.007772;2.144878;2.538953;4.011854;3.429805;4.751222;3.882430;4.174401;2.646994;3.402018;2.610591;5.461765;3.594713;5.284108;6.181080;6.084846;9.302144;5.596446;4.553017;9.097371;5.182327;4.721799;4.882521;7.502802;6.530174;7.204738;7.165308;8.904005;8.847726;7.038808;5.358934;5.070799;8.916659;5.298678;4.219991;8.223180;7.101271;6.062706;6.038774;6.524432;7.204169;9.001824;7.273585;7.080513;5.206344;7.915911;7.383197;8.767883;3.692463;4.263312;7.048543;8.431453;5.875660;6.734838;7.145732;8.835453;8.111200;9.369924;7.065459;3.267442;7.603742;4.515959;8.040072;3.790172;7.399195;8.659418;7.475643;5.073097;5.962065;5.926829;9.236425;8.564213;7.022058;3.654061
1.700000;-5.841650;2.923948;3.495407;3.528452;2.986440;3.358718;1.820709;3.153816;4.115560;1.574490;5.330073;1.707146;3.274519;2.329151;3.619499;4.058092;2.419001;1.876214;2.943041;3.793638;5.347447;2.807119;3.813982;4.126202;1.669673;3.876939;3.461463;2.683575;3.503213;2.965735;4.814399;2.996462;4.508174;4.892550;4.792347;1.956818;2.972985;1.335863;3.565345;5.672414;4.927008;1.508602;5.126995;1.917442;5.018262;3.266587;4.032574;4.403641;5.601905;3.656651;2.757851;5.386205;2.708569;1.811066;3.116033;3.370350;4.807055;4.991745;1.864807;5.111361;1.368958;2.699325;1.691165;2.579644;4.132204;4.800046;3.455438;4.092334;3.190962;4.750844;5.125067;3.769215;4.282133;3.246886;2.110111;4.544332;2.150269;1.818547;1.577576;5.041227;1.857821;2.444412;4.165185;4.822890;1.499676;4.120124;2.762194;1.689866;4.314306;4.764111;4.886026;3.159703;4.752365;1.467290;3.610866;3.959533;1.622787;5.542521;6.034032;4.184331;3.862712;3.371810;3.015890;2.153548;2.544838;4.019167;3.439685;4.755738;3.884162;4.186182;2.646994;3.410104;2.617764;5.470599;3.613200;5.951508;6.186844;6.083182;9.307054;5.597226;4.556225;9.107474;5.193819;4.724789;4.884055;7.485724;6.545583;7.229032;7.214867;8.919033;8.861501;7.043547;5.432687;5.085024;8.933082;5.298678;4.284973;8.302088;7.117300;6.067214;6.069160;6.538378;7.242003;9.007447;7.273585;7.081532;5.209161;7.931859;7.392764;8.834715;3.705520;4.276432;7.054594;8.438674;5.881618;6.776891;7.150576;8.838843;8.147010;9.380217;7.076401;3.267441;7.516492;4.545772;8.042785;3.798169;7.417559;8.680210;7.492721;5.076469;5.990398;5.940322;9.255894;8.583225;7.023416;3.654061
1.700000;-6.936867;3.219945;3.509037;3.539840;2.996991;3.379533;1.820214;3.200205;4.121666;1.586394;5.338265;1.716958;3.292200;2.338780;3.804844;4.086174;2.475355;1.894113;2.950934;3.817059;5.360568;2.823367;3.818259;4.137391;1.685351;3.878472;3.475680;2.718650;3.520346;2.977695;4.814400;3.022540;4.516250;4.899202;4.796191;1.979147;2.988835;1.342289;3.588160;5.709708;4.940922;1.512682;5.132915;1.924972;5.041607;3.272732;4.035678;4.410293;5.621959;3.661945;2.771194;5.406550;2.715217;1.819208;3.132813;3.385866;4.214841;4.686711;1.875172;5.126835;1.404673;2.720544;1.707662;2.581888;4.142848;4.816044;3.464618;4.114471;3.196121;4.813174;5.138856;3.798409;4.314137;3.268339;2.120701;4.568806;2.163764;1.710199;1.581408;5.060339;1.868306;2.454026;4.168339;4.831375;1.504250;4.141815;2.771374;2.279952;4.731351;4.801007;4.901592;3.179762;4.755778;1.492154;3.616711;3.968702;1.632024;5.576409;6.065350;4.187863;3.885532;3.390713;3.028813;2.167424;2.553990;4.030714;3.455697;4.762655;3.886734;4.205633;2.646994;3.422976;2.629069;5.484762;3.645641;5.002721;6.195790;6.197576;9.314611;5.598370;4.561069;9.123888;5.212734;4.729293;4.882652;7.454372;6.531283;7.273775;7.045850;8.944592;8.884668;7.050823;5.360847;5.109051;8.961372;5.298677;4.209619;8.195340;7.154915;6.074125;6.127820;6.561876;7.319021;9.016171;7.273585;7.083030;5.213399;7.959229;7.408214;8.733630;3.746912;4.298369;7.064024;8.450077;5.890889;6.864903;7.158014;8.843975;8.218895;9.396962;7.094318;3.267441;7.484243;4.603092;8.046854;3.810886;7.449756;8.717428;7.522324;5.081571;6.044267;5.962968;9.290354;8.616750;7.025425;3.654061
1.700000;-2.920086;3.493787;3.496656;3.529447;2.987343;3.360875;1.819395;3.159973;4.116024;1.575544;5.330733;1.707971;3.276264;2.466124;3.827862;4.061279;2.443041;1.877986;2.943675;3.796152;5.348639;2.808685;3.814289;4.127174;1.671167;3.908277;3.462779;2.687844;3.504888;2.966792;4.814399;2.999354;4.508825;4.893063;4.792617;1.916262;2.974500;1.336356;3.567774;5.677047;4.928288;1.508892;5.127442;1.918038;5.020768;3.267056;4.032787;4.404154;5.603960;3.657043;2.759068;5.388296;2.709083;1.811722;3.117664;3.371821;3.840446;4.617401;1.865690;5.112828;1.358252;2.701531;1.692758;2.587051;4.133118;4.801581;3.456197;4.094666;3.191341;4.906339;5.126332;3.798409;4.285919;3.249127;2.111019;4.546995;2.151497;2.425509;1.577846;5.043151;1.858718;2.445032;4.165401;4.823580;1.500005;4.122403;2.762956;1.735667;4.349481;4.768673;4.887506;3.161756;4.752601;1.475836;3.611307;3.960294;1.623551;5.546602;6.037710;4.184578;3.865140;3.621176;3.017055;2.154825;2.545595;4.020180;3.441219;4.756276;3.884335;4.188157;2.646994;3.411260;2.618748;5.471909;3.617051;6.391631;6.187578;6.086104;9.307652;5.597298;4.556578;9.109059;5.195719;4.725114;4.884218;7.466901;6.848819;7.234901;7.169953;8.921848;8.863973;7.044119;5.582887;5.087620;8.936297;5.298677;4.210931;8.265716;7.102089;6.067754;6.077504;6.540901;7.253826;9.008162;7.273585;7.081628;5.209466;7.934937;7.394228;8.736943;3.705410;4.278738;7.055379;8.439671;5.882387;6.790870;7.151161;8.839221;8.157842;9.381838;7.078177;3.267441;7.503887;4.553872;8.043073;3.799313;7.421371;8.684820;7.496137;5.076844;5.997876;5.942725;9.260061;8.587250;7.023548;3.654061
1.700000;-3.388351;3.263826;3.492330;3.525796;2.983949;3.354456;1.862800;3.146715;4.114017;1.571735;5.328067;1.704805;3.270745;2.328629;3.618521;4.052838;2.582360;1.872407;2.941103;3.789000;5.344470;2.803586;3.812868;4.123582;1.666236;4.003786;3.458276;2.677524;3.499532;2.962969;4.814400;2.991463;4.506196;4.890882;4.791339;2.073952;2.969517;1.334246;3.560791;5.666146;4.923878;1.507536;5.125494;1.915581;5.013633;3.265035;4.031750;4.401972;5.597760;3.655295;2.754830;5.382011;2.706902;1.809071;3.112410;3.366938;4.425879;4.741065;1.862352;5.107957;1.351116;2.695001;1.687586;2.579678;4.129694;4.796548;3.453224;4.087874;3.189637;4.761394;5.121960;3.760515;4.276416;3.242529;2.107613;4.539549;2.147210;2.170787;1.576570;5.037219;1.855342;2.488697;4.164348;4.820823;1.498490;4.115733;2.759983;1.734143;4.437802;4.757871;4.882608;3.155555;4.751462;1.475836;3.609383;3.957324;1.620561;5.536597;6.028394;4.183403;3.858157;3.387526;3.012943;2.150424;2.542631;4.016482;3.436189;4.754011;3.883472;4.182128;2.646994;3.407169;2.615122;5.467423;3.607434;4.960697;6.184676;6.094444;9.305187;5.596910;4.554975;9.103912;5.189846;4.723621;4.893433;7.454493;6.696072;7.222065;7.068824;8.914098;8.856895;7.041741;5.393859;5.080300;8.927800;5.298678;4.336549;8.259976;7.224502;6.065489;6.061172;6.533728;7.233041;9.005330;7.273589;7.081121;5.208058;7.926697;7.389359;8.823884;3.678288;4.272005;7.052331;8.436023;5.879385;6.767495;7.148733;8.837526;8.138290;9.376594;7.072588;3.267442;7.484638;4.537873;8.041719;3.795261;7.411823;8.673935;7.487284;5.075159;5.982727;5.935793;9.249904;8.577342;7.022872;3.654062
1.700000;-3.684735;3.155075;3.503675;3.535348;2.992828;3.371400;1.843190;3.182619;4.119246;1.581704;5.335026;1.713083;3.285274;2.328369;3.770983;4.075289;2.621968;1.887100;2.947813;3.807935;5.355405;2.816989;3.816561;4.132979;1.679196;3.876954;3.470089;2.705166;3.513624;2.972982;4.814400;3.012410;4.513056;4.896566;4.794664;1.910152;2.982613;1.339743;3.579266;5.695413;4.935449;1.511062;5.130568;1.921992;5.032510;3.270296;4.034445;4.407658;5.614117;3.659846;2.765942;5.398599;2.712584;1.815987;3.126229;3.379772;4.246405;5.079553;1.871079;5.120758;1.351618;2.712258;1.701191;2.610227;4.138648;4.809766;3.460992;4.105833;3.194075;4.929277;5.133430;3.798409;4.301788;3.259966;2.116523;4.559282;2.158451;1.580996;1.579886;5.052861;1.864169;2.480461;4.167086;4.828022;1.502434;4.133348;2.767748;1.686804;4.369723;4.786855;4.895479;3.171919;4.754422;1.475835;3.614395;3.965079;1.628372;5.563360;6.053256;4.186459;3.876637;3.449269;3.023727;2.161965;2.550374;4.026161;3.449411;4.759915;3.885711;4.198027;2.646994;3.417909;2.624606;5.479193;3.633130;5.412896;6.192255;6.093001;9.311620;5.597915;4.559146;9.117448;5.205328;4.727505;4.909476;7.818729;6.490868;7.256778;7.048373;8.934666;8.875637;7.047942;5.367764;5.099695;8.950413;5.298678;4.648308;8.203911;7.145625;6.071389;6.105946;6.552722;7.291037;9.012725;7.273589;7.082433;5.211718;7.948613;7.402147;8.774797;3.682506;4.289810;7.060297;8.445579;5.887224;6.833418;7.155072;8.841940;8.192581;9.390390;7.087302;3.267442;7.517322;4.581686;8.045238;3.805878;7.437337;8.703161;7.510872;5.079546;6.024053;5.954139;9.277095;8.603840;7.024626;3.654061
1.700000;-6.078111;2.968230;3.492266;3.525780;2.983946;3.354159;1.829086;3.144748;4.114056;1.571709;5.328095;1.704814;3.270559;2.360075;3.622898;4.052184;2.606309;1.872217;2.941134;3.788587;5.344415;2.803450;3.812909;4.123570;1.666121;3.870687;3.458198;2.676435;3.499370;2.962940;4.814399;2.990923;4.506224;4.890920;4.791378;2.131865;2.969395;1.334284;3.560407;5.664896;4.923807;1.507576;5.125534;1.915613;5.013224;3.265074;4.031785;4.402010;5.597493;3.655336;2.754774;5.381734;2.706939;1.809099;3.112259;3.366824;3.827590;5.764730;1.862351;5.107845;1.381573;2.694686;1.687444;2.579347;4.129690;4.796428;3.453242;4.087522;3.189678;4.807892;5.121892;3.798409;4.275532;3.242205;2.107610;4.539086;2.147151;1.621956;1.576609;5.036992;1.855341;2.444573;4.164382;4.820846;1.498529;4.115399;2.760002;2.087222;4.361143;4.756654;4.882493;3.155286;4.751499;1.475836;3.609422;3.957341;1.620574;5.535590;6.027549;4.183439;3.857773;3.448013;3.012896;2.150357;2.542648;4.016462;3.436064;4.754045;3.883504;4.181888;2.646994;3.407125;2.615106;5.467347;3.606514;5.049097;6.184695;6.216049;9.305220;5.596927;4.555014;9.103773;5.189620;4.723660;4.892056;7.459253;7.134774;7.220234;7.049451;8.913582;8.856491;7.041772;5.365090;5.079859;8.927134;5.298677;4.211911;8.337261;7.363570;6.065527;6.058047;6.533312;7.227876;9.005356;7.273593;7.081142;5.208098;7.926082;7.389252;8.870735;3.737769;4.271658;7.052341;8.436000;5.879398;6.760958;7.148765;8.837566;8.133724;9.376443;7.072398;3.267441;7.486588;4.534882;8.041759;3.795218;7.410921;8.672689;7.486539;5.075199;5.980077;5.935415;9.248854;8.576356;7.022899;3.654060
1.700000;-4.023042;3.037651;3.492858;3.526242;2.984365;3.355215;1.899530;3.147921;4.114260;1.572202;5.328393;1.705192;3.271409;2.366615;3.679163;4.053789;2.332554;1.873079;2.941417;3.789834;5.344976;2.804200;3.813040;4.124024;1.666834;3.893279;3.458827;2.678607;3.500177;2.963437;4.814400;2.992363;4.506517;4.891148;4.791494;2.085640;2.970122;1.334502;3.561609;5.667260;4.924416;1.507699;5.125731;1.915881;5.014464;3.265282;4.031875;4.402238;5.598498;3.655507;2.755347;5.382759;2.707168;1.809396;3.113047;3.367531;3.828303;5.397164;1.862761;5.108549;1.367785;2.695775;1.688210;2.648940;4.130113;4.797162;3.453588;4.088672;3.189843;4.779429;5.122494;3.798409;4.277447;3.243307;2.108030;4.540412;2.147734;1.584336;1.576724;5.037927;1.855756;2.475899;4.164474;4.821158;1.498673;4.116517;2.760349;1.688164;4.416185;4.758983;4.883203;3.156292;4.751598;1.475836;3.609615;3.957687;1.620929;5.537665;6.029411;4.183543;3.858975;3.403061;3.013445;2.150962;2.542994;4.016934;3.436797;4.754287;3.883576;4.182847;2.646994;3.407670;2.615564;5.467970;3.608470;4.981190;6.185032;6.118876;9.305487;5.596958;4.555169;9.104538;5.190549;4.723799;4.951724;7.451694;6.827434;7.223261;7.083157;8.914990;8.857726;7.042031;5.363269;5.081151;8.928756;5.298676;4.301885;8.194633;7.125612;6.065765;6.062380;6.534564;7.234022;9.005678;7.273585;7.081182;5.208228;7.927627;7.389953;8.846479;3.686680;4.272798;7.052703;8.436465;5.879754;6.768220;7.149029;8.837732;8.139356;9.377229;7.073258;3.267442;7.514722;4.539088;8.041883;3.795756;7.412856;8.675045;7.488266;5.075363;5.983952;5.936606;9.250981;8.578400;7.022954;3.654060
1.700000;-3.805239;3.099514;3.484355;3.519025;2.977635;3.342803;1.821950;3.123301;4.110228;1.564685;5.323073;1.698900;3.260667;2.337653;4.126835;4.037683;2.621968;1.862215;2.936280;3.776073;5.336762;2.794245;3.810170;4.116920;1.657186;3.870045;3.449986;2.659139;3.489735;2.955887;4.814399;2.977259;4.501268;4.886772;4.788904;1.904703;2.960379;1.330268;3.548159;5.646759;4.915751;1.504957;5.121814;1.910965;5.000743;3.261225;4.029769;4.397864;5.586487;3.651988;2.747009;5.370594;2.702798;1.804106;3.102790;3.357971;4.020154;4.599271;1.856140;5.099012;1.366622;2.683150;1.678111;2.767198;4.123330;4.787336;3.447674;4.075572;3.186407;4.795518;5.113899;3.798409;4.259437;3.230563;2.101278;4.526114;2.139301;1.786897;1.574142;5.026417;1.849065;2.537991;4.162336;4.815660;1.495609;4.103651;2.754433;1.979939;4.697401;4.738663;4.873617;3.144279;4.749290;1.475836;3.605746;3.951778;1.614977;5.518758;6.011730;4.181158;3.845522;3.479522;3.005343;2.142319;2.537095;4.009623;3.426967;4.749749;3.881822;4.171160;2.646994;3.399595;2.608396;5.459164;3.590248;4.971407;6.179254;6.086416;9.300555;5.596166;4.551933;9.094482;5.179141;4.720785;4.978970;7.457965;6.979490;7.199364;7.045873;8.900140;8.844088;7.037270;5.359720;5.067078;8.912547;5.298678;4.389917;8.198947;7.150576;6.061234;6.032464;6.520763;7.196607;9.000031;7.273589;7.080149;5.205383;7.911872;7.380424;8.895025;3.718431;4.259799;7.046640;8.429238;5.873781;6.726481;7.144167;8.834314;8.103999;9.366992;7.062390;3.267442;7.486178;4.509736;8.039147;3.787771;7.394749;8.654580;7.471415;5.071963;5.956075;5.923243;9.231802;8.559662;7.021578;3.654061
1.700000;-4.980452;2.879682;3.485566;3.520149;2.978718;3.344100;1.832537;3.123411;4.110992;1.565834;5.324007;1.699944;3.261958;2.426310;3.633047;4.038829;2.528834;1.863514;2.937195;3.777339;5.337959;2.795517;3.810750;4.118035;1.658451;3.912662;3.451218;2.659977;3.491022;2.957038;4.814399;2.978463;4.502195;4.887587;4.789435;1.903905;2.961648;1.331062;3.549434;5.647480;4.916974;1.505515;5.122560;1.911850;5.002009;3.261993;4.030213;4.398677;5.587788;3.652674;2.748211;5.371893;2.703609;1.805038;3.104078;3.359233;4.069706;4.702340;1.857213;5.100274;1.350366;2.684446;1.679390;2.587389;4.124419;4.788613;3.448676;4.076856;3.187081;4.809136;5.115118;3.751790;4.260427;3.231855;2.102363;4.527359;2.140512;1.605051;1.574672;5.027718;1.850145;2.757612;4.162785;4.816617;1.496224;4.104942;2.755438;1.860507;4.473377;4.739400;4.874881;3.145579;4.749771;1.475836;3.606486;3.952780;1.615984;5.519654;6.012749;4.181653;3.846794;3.404330;3.006533;2.143539;2.538095;4.010756;3.428239;4.750584;3.882199;4.172463;2.646994;3.400783;2.609516;5.460393;3.591218;7.000851;6.180242;6.082078;9.301445;5.596344;4.552576;9.095764;5.180442;4.721392;4.920584;7.459332;6.518830;7.199599;7.060010;8.901358;8.845358;7.038136;5.359702;5.068334;8.913684;5.298677;4.396396;8.332250;7.305603;6.062067;6.031577;6.522027;7.193985;9.001010;7.273593;7.080380;5.205958;7.913044;7.381692;8.743850;3.688833;4.261086;7.047657;8.430360;5.874790;6.722735;7.145043;8.834985;8.101881;9.368276;7.063678;3.267442;7.488179;4.508961;8.039704;3.788955;7.395730;8.655293;7.472506;5.072631;5.955597;5.924519;9.232670;8.560580;7.021878;3.654060
1.700000;0.198132;6.309811;3.486622;3.521056;2.979567;3.345600;1.832871;3.126365;4.111516;1.566774;5.324690;1.700740;3.263266;2.328266;3.662293;4.040738;2.391210;1.864832;2.937853;3.778982;5.338978;2.796736;3.811128;4.118928;1.659635;3.900367;3.452312;2.662276;3.492294;2.957982;4.814400;2.980259;4.502866;4.888152;4.789779;2.501477;2.962842;1.331612;3.551045;5.649906;4.918046;1.505878;5.123071;1.912483;5.003651;3.262519;4.030492;4.399244;5.589237;3.653134;2.749248;5.373359;2.704174;1.805716;3.105328;3.360409;3.862731;4.596107;1.858049;5.101446;1.516018;2.685962;1.680627;2.652176;4.125273;4.789817;3.449427;4.078426;3.187531;4.765633;5.116182;3.798409;4.262553;3.233386;2.103214;4.529063;2.141558;1.589101;1.575013;5.029111;1.850990;2.529325;4.163070;4.817319;1.496625;4.106478;2.756186;1.693776;4.349759;4.741803;4.876058;3.147029;4.750078;1.897813;3.606989;3.953530;1.616740;5.521890;6.014840;4.181970;3.848407;3.371944;3.007539;2.144608;2.538846;4.011672;3.429444;4.751170;3.882433;4.173876;2.646994;3.401788;2.610415;5.461483;3.593371;5.174624;6.180980;6.079988;9.302076;5.596451;4.553001;9.096993;5.181825;4.721787;4.894418;7.563978;6.495467;7.202455;7.177879;8.903125;8.846989;7.038749;5.382863;5.070011;8.915602;5.298676;4.237447;8.256581;7.105296;6.062651;6.035304;6.523676;7.199028;9.001732;7.273585;7.080519;5.206335;7.914911;7.382859;8.735172;3.878401;4.262646;7.048427;8.431269;5.875550;6.728664;7.145673;8.835432;8.106532;9.369528;7.065007;3.267442;7.511531;4.512601;8.040067;3.789949;7.397869;8.657720;7.474496;5.073077;5.959013;5.926120;9.234936;8.562793;7.022063;3.654061
1.700000;-4.726801;2.901071;3.487624;3.521768;2.980181;3.347747;1.983929;3.134147;4.111714;1.567548;5.325058;1.701272;3.264881;2.332366;3.614892;4.044299;2.621081;1.866481;2.938197;3.781613;5.339913;2.798127;3.811215;4.119617;1.660937;3.911859;3.453396;2.667360;3.493819;2.958765;4.814400;2.983413;4.503227;4.888391;4.789842;1.905641;2.964167;1.331832;3.553560;5.655496;4.919088;1.505954;5.123255;1.912793;5.006268;3.262717;4.030529;4.399483;5.591253;3.653278;2.750210;5.375426;2.704413;1.806080;3.106802;3.361682;3.954126;4.587981;1.858643;5.102714;1.349324;2.688186;1.682050;2.579366;4.125898;4.791161;3.449893;4.080817;3.187666;4.742429;5.117206;3.798409;4.266951;3.235650;2.103833;4.531897;2.142543;1.529773;1.575079;5.030967;1.851594;2.500734;4.163108;4.817717;1.496728;4.108796;2.756652;1.753240;5.083220;4.747305;4.877339;3.149044;4.750126;1.475836;3.607169;3.953995;1.617212;5.526703;6.019089;4.182022;3.850924;3.378732;3.008448;2.145645;2.539310;4.012403;3.430792;4.751429;3.882452;4.175784;2.646994;3.402688;2.611119;5.462559;3.597865;4.974055;6.181419;6.080500;9.302388;5.596448;4.553116;9.098401;5.183643;4.721885;4.895236;7.454051;6.483494;7.209826;7.275660;8.906173;8.849574;7.039036;5.372166;5.072757;8.919201;5.298676;4.386673;8.215414;7.100664;6.062912;6.046213;6.526321;7.214851;9.002149;7.273593;7.080516;5.206418;7.918324;7.384124;8.805131;3.678459;4.264999;7.048918;8.431981;5.876021;6.747522;7.145972;8.835566;8.120966;9.370990;7.066655;3.267442;7.527758;4.523161;8.040142;3.790828;7.402311;8.663297;7.478378;5.073208;5.968676;5.928602;9.239882;8.567526;7.022070;3.654061
1.700000;-6.776355;3.160540;3.509217;3.540047;2.997206;3.379513;1.827938;3.198748;4.121864;1.586596;5.338483;1.717176;3.292283;2.338270;3.615204;4.085828;2.613627;1.894187;2.951149;3.816932;5.360751;2.823485;3.818422;4.137603;1.685485;4.050721;3.475850;2.717919;3.520442;2.977897;4.814400;3.022292;4.516468;4.899407;4.796342;1.903246;2.988965;1.342493;3.588058;5.708841;4.941094;1.512840;5.133111;1.925185;5.041483;3.272931;4.035809;4.410497;5.621963;3.662129;2.771373;5.406544;2.715423;1.819426;3.132917;3.386006;3.845322;4.771317;1.875387;5.126976;1.392076;2.720506;1.707778;2.676270;4.143061;4.816162;3.464838;4.114396;3.196303;4.741612;5.139031;3.798409;4.313583;3.268293;2.120915;4.568634;2.163947;1.738370;1.581560;5.060377;1.868523;2.461553;4.168472;4.831595;1.504420;4.141764;2.771589;1.686543;4.372630;4.800165;4.901731;3.179765;4.755919;1.467523;3.616905;3.968922;1.632241;5.575747;6.064833;4.188005;3.885428;3.561551;3.029003;2.167596;2.554209;4.030921;3.455825;4.762863;3.886847;4.205661;2.646994;3.423169;2.629273;5.484931;3.645065;5.011306;6.196011;6.088255;9.314823;5.598427;4.561245;9.124004;5.212778;4.729461;4.944097;7.452504;6.484956;7.272431;7.045114;8.944378;8.884552;7.051035;5.443290;5.108899;8.961014;5.298678;4.210487;8.203671;7.109760;6.074333;6.125503;6.561746;7.315351;9.016391;7.273578;7.083100;5.213563;7.958919;7.408356;8.743313;3.772732;4.298304;7.064241;8.450286;5.891109;6.860406;7.158229;8.844157;8.215607;9.397071;7.094399;3.267441;7.488872;4.600865;8.047012;3.811080;7.449194;8.716565;7.521904;5.081752;6.042292;5.962875;9.289660;8.616112;7.025517;3.654060
1.700000;-7.642810;3.555113;3.521415;3.550326;3.006759;3.397689;1.866861;3.236563;4.127492;1.597321;5.345971;1.726082;3.307888;2.329212;3.703933;4.109809;2.621968;1.909967;2.958368;3.837213;5.372515;2.837888;3.822396;4.147710;1.699417;3.937591;3.488551;2.747302;3.535586;2.988669;4.814400;3.044694;4.523853;4.905525;4.799920;2.051794;3.003040;1.348410;3.607854;5.739898;4.953538;1.516634;5.138571;1.932086;5.061708;3.278593;4.038708;4.416617;5.639517;3.667025;2.783326;5.424337;2.721538;1.826868;3.147770;3.399801;4.183068;4.787500;1.884780;5.140732;1.376376;2.739009;1.722396;2.769894;4.152695;4.830365;3.473197;4.133651;3.201079;4.842999;5.151367;3.798409;4.340611;3.286988;2.130502;4.589757;2.176036;1.721269;1.585129;5.077168;1.878020;2.478081;4.171418;4.839339;1.508665;4.160645;2.779944;1.768107;4.382432;4.830931;4.915565;3.197323;4.759102;1.521488;3.622300;3.977268;1.640647;5.604223;6.091334;4.191294;3.905230;3.389096;3.040599;2.180008;2.562542;4.041337;3.470032;4.769217;3.889254;4.222716;2.646994;3.434720;2.639482;5.497583;3.672435;5.230452;6.204165;6.082173;9.321746;5.599506;4.565733;9.138547;5.229396;4.733642;4.882692;7.464231;6.582057;7.309042;7.100447;8.966372;8.904634;7.057711;5.366034;5.129666;8.985161;5.298678;5.160267;8.207346;7.105218;6.080677;6.172145;6.582089;7.374747;9.024345;7.273585;7.084510;5.217500;7.982340;7.422096;8.737751;3.805705;4.317389;7.072816;8.460572;5.899544;6.927277;7.165050;8.848907;8.271477;9.411897;7.110196;3.267442;7.493297;4.646564;8.050799;3.822498;7.476372;8.747580;7.547070;5.086475;6.085523;5.982534;9.318579;8.644310;7.027401;3.654061
1.700000;-4.408120;2.945275;3.479907;3.515398;2.974307;3.335602;1.857084;3.105592;4.108415;1.560869;5.320565;1.695832;3.254684;2.370738;3.759214;4.027552;2.304976;1.856149;2.933878;3.767829;5.332506;2.788810;3.808939;4.113363;1.651970;4.413231;3.445322;2.646126;3.483963;2.952052;4.814399;2.967942;4.498800;4.884781;4.787807;1.946008;2.955099;1.328351;3.540158;5.632825;4.911197;1.503787;5.120062;1.908682;4.992528;3.259399;4.028894;4.395873;5.579581;3.650437;2.742669;5.363572;2.700809;1.801617;3.097155;3.352818;3.834307;4.584737;1.852878;5.093876;1.406456;2.675785;1.672584;2.595495;4.119969;4.782000;3.444824;4.067838;3.184900;4.954234;5.109392;3.760051;4.247693;3.223102;2.097936;4.517446;2.134902;1.628627;1.573047;5.019872;1.845760;2.557045;4.161446;4.813053;1.494288;4.096099;2.751586;1.712422;4.525942;4.724896;4.868445;3.137371;4.748323;1.921755;3.604018;3.948935;1.612111;5.506238;6.000270;4.180157;3.837517;3.593460;3.001157;2.137780;2.534259;4.005937;3.421625;4.747670;3.881106;4.164485;2.646994;3.395431;2.604796;5.454519;3.578326;6.690472;6.176489;6.091799;9.298265;5.595855;4.550527;9.088989;5.172681;4.719482;4.882431;7.489215;6.484225;7.182343;7.193136;8.891031;8.835946;7.035072;5.358583;5.058589;8.902331;5.298678;4.249030;8.205028;7.464196;6.059158;6.009707;6.512489;7.166512;8.997351;7.273578;7.079741;5.204165;7.902033;7.375299;8.736690;3.683358;4.252149;7.043706;8.425609;5.870903;6.692153;7.141915;8.832816;8.075924;9.361364;7.056315;3.267441;7.484524;4.487533;8.037979;3.783664;7.382932;8.640681;7.460663;5.070475;5.935279;5.915311;9.219044;8.547294;7.021024;3.654061
1.700000;-6.536779;3.087159;3.491967;3.525462;2.983628;3.354051;1.841291;3.146382;4.113788;1.571395;5.327790;1.704497;3.270353;2.331077;3.667537;4.052427;2.621968;1.872008;2.940833;3.788586;5.344110;2.803200;3.812694;4.123255;1.665857;3.882961;3.457909;2.677131;3.499139;2.962627;4.814399;2.991051;4.505920;4.890637;4.791179;1.906497;2.969135;1.334010;3.560379;5.665761;4.923512;1.507368;5.125270;1.915317;5.013222;3.264806;4.031616;4.401730;5.597355;3.655089;2.754471;5.381606;2.706660;1.808795;3.112020;3.366558;3.840807;5.147453;1.862033;5.107577;1.377771;2.694593;1.687198;2.610174;4.129372;4.796168;3.452928;4.087463;3.189435;5.051141;5.121595;3.798409;4.276013;3.242119;2.107291;4.539135;2.146851;1.619044;1.576410;5.036823;1.855022;2.829607;4.164211;4.820539;1.498305;4.115325;2.759688;1.754365;4.318656;4.757486;4.882229;3.155149;4.751316;5.608557;3.609159;3.957027;1.620263;5.536203;6.027989;4.183253;3.857746;3.661550;3.012587;2.150064;2.542334;4.016145;3.435806;4.753761;3.883359;4.181729;2.646994;3.406816;2.614789;5.467056;3.607029;5.220298;6.184384;6.130194;9.304923;5.596857;4.554781;9.103526;5.189445;4.723440;4.883135;7.473263;6.489886;7.221718;7.058262;8.913690;8.856482;7.041482;5.379388;5.079886;8.927389;5.298677;4.215360;8.194753;7.113427;6.065243;6.060915;6.533315;7.232932;9.005043;7.273582;7.081051;5.207884;7.926280;7.388982;8.741996;3.685319;4.271593;7.052027;8.435683;5.879086;6.767471;7.148471;8.837325;8.138133;9.376205;7.072193;3.267442;7.543586;4.537605;8.041550;3.794909;7.411417;8.673554;7.486871;5.074958;5.982440;5.935382;9.249512;8.576941;7.022781;3.654061
1.700000;-8.185665;3.897085;3.522637;3.551356;3.007720;3.399500;1.845665;3.240442;4.128062;1.598397;5.346723;1.726979;3.309446;2.331422;3.698806;4.112218;2.621968;1.911541;2.959098;3.839243;5.373695;2.839330;3.822800;4.148726;1.700809;4.346473;3.489820;2.750273;3.537098;2.989748;4.814400;3.046942;4.524596;4.906144;4.800285;1.970901;3.004447;1.349008;3.609835;5.743049;4.954782;1.517020;5.139124;1.932782;5.063728;3.279167;4.039004;4.417235;5.641270;3.667523;2.784523;5.426118;2.722153;1.827618;3.149256;3.401181;3.855279;4.749924;1.885722;5.142110;1.412856;2.740860;1.723856;2.594343;4.153662;4.831784;3.474036;4.135572;3.201564;4.743940;5.152602;3.798409;4.343338;3.288859;2.131465;4.591873;2.177246;1.629531;1.585491;5.078838;1.878973;2.702555;4.171719;4.840121;1.509097;4.162534;2.780787;1.717216;4.399456;4.834049;4.916947;3.199078;4.759428;1.466751;3.622847;3.978108;1.641492;5.607091;6.094006;4.191632;3.907212;3.390484;3.041761;2.181247;2.563380;4.042381;3.471453;4.769861;3.889501;4.224425;2.646994;3.435877;2.640505;5.498850;3.675194;4.960472;6.204986;6.080533;9.322444;5.599617;4.566190;9.140003;5.231061;4.734066;4.887260;7.453506;6.492469;7.312791;7.275662;8.968575;8.906642;7.058385;5.415692;5.131749;8.987596;5.298678;5.013576;8.197825;7.139597;6.081321;6.177013;6.584126;7.381099;9.025145;7.273582;7.084654;5.217901;7.984693;7.423473;8.940242;3.679056;4.319299;7.073679;8.461606;5.900393;6.934519;7.165736;8.849389;8.277419;9.413380;7.111777;3.267441;7.498055;4.651325;8.051185;3.823644;7.479113;8.750727;7.549605;5.086954;6.090004;5.984502;9.321499;8.647155;7.027596;3.654061
1.700000;-4.490658;2.931208;3.483923;3.518742;2.977401;3.341752;1.858899;3.118771;4.110184;1.564371;5.322955;1.698708;3.259912;2.362074;3.623004;4.035807;2.621968;1.861442;2.936176;3.774743;5.336370;2.793609;3.810169;4.116649;1.656599;3.866738;3.449514;2.656331;3.489026;2.955569;4.814400;2.975623;4.501155;4.886713;4.788911;1.964863;2.959778;1.330215;3.546894;5.643639;4.915300;1.504959;5.121777;1.910874;4.999422;3.261180;4.029783;4.397804;5.585510;3.651965;2.746599;5.369586;2.702738;1.803991;3.102116;3.357399;3.831602;4.701869;1.855916;5.098444;1.378949;2.682055;1.677456;2.604351;4.123092;4.786728;3.447510;4.074379;3.186389;4.807403;5.113456;3.798409;4.257054;3.229442;2.101043;4.524666;2.138881;2.075624;1.574147;5.025529;1.848834;2.527405;4.162348;4.815532;1.495605;4.102507;2.754273;2.671035;4.651899;4.735593;4.873040;3.143299;4.749301;1.544590;3.605709;3.951615;1.614814;5.516117;6.009437;4.181170;3.844257;3.385514;3.004963;2.141870;2.536933;4.009331;3.426353;4.749679;3.881840;4.170239;2.646994;3.399220;2.608118;5.458695;3.587807;5.796021;6.179102;6.084736;9.300466;5.596180;4.551923;9.093837;5.178269;4.720780;4.884598;7.548208;6.485613;7.195097;7.050544;8.898561;8.842784;7.037188;5.443554;5.065677;8.910636;5.298678;4.210497;8.250938;7.102136;6.061163;6.025836;6.519423;7.186559;8.999894;7.273582;7.080167;5.205383;7.910085;7.379859;8.852239;3.678552;4.258629;7.046464;8.428949;5.873612;6.714260;7.144077;8.834296;8.094934;9.366314;7.061608;3.267441;7.839043;4.503349;8.039147;3.787403;7.392337;8.651460;7.469344;5.071947;5.950285;5.921995;9.229078;8.557070;7.021595;3.654061
1.700000;-5.021412;2.877675;3.482682;3.517692;2.976422;3.339947;1.831274;3.115287;4.109600;1.563276;5.322183;1.697793;3.258345;2.393753;3.615153;4.033473;2.511539;1.859859;2.935430;3.772741;5.335170;2.792158;3.809754;4.115614;1.655198;3.868812;3.448227;2.653531;3.487501;2.954470;4.814400;2.973433;4.500394;4.886077;4.788536;2.065217;2.958359;1.329601;3.544938;5.640695;4.914037;1.504563;5.121208;1.910160;4.997426;3.260593;4.029478;4.397170;5.583761;3.651455;2.745385;5.367815;2.702102;1.803223;3.100623;3.356006;4.612016;4.608015;1.854954;5.097053;1.366866;2.680217;1.675985;2.677421;4.122105;4.785296;3.446651;4.072473;3.185892;4.764039;5.112204;3.681192;4.254454;3.227587;2.100059;4.522588;2.137655;1.716072;1.573774;5.023852;1.847860;2.645074;4.162040;4.814732;1.495163;4.100632;2.753413;2.076429;5.000960;4.732679;4.871643;3.141549;4.748968;2.068316;3.605150;3.950757;1.613949;5.513396;6.006884;4.180823;3.842299;3.464540;3.003781;2.140610;2.536076;4.008265;3.424920;4.749021;3.881587;4.168535;2.646994;3.398044;2.607073;5.457413;3.585175;5.037981;6.178263;6.081833;9.299748;5.596066;4.551455;9.092371;5.176610;4.720344;4.933417;7.480643;6.643262;7.191711;7.045272;8.896405;8.840802;7.036498;5.373184;5.063633;8.908285;5.298676;4.496831;8.291015;7.240196;6.060507;6.021695;6.517417;7.181529;8.999078;7.273585;7.080018;5.204971;7.907801;7.378472;8.750281;3.681631;4.256735;7.045582;8.427904;5.872748;6.708749;7.143374;8.833802;8.090142;9.364824;7.060021;3.267442;7.489460;4.499275;8.038753;3.786241;7.389728;8.648524;7.466904;5.071454;5.946390;5.920052;9.226317;8.554372;7.021396;3.654061
1.700000;-6.970186;3.218911;3.530889;3.558294;3.014162;3.411892;1.846555;3.267036;4.131843;1.605635;5.351764;1.732981;3.320045;2.480787;3.617142;4.128714;2.621968;1.922260;2.963953;3.853114;5.381648;2.849100;3.825467;4.155546;1.710246;3.899986;3.498417;2.770657;3.547381;2.997022;4.814400;3.062310;4.529564;4.910257;4.802682;2.037013;3.013990;1.352985;3.623362;5.764647;4.963202;1.519565;5.142794;1.937423;5.077559;3.282971;4.040947;4.421347;5.653225;3.670809;2.792604;5.438243;2.726264;1.832626;3.159333;3.410528;4.141872;4.680829;1.892055;5.151434;1.402862;2.753482;1.733774;2.667344;4.160160;4.841411;3.479665;4.148718;3.204770;4.961498;5.160947;3.798409;4.362018;3.301614;2.137930;4.606339;2.185424;2.464899;1.587885;5.090264;1.885378;2.443357;4.173694;4.845337;1.511947;4.175430;2.786411;1.775504;4.509401;4.855439;4.926325;3.211038;4.761562;1.475836;3.626470;3.983732;1.647154;5.626813;6.112303;4.193837;3.920740;3.382202;3.049600;2.189641;2.568992;4.049412;3.481088;4.774133;3.891115;4.236033;2.646994;3.443682;2.647394;5.507414;3.694123;6.154215;6.210478;6.079906;9.327102;5.600340;4.569203;9.149868;5.242370;4.736872;4.893116;7.520492;6.486092;7.338491;7.267835;8.983663;8.920374;7.062874;5.358739;5.145967;9.004208;5.298677;4.247969;8.195771;7.098581;6.085588;6.210282;6.598042;7.424281;9.030504;7.273589;7.085599;5.220542;8.000794;7.432788;8.761541;3.716252;4.332332;7.079454;8.468550;5.906078;6.983618;7.170331;8.852577;8.317832;9.423440;7.122514;3.267441;7.568815;4.683875;8.053724;3.831359;7.497904;8.772304;7.566954;5.090127;6.120681;5.997936;9.341546;8.666682;7.028860;3.654060
1.700000;-7.294706;3.377678;3.518230;3.547706;3.004348;3.392611;1.902165;3.224134;4.126149;1.594575;5.344133;1.723854;3.303652;2.342886;3.646965;4.102724;2.621968;1.905671;2.956606;3.831428;5.369465;2.834030;3.821473;4.145142;1.695702;3.999962;3.485214;2.738215;3.531492;2.985907;4.814400;3.038169;4.522043;4.904054;4.799094;1.933405;2.999283;1.346992;3.602232;5.730169;4.950279;1.515753;5.137271;1.930407;5.055940;3.277240;4.038044;4.415145;5.634645;3.665871;2.780216;5.419389;2.720067;1.825044;3.143769;3.396130;3.829599;4.584479;1.882414;5.137073;1.363538;2.733822;1.718468;2.582148;4.150261;4.826575;3.471120;4.128213;3.199954;4.748014;5.148142;3.781158;4.332417;3.281737;2.128082;4.583679;2.172886;1.530123;1.584303;5.072547;1.875626;2.521450;4.170744;4.837436;1.507673;4.155332;2.777870;1.694339;4.377523;4.821314;4.911881;3.192451;4.758371;1.475836;3.621016;3.975196;1.638558;5.595479;6.083331;4.190537;3.899607;3.429755;3.037593;2.176758;2.560474;4.038679;3.466236;4.767685;3.888708;4.218011;2.646994;3.431731;2.636886;5.494263;3.664107;6.354190;6.202146;6.081806;9.320062;5.599267;4.564680;9.134644;5.224832;4.732668;4.955256;7.450399;6.483726;7.297109;7.081320;8.959986;8.898908;7.056093;5.453148;5.123714;8.978016;5.298677;4.215281;8.194568;7.356195;6.079149;6.155973;6.576280;7.352835;9.022381;7.273578;7.084197;5.216585;7.975455;7.418444;8.737492;3.680725;4.312008;7.070681;8.457952;5.897450;6.901845;7.163392;8.847789;8.251188;9.407902;7.105890;3.267441;7.561347;4.630802;8.049921;3.819547;7.468116;8.737864;7.539557;5.085363;6.070822;5.976957;9.309667;8.635672;7.026979;3.654062
1.700000;-6.349264;3.041123;3.468747;3.505838;2.965364;3.319752;1.844517;3.076504;4.102951;1.550935;5.313422;1.687447;3.240805;2.334899;3.620647;4.007501;2.621968;1.842138;2.926974;3.750422;5.321705;2.775875;3.805019;4.103947;1.639414;3.864554;3.433754;2.622408;3.470443;2.942078;4.814399;2.949005;4.491750;4.878871;4.784262;1.954834;2.942425;1.322623;3.523107;5.608007;4.899840;1.500037;5.114751;1.902065;4.975165;3.253905;4.026003;4.389960;5.564205;3.645649;2.731714;5.348013;2.694900;1.794515;3.083870;3.340368;4.011750;4.902941;1.844074;5.081454;1.349557;2.659693;1.659479;2.698585;4.110958;4.769224;3.436916;4.051190;3.180225;4.741691;5.098121;3.798409;4.225547;3.206868;2.088965;4.499427;2.123833;1.626738;1.569513;5.005085;1.836864;2.514279;4.158510;4.805682;1.490110;4.079715;2.743683;1.689417;5.582246;4.700270;4.855962;3.121992;4.745155;2.147407;3.598769;3.941036;1.604160;5.483119;5.978482;4.176888;3.820465;3.383480;2.990496;2.126449;2.526372;3.996262;3.408845;4.741543;3.878692;4.149484;2.646994;3.384802;2.595297;5.442989;3.555953;4.964868;6.168756;6.106325;9.291627;5.594759;4.546119;9.075945;5.158017;4.715368;4.883901;7.461412;6.508457;7.154000;7.275662;8.872388;8.818691;7.028656;5.362516;5.040828;8.882169;5.298676;4.250872;8.268297;7.164449;6.053037;5.975348;6.495037;7.124940;8.989795;7.273589;7.078314;5.200277;7.882380;7.362893;8.826747;3.678437;4.235623;7.035610;8.416041;5.862926;6.646517;7.135368;8.828165;8.036308;9.348101;7.042282;3.267441;7.544362;4.453721;8.034237;3.773146;7.360682;8.615898;7.439788;5.065848;5.902930;5.898363;9.195635;8.524361;7.019124;3.654060
1.700000;-8.057930;3.826434;3.506792;3.537968;2.995259;3.376081;1.822509;3.192383;4.120666;1.584439;5.336922;1.715345;3.289279;2.330108;3.915335;4.081491;2.619771;1.891154;2.949641;3.813168;5.358409;2.820684;3.817561;4.135553;1.682763;4.055861;3.473336;2.712771;3.517514;2.975728;4.814400;3.018198;4.514927;4.898111;4.795562;2.082191;2.986218;1.341238;3.584371;5.703452;4.938630;1.512014;5.131946;1.923738;5.037729;3.271727;4.035172;4.409204;5.618633;3.661079;2.768996;5.403179;2.714128;1.817874;3.130038;3.383307;4.749096;4.591206;1.873469;5.124281;1.352267;2.717024;1.704939;2.581147;4.141098;4.813403;3.463113;4.110800;3.195276;4.896599;5.136582;3.798409;4.308784;3.264781;2.118961;4.564735;2.161544;1.772693;1.580783;5.057179;1.866585;2.520659;4.167825;4.829983;1.503502;4.138214;2.769868;1.715547;4.331435;4.794816;4.899024;3.176437;4.755221;1.475836;3.615754;3.967199;1.630508;5.570734;6.060113;4.187285;3.881743;3.381282;3.026683;2.165137;2.552489;4.028816;3.453055;4.761521;3.886314;4.202421;2.646994;3.420856;2.627209;5.482429;3.640212;5.374030;6.194322;6.080173;9.313369;5.598183;4.560275;9.121176;5.209604;4.728556;4.994473;7.451989;6.623915;7.266235;7.175564;8.940340;8.880815;7.049632;5.363902;5.105055;8.956653;5.298677;4.579655;8.207524;7.115361;6.072994;6.117888;6.557970;7.305929;9.014741;7.273582;7.082784;5.212707;7.954664;7.405667;8.740838;3.764051;4.294729;7.062477;8.448199;5.889368;6.849923;7.156796;8.843136;8.206686;9.394196;7.091352;3.267442;7.489275;4.593386;8.046189;3.808794;7.444372;8.711176;7.517381;5.080736;6.035153;5.959208;9.284580;8.611137;7.025097;3.654060
1.700000;-5.079432;2.878051;3.520055;3.549210;3.005733;3.395512;1.854170;3.231320;4.126925;1.596151;5.345191;1.725136;3.306077;2.372595;3.712842;4.106793;2.450944;1.908132;2.957620;3.834744;5.371214;2.836244;3.822007;4.146618;1.697829;4.031981;3.487128;2.743447;3.533837;2.987491;4.814399;3.041916;4.523084;4.904901;4.799572;1.902543;3.001435;1.347811;3.605455;5.735783;4.952147;1.516264;5.138022;1.931373;5.059247;3.278022;4.038430;4.415994;5.637437;3.666538;2.781999;5.422225;2.720914;1.826093;3.146060;3.398233;3.926019;4.940066;1.883772;5.139170;1.437435;2.736796;1.720718;2.582015;4.151659;4.828745;3.472314;4.131327;3.200604;4.878369;5.149991;3.798409;4.337129;3.284746;2.129472;4.587165;2.174691;1.529967;1.584781;5.075191;1.877000;2.590022;4.171135;4.838532;1.508248;4.158381;2.779063;1.772478;4.340633;4.826853;4.913992;3.195241;4.758795;1.471727;3.621758;3.976388;1.639757;5.600506;6.087930;4.190978;3.902830;3.371806;3.039316;2.178621;2.561663;4.040203;3.468410;4.768568;3.889027;4.220706;2.646994;3.433446;2.638374;5.496165;3.668895;5.240831;6.203307;6.079890;9.321032;5.599406;4.565291;9.136880;5.227448;4.733230;4.881927;7.486023;6.501015;7.304003;7.109750;8.963645;8.902184;7.057024;5.358912;5.127126;8.982124;5.298677;4.294598;8.258346;7.217977;6.080033;6.165358;6.579609;7.365575;9.023510;7.273585;7.084379;5.217114;7.979407;7.420538;8.761611;3.698747;4.315094;7.071908;8.459452;5.898654;6.916621;7.164346;8.848435;8.262987;9.410190;7.108356;3.267442;7.521692;4.639948;8.050426;3.821239;7.472864;8.743461;7.543872;5.086006;6.079340;5.980154;9.314793;8.640640;7.027225;3.654062
1.700000;-3.316092;3.305037;3.506172;3.537432;2.994755;3.375220;1.894103;3.190861;4.120354;1.583879;5.336517;1.714875;3.288517;2.342232;3.975844;4.080417;2.621968;1.890380;2.949248;3.812227;5.357808;2.819971;3.817334;4.135026;1.682072;4.063588;3.472697;2.711514;3.516769;2.975170;4.814400;3.017178;4.514526;4.897775;4.795358;1.907049;2.985521;1.340911;3.583448;5.702135;4.937999;1.511798;5.131641;1.923362;5.036790;3.271412;4.035005;4.408866;5.617799;3.660804;2.768385;5.402331;2.713791;1.817470;3.129307;3.382617;3.876904;5.121945;1.872974;5.123596;1.349491;2.716148;1.704218;2.591637;4.140592;4.812695;3.462665;4.109896;3.195009;4.743835;5.135958;3.798409;4.307607;3.263899;2.118458;4.563763;2.160928;3.059067;1.580578;5.056373;1.866086;2.835660;4.167654;4.829567;1.503261;4.137329;2.769422;1.814607;4.428444;4.793514;4.898335;3.175599;4.755037;1.475836;3.615453;3.966752;1.630058;5.569505;6.058953;4.187096;3.880818;3.474070;3.026091;2.164510;2.552044;4.028275;3.452349;4.761172;3.886173;4.201595;2.646994;3.420267;2.626676;5.481788;3.639022;5.278819;6.193883;6.111485;9.312996;5.598119;4.560023;9.120455;5.208801;4.728318;4.883049;7.461753;6.614501;7.264751;7.047844;8.939333;8.879885;7.049266;5.383726;5.104099;8.955567;5.298676;4.333374;8.197184;7.267730;6.072646;6.116095;6.557027;7.303778;9.014313;7.273585;7.082701;5.212482;7.953607;7.404981;8.733570;3.820161;4.293833;7.062017;8.447667;5.888918;6.847556;7.156423;8.842869;8.204634;9.393464;7.090588;3.267442;7.578253;4.591633;8.045975;3.808208;7.443185;8.709879;7.516268;5.080472;6.033469;5.958291;9.283338;8.609921;7.024986;3.654060
1.700000;-6.268813;3.013924;3.481662;3.516747;2.975514;3.338862;1.877959;3.115641;4.108965;1.562307;5.321401;1.696921;3.257257;2.352235;3.780809;4.032571;2.394363;1.858772;2.934669;3.771698;5.334167;2.791085;3.809274;4.114679;1.654129;3.929753;3.447192;2.652988;3.486417;2.953502;4.814400;2.972459;4.499620;4.885402;4.788096;1.946732;2.957290;1.328941;3.543883;5.640303;4.913008;1.504101;5.120587;1.909422;4.996382;3.259954;4.029114;4.396494;5.582673;3.650886;2.744372;5.366728;2.701426;1.802445;3.099542;3.354942;4.080689;4.601031;1.854053;5.095990;1.466036;2.679139;1.674908;2.591971;4.121192;4.784223;3.445810;4.071407;3.185333;4.778363;5.111179;3.798409;4.253729;3.226511;2.099149;4.521569;2.136635;1.605328;1.573336;5.022760;1.846955;2.445272;4.161670;4.813933;1.494655;4.099563;2.752573;1.690480;4.323527;4.732255;4.870579;3.140463;4.748571;1.667030;3.604534;3.949919;1.613105;5.512775;6.006126;4.180415;3.841248;3.700846;3.002782;2.139583;2.535239;4.007316;3.423850;4.748325;3.881278;4.167446;2.646994;3.397042;2.606132;5.456378;3.584481;5.644471;6.177437;6.085126;9.299007;5.595920;4.550924;9.091292;5.175519;4.719842;4.883234;7.450191;6.509208;7.191919;7.047695;8.895416;8.839756;7.035777;5.399134;5.062604;8.907404;5.298678;4.228736;8.196321;7.102127;6.059812;6.023395;6.516377;7.185820;8.998262;7.273585;7.079828;5.204495;7.906874;7.377410;8.805883;3.691285;4.255668;7.044728;8.426964;5.871902;6.714853;7.142638;8.833245;8.093642;9.363744;7.058934;3.267442;7.484424;4.500809;8.038293;3.785249;7.389017;8.648128;7.466068;5.070901;5.947530;5.918996;9.225737;8.553735;7.021150;3.654060
1.700000;-6.293994;3.024068;3.472868;3.509306;2.968588;3.325897;1.897335;3.089316;4.104849;1.554554;5.315949;1.690454;3.246078;2.340619;3.705385;4.015613;2.374854;1.847467;2.929408;3.757278;5.325677;2.780738;3.806358;4.107358;1.644117;4.063250;3.438042;2.632352;3.475560;2.945714;4.814400;2.956581;4.494242;4.880933;4.785469;2.197768;2.947178;1.324619;3.529798;5.618527;4.904042;1.501315;5.116592;1.904392;4.982000;3.255815;4.026981;4.392024;5.570138;3.647301;2.735750;5.354027;2.696962;1.797026;3.088885;3.345026;3.880142;4.745885;1.847244;5.086099;1.361923;2.665946;1.664415;2.600225;4.114210;4.774025;3.439735;4.057696;3.181835;4.796926;5.102286;3.751847;4.234692;3.213185;2.092201;4.506570;2.127919;1.542643;1.570715;5.010756;1.840069;2.441662;4.159502;4.808296;1.491542;4.086101;2.746501;1.761910;4.370300;4.710687;4.860634;3.127924;4.746230;1.908876;3.600588;3.943851;1.607000;5.492760;5.987450;4.177997;3.827160;3.396050;2.994409;2.130639;2.529183;3.999778;3.413641;4.743686;3.879503;4.155252;2.646994;3.388704;2.598743;5.447261;3.565210;6.620559;6.171508;6.188275;9.293961;5.595122;4.547633;9.080857;5.163630;4.716776;4.920321;7.458238;6.532663;7.166402;7.051845;8.879821;8.825475;7.030907;5.358582;5.047851;8.890329;5.298676;4.871440;8.289833;7.190878;6.055180;5.991156;6.501913;7.145074;8.992476;7.273585;7.078789;5.201605;7.890303;7.367533;8.818328;3.680135;4.242073;7.038502;8.419515;5.865771;6.669154;7.137668;8.829766;8.055247;9.353109;7.047616;3.267442;7.488040;4.469210;8.035512;3.777000;7.369882;8.626388;7.448301;5.067441;5.917574;5.905006;9.205416;8.533903;7.019759;3.654062
1.700000;-8.263388;4.025412;3.463540;3.501503;2.961353;3.311706;1.870496;3.057741;4.100643;1.546399;5.310317;1.683721;3.234005;2.354762;3.680672;3.996500;2.621968;1.835252;2.923985;3.741325;5.316698;2.769642;3.803406;4.099687;1.633403;3.893261;3.428313;2.608496;3.463861;2.937521;4.814400;2.938826;4.488691;4.876353;4.782814;2.244785;2.936349;1.320193;3.514255;5.593163;4.894523;1.498499;5.112514;1.899214;4.966095;3.251583;4.024834;4.387444;5.556464;3.643650;2.726622;5.340154;2.692385;1.791430;3.077428;3.334422;3.846290;4.962847;1.840135;5.075524;1.383008;2.651480;1.653146;2.801440;4.106910;4.763095;3.433433;4.042608;3.178277;4.755390;5.092852;3.712871;4.212922;3.198564;2.084939;4.489904;2.118676;1.639077;1.568067;4.997716;1.832879;2.460289;4.157320;4.802464;1.488384;4.071320;2.740201;1.977159;4.631465;4.685588;4.849998;3.114247;4.743870;1.693104;3.596561;3.937556;1.600655;5.469712;5.966144;4.175555;3.811610;3.791248;2.985563;2.121146;2.522899;3.991868;3.402701;4.738926;3.877723;4.141983;2.646994;3.379892;2.590995;5.437573;3.543141;6.022271;6.165364;6.079943;9.288765;5.594328;4.544291;9.069650;5.150726;4.713668;4.961621;7.530880;6.950169;7.135954;7.068631;8.862420;8.809693;7.025902;5.436132;5.031487;8.871082;5.298676;5.083104;8.212227;7.486823;6.050426;5.951138;6.485908;7.092277;8.986487;7.273582;7.077750;5.198679;7.871671;7.356973;8.759951;3.704425;4.227123;7.032030;8.411701;5.859406;6.608627;7.132554;8.826226;8.006042;9.341672;7.035397;3.267441;7.495972;4.430120;8.032702;3.768297;7.347977;8.601078;7.428162;5.063922;5.880861;5.889577;9.181980;8.511101;7.018368;3.654061
1.700000;-6.168648;2.981593;3.508211;3.539221;2.996446;3.377908;1.832886;3.194822;4.121443;1.585730;5.337903;1.716472;3.290948;2.489804;3.614670;4.083597;2.374947;1.892829;2.950594;3.815108;5.359792;2.822268;3.818133;4.136794;1.684316;3.895761;3.474794;2.715055;3.519149;2.977026;4.814400;3.020236;4.515898;4.898943;4.796082;2.014870;2.987781;1.342048;3.586286;5.705773;4.940068;1.512564;5.132702;1.924658;5.039665;3.272508;4.035601;4.410035;5.620425;3.661767;2.770393;5.404985;2.714960;1.818850;3.131655;3.384847;3.897803;4.594736;1.874641;5.125821;1.402084;2.718871;1.706540;2.580157;4.142295;4.814969;3.464183;4.112685;3.195950;4.769819;5.138014;3.798409;4.310997;3.266638;2.120153;4.566718;2.162952;1.532014;1.581302;5.058918;1.867768;2.526407;4.168261;4.830993;1.504109;4.140082;2.770937;2.019867;4.311053;4.797138;4.900569;3.178229;4.755689;1.475836;3.616503;3.968270;1.631584;5.572990;6.062313;4.187768;3.883656;3.486293;3.028055;2.166572;2.553559;4.030082;3.454626;4.762381;3.886677;4.204172;2.646994;3.422224;2.628456;5.483882;3.642442;7.295752;6.195374;6.093239;9.314293;5.598352;4.560915;9.122776;5.211338;4.729156;4.885046;7.469158;6.492404;7.268665;7.046632;8.942366;8.882745;7.050527;5.369504;5.107022;8.958769;5.298677;4.608194;8.248293;7.345295;6.073851;6.120372;6.559916;7.308302;9.015772;7.273585;7.083003;5.213275;7.956751;7.407207;8.806383;3.766554;4.296609;7.063569;8.449458;5.890448;6.852158;7.157707;8.843806;8.209104;9.395813;7.093042;3.267442;7.549683;4.595881;8.046736;3.810147;7.446593;8.713509;7.519535;5.081402;6.037640;5.961113;9.286857;8.613391;7.025385;3.654061
1.700000;-5.226132;2.874945;3.509648;3.540396;2.997526;3.380223;1.831514;3.200437;4.122033;1.586965;5.338720;1.717468;3.292870;2.353706;3.671431;4.086832;2.481871;1.894785;2.951376;3.817749;5.361169;2.824019;3.818536;4.137946;1.686000;3.943231;3.476305;2.719198;3.521010;2.978268;4.814400;3.023214;4.516702;4.899594;4.796442;1.981371;2.989485;1.342672;3.588850;5.710208;4.941538;1.512947;5.133273;1.925401;5.042299;3.273101;4.035888;4.410684;5.622647;3.662273;2.771795;5.407239;2.715608;1.819660;3.133471;3.386511;3.855870;4.609405;1.875701;5.127478;1.383213;2.721236;1.708322;2.647008;4.143384;4.816690;3.465107;4.115161;3.196443;4.782725;5.139470;3.695969;4.314744;3.269032;2.121236;4.569493;2.164376;1.672292;1.581660;5.061026;1.868840;2.451732;4.168553;4.831844;1.504542;4.142509;2.771861;1.698836;4.342536;4.801515;4.902238;3.180449;4.756006;1.465801;3.617066;3.969193;1.632515;5.576976;6.065966;4.188096;3.886224;3.393324;3.029409;2.168037;2.554480;4.031276;3.456347;4.763058;3.886911;4.206319;2.646994;3.423573;2.629622;5.485383;3.646240;5.105493;6.196274;6.226897;9.315041;5.598454;4.561374;9.124542;5.213417;4.729580;5.003307;7.456163;6.488338;7.274065;7.202367;8.945273;8.885356;7.051242;5.361486;5.109743;8.962027;5.298677;4.330827;8.196542;7.114242;6.074526;6.127580;6.562566;7.317853;9.016646;7.273582;7.083137;5.213674;7.959897;7.408858;8.820423;3.731411;4.299062;7.064522;8.450632;5.891384;6.863090;7.158437;8.844296;8.218014;9.397623;7.094990;3.267441;7.484262;4.602907;8.047120;3.811478;7.450359;8.717928;7.522966;5.081890;6.044229;5.963662;9.290915;8.617329;7.025567;3.654061
1.700000;-4.245264;2.995079;3.525701;3.553956;3.010142;3.403987;1.820835;3.249522;4.129513;1.601104;5.348639;1.729243;3.313323;2.342731;3.695774;4.118067;2.434029;1.915463;2.960945;3.844226;5.376653;2.842924;3.823831;4.151285;1.704289;3.866769;3.493004;2.757377;3.540869;2.992468;4.814400;3.052418;4.526486;4.907717;4.801215;1.948302;3.007962;1.350532;3.614702;5.750546;4.957907;1.518005;5.140533;1.934550;5.068696;3.280626;4.039761;4.418809;5.645611;3.668789;2.787526;5.430514;2.723727;1.829521;3.152955;3.404627;3.828465;4.740415;1.888106;5.145549;1.366316;2.745424;1.727502;2.709176;4.156106;4.835333;3.476167;4.140315;3.202799;4.908571;5.155701;3.798409;4.349895;3.293468;2.133896;4.597053;2.180286;1.909068;1.586419;5.083000;1.881382;2.984630;4.172487;4.842100;1.510197;4.167189;2.782915;1.691850;4.889979;4.841477;4.920406;3.203420;4.760257;1.465797;3.624238;3.980234;1.643634;5.613985;6.100439;4.192489;3.912080;3.388394;3.044680;2.184363;2.565502;4.045015;3.475001;4.771492;3.890130;4.228645;2.646994;3.438786;2.643088;5.502026;3.681833;5.635752;6.207067;6.101125;9.324220;5.599900;4.567353;9.143626;5.235181;4.735151;4.882562;7.527238;6.579513;7.321588;7.045998;8.973956;8.911578;7.060097;5.358844;5.136846;8.993475;5.298678;4.886396;8.410001;7.110133;6.082953;6.188182;6.589123;7.395353;9.027177;7.273593;7.085025;5.218923;7.990407;7.426907;8.735477;3.688500;4.324001;7.075861;8.464205;5.902545;6.950613;7.167486;8.850618;8.290810;9.417072;7.115700;3.267441;7.484327;4.662264;8.052169;3.826517;7.485705;8.758203;7.555727;5.088176;6.100358;5.989340;9.328494;8.653987;7.028089;3.654061
1.700000;-7.701139;3.615297;3.497530;3.530179;2.988023;3.362210;1.830696;3.163084;4.116419;1.576308;5.331262;1.708604;3.277402;2.340242;3.664307;4.063104;2.621968;1.879136;2.944185;3.797662;5.349483;2.809726;3.814567;4.127896;1.672175;4.063190;3.463693;2.690147;3.505989;2.967561;4.814399;3.001043;4.509345;4.893492;4.792868;2.276907;2.975519;1.336772;3.569246;5.679507;4.929183;1.509157;5.127826;1.918525;5.022271;3.267454;4.032990;4.404584;5.605247;3.657387;2.759924;5.389606;2.709513;1.812248;3.118742;3.372820;3.892797;4.744862;1.866357;5.113822;1.361559;2.702901;1.693820;2.786337;4.133802;4.802606;3.456789;4.096093;3.191676;4.749623;5.127218;3.690398;4.288007;3.250511;2.111701;4.548576;2.152365;1.563708;1.578095;5.044383;1.859392;2.444047;4.165607;4.824128;1.500302;4.123794;2.763546;1.822350;4.488779;4.771105;4.888507;3.163046;4.752824;1.634661;3.611684;3.960884;1.624147;5.548823;6.039756;4.184809;3.866616;3.393564;3.017886;2.155716;2.546186;4.020922;3.442248;4.756723;3.884503;4.189408;2.646994;3.412097;2.619474;5.472818;3.619175;7.683077;6.188153;6.079865;9.308139;5.597372;4.556891;9.110116;5.196937;4.725405;4.895604;7.455530;6.529078;7.237895;7.126894;8.923505;8.865468;7.044589;5.372871;5.089175;8.938129;5.298678;4.318948;8.194636;7.104452;6.068201;6.081529;6.542419;7.259272;9.008727;7.273589;7.081724;5.209740;7.936717;7.395222;8.759491;3.726091;4.280154;7.055987;8.440407;5.882981;6.797182;7.151643;8.839555;8.162889;9.382919;7.079327;3.267442;7.487975;4.557797;8.043337;3.800130;7.423480;8.687276;7.498063;5.077176;6.001537;5.944187;9.262324;8.589445;7.023680;3.654061
1.700000;-4.995669;2.879429;3.486957;3.521215;2.979670;3.346702;1.823101;3.131580;4.111423;1.566970;5.324665;1.700797;3.264008;2.403610;3.657965;4.042853;2.621968;1.865596;2.937817;3.780429;5.339273;2.797323;3.811012;4.119074;1.660164;4.190851;3.452700;2.665510;3.492973;2.958183;4.814400;2.982080;4.502840;4.888072;4.789662;1.902313;2.963386;1.331525;3.552409;5.653509;4.918407;1.505761;5.122972;1.912432;5.005087;3.262427;4.030384;4.399164;5.590252;3.653026;2.749559;5.374407;2.704096;1.805689;3.105969;3.360920;3.860083;5.407074;1.858142;5.101952;1.376024;2.687120;1.681237;2.868751;4.125381;4.790373;3.449451;4.079704;3.187420;4.743419;5.116532;3.798409;4.265285;3.234574;2.103320;4.530655;2.141884;1.619159;1.574898;5.030013;1.851088;2.511018;4.162960;4.817311;1.496512;4.107706;2.756204;1.694155;4.345355;4.745342;4.876574;3.148042;4.749965;1.475836;3.606891;3.953554;1.616768;5.524927;6.017457;4.181856;3.849776;3.621164;3.007817;2.144967;2.538868;4.011842;3.430003;4.751099;3.882333;4.174814;2.646994;3.402060;2.610571;5.461866;3.596169;4.976804;6.180989;6.079899;9.302026;5.596394;4.552887;9.097593;5.182701;4.721671;4.935829;7.458327;6.483598;7.207374;7.235394;8.904874;8.848399;7.038689;5.378030;5.071542;8.917756;5.298676;4.212782;8.206322;7.271843;6.062581;6.042795;6.525134;7.209991;9.001730;7.273585;7.080448;5.206219;7.916921;7.383363;8.787502;3.678644;4.263896;7.048463;8.431425;5.875579;6.741703;7.145617;8.835320;8.116532;9.370159;7.065768;3.267441;7.486551;4.519845;8.039948;3.790207;7.400628;8.661314;7.476850;5.072965;5.965603;5.927464;9.238064;8.565768;7.021976;3.654061
1.700000;-6.636783;3.117162;3.493872;3.527011;2.985047;3.357167;1.822136;3.154326;4.114554;1.573024;5.328856;1.705802;3.272932;2.423039;3.614878;4.056854;2.611774;1.874623;2.941854;3.792167;5.345932;2.805538;3.813212;4.124772;1.668094;4.262298;3.459913;2.682872;3.501622;2.964265;4.814400;2.995115;4.506970;4.891483;4.791642;1.904237;2.971404;1.334822;3.563850;5.671936;4.925465;1.507861;5.126012;1.916286;5.016788;3.265579;4.031983;4.402575;5.600340;3.655745;2.756329;5.384642;2.707504;1.809853;3.114448;3.368773;4.536441;5.464230;1.863424;5.109784;1.397221;2.697783;1.689576;2.579348;4.130806;4.798468;3.454139;4.090817;3.190072;4.749723;5.123527;3.778116;4.281178;3.245350;2.108716;4.542905;2.148734;1.596691;1.576872;5.039644;1.856432;2.616723;4.164586;4.821646;1.498864;4.118596;2.760899;1.748609;5.336778;4.763578;4.884449;3.158135;4.751724;1.703610;3.609892;3.958236;1.621487;5.541720;6.033020;4.183674;3.861219;3.382014;3.014380;2.152009;2.543542;4.017720;3.438103;4.754642;3.883660;4.184611;2.646994;3.408597;2.616327;5.469050;3.612273;4.974433;6.185560;6.115227;9.305895;5.596987;4.555375;9.105887;5.192231;4.723985;4.882950;7.527635;6.629585;7.229333;7.305187;8.917648;8.860015;7.042415;5.373928;5.083571;8.931849;5.298678;4.240987;8.238842;7.101570;6.066121;6.071305;6.536908;7.247053;9.006186;7.273585;7.081223;5.208399;7.930576;7.391184;8.735320;3.715812;4.274908;7.053277;8.437237;5.880311;6.783838;7.149426;8.837958;8.151209;9.378621;7.074806;3.267442;7.491631;4.547728;8.042044;3.796667;7.416612;8.679701;7.491581;5.075587;5.991868;5.938821;9.255132;8.582390;7.023014;3.654060
1.700000;-4.229333;2.989872;3.499634;3.531909;2.989615;3.365551;1.834730;3.171106;4.117307;1.578125;5.332477;1.710079;3.280193;2.329872;4.084180;4.067732;2.621968;1.881962;2.945352;3.801459;5.351499;2.812273;3.815177;4.129592;1.674622;4.694300;3.465895;2.696052;3.508682;2.969386;4.814400;3.005310;4.510542;4.894466;4.793415;1.923279;2.977996;1.337709;3.572932;5.685824;4.931333;1.509738;5.128685;1.919635;5.026053;3.268348;4.033428;4.405557;5.608449;3.658151;2.761977;5.392859;2.710485;1.813455;3.121375;3.375240;4.397442;4.582124;1.867920;5.116236;1.466327;2.706306;1.696407;2.763305;4.135411;4.805109;3.458163;4.099661;3.192421;4.743655;5.129348;3.798409;4.293352;3.253956;2.113302;4.552559;2.154445;2.128300;1.578640;5.047422;1.860976;2.932737;4.166051;4.825388;1.500958;4.127284;2.764920;1.738308;4.340928;4.777346;4.890935;3.166250;4.753306;1.475836;3.612533;3.962255;1.625526;5.554512;6.044970;4.185308;3.870299;3.410959;3.019871;2.157859;2.547553;4.022679;3.444750;4.757737;3.884862;4.192503;2.646994;3.414072;2.621191;5.475011;3.624596;5.758455;6.189491;6.081676;9.309258;5.597531;4.557588;9.112686;5.199940;4.726051;4.894563;7.450054;6.631565;7.245605;7.047978;8.927682;8.869217;7.045660;5.381438;5.093078;8.942806;5.298677;4.209688;8.200084;7.201249;6.069211;6.091923;6.546227;7.273331;9.010024;7.273585;7.081931;5.210345;7.941216;7.397630;8.752224;3.678872;4.283685;7.057400;8.442139;5.884369;6.813513;7.152738;8.840294;8.175902;9.385543;7.082164;3.267442;7.659344;4.567926;8.043918;3.802082;7.428855;8.693581;7.502970;5.077910;6.010996;5.947846;9.268118;8.595065;7.023958;3.654061
1.700000;-7.436485;3.449651;3.512932;3.543205;3.000150;3.384918;1.837943;3.209444;4.123632;1.589885;5.340813;1.719929;3.296972;2.341408;3.633555;4.092833;2.621968;1.898924;2.953399;3.822924;5.364345;2.827833;3.819682;4.140711;1.689699;3.920424;3.479710;2.726377;3.525001;2.981200;4.814400;3.028869;4.518767;4.901325;4.797479;2.196538;2.993221;1.344350;3.593919;5.717744;4.944881;1.514043;5.134827;1.927341;5.047458;3.274710;4.036734;4.412415;5.627198;3.663674;2.775019;5.411847;2.717338;1.821742;3.137395;3.390179;4.044832;4.911026;1.878284;5.131138;1.355651;2.726004;1.712188;2.590176;4.146030;4.820453;3.467429;4.120103;3.197811;4.802445;5.142786;3.787716;4.321411;3.273848;2.123870;4.574857;2.167629;1.604911;1.582694;5.065395;1.871450;3.041902;4.169411;4.834002;1.505764;4.147365;2.774180;1.725075;4.312977;4.808992;4.905917;3.185002;4.756932;1.475836;3.618603;3.971509;1.634846;5.583959;6.072519;4.189052;3.891287;3.371847;3.032544;2.171373;2.556793;4.034119;3.460117;4.764853;3.887616;4.210752;2.646994;3.426696;2.632411;5.488778;3.652983;5.160395;6.198543;6.080175;9.316984;5.598775;4.562663;9.128393;5.217754;4.730787;4.881906;7.454812;6.483470;7.282809;7.061343;8.950839;8.890488;7.053122;5.358412;5.115027;8.968070;5.298678;4.234224;8.324410;7.127002;6.076320;6.138542;6.567757;7.331818;9.018862;7.273589;7.083555;5.214810;7.965774;7.412518;8.954687;3.710803;4.303966;7.066897;8.453444;5.893723;6.878950;7.160358;8.845657;8.231112;9.401541;7.099147;3.267442;7.484500;4.613661;8.048216;3.814571;7.457061;8.725467;7.529230;5.083243;6.054418;5.968697;9.297997;8.624253;7.026122;3.654063
1.700000;-4.655673;2.909026;3.490509;3.524278;2.982542;3.351664;1.824727;3.140330;4.113202;1.570148;5.326974;1.703496;3.268380;2.376259;3.645039;4.049049;2.621968;1.870009;2.940052;3.785854;5.342715;2.801416;3.812298;4.122092;1.664142;3.876403;3.456377;2.672754;3.497241;2.961373;4.814400;2.987953;4.505118;4.889995;4.790826;1.915117;2.967400;1.333387;3.557727;5.661062;4.922021;1.506991;5.124704;1.914576;5.010498;3.264216;4.031335;4.401086;5.595073;3.654589;2.753050;5.379286;2.706015;1.807987;3.110165;3.364865;3.886421;5.308721;1.860970;5.105890;1.369719;2.692154;1.685382;2.580344;4.128276;4.794415;3.452001;4.084902;3.188949;4.806052;5.120119;3.686234;4.272079;3.239652;2.106200;4.536260;2.145410;1.636146;1.576059;5.034665;1.853942;2.544211;4.163926;4.819691;1.497879;4.112824;2.758759;1.738593;4.311082;4.752845;4.880528;3.152868;4.751006;1.475836;3.608601;3.956101;1.619328;5.531996;6.024155;4.182930;3.855094;3.553585;3.011219;2.148573;2.541412;4.014940;3.434050;4.753088;3.883129;4.179519;2.646994;3.405451;2.613613;5.465532;3.603036;7.683080;6.183486;6.080526;9.304179;5.596757;4.554328;9.101720;5.187315;4.723019;4.926872;7.452988;6.521250;7.215919;7.321478;8.910662;8.853783;7.040769;5.366755;5.077068;8.923977;5.298678;4.217047;8.273201;7.098811;6.064569;6.052989;6.530571;7.222088;9.004169;7.273585;7.080922;5.207492;7.923005;7.387298;8.741444;3.745499;4.269061;7.051075;8.434493;5.878150;6.754847;7.147740;8.836842;8.128116;9.374352;7.070190;3.267441;7.485334;4.529889;8.041177;3.793566;7.407459;8.668862;7.483286;5.074477;5.975251;5.932749;9.245225;8.572791;7.022605;3.654061
1.700000;-5.757898;2.909006;3.507894;3.538912;2.996143;3.377633;1.913017;3.195064;4.121206;1.585419;5.337628;1.716176;3.290645;2.333017;3.941325;4.083430;2.621968;1.892533;2.950322;3.814866;5.359475;2.821959;3.817947;4.136486;1.684005;3.955056;3.474479;2.715029;3.518846;2.976714;4.814400;3.020036;4.515625;4.898697;4.795912;2.053078;2.987468;1.341805;3.586035;5.705801;4.939752;1.512385;5.132471;1.924392;5.039427;3.272269;4.035457;4.409788;5.620143;3.661551;2.770077;5.404704;2.714714;1.818575;3.131350;3.384533;4.130784;4.578091;1.874340;5.125506;1.352134;2.718601;1.706229;2.585431;4.141991;4.814662;3.463897;4.112425;3.195739;4.752481;5.137699;3.798409;4.310907;3.266371;2.119849;4.566490;2.162637;1.594560;1.581131;5.058630;1.867464;2.452315;4.168114;4.830713;1.503913;4.139822;2.770645;1.859152;4.381342;4.797148;4.900255;3.177946;4.755533;1.475836;3.616273;3.967979;1.631293;5.572941;6.062206;4.187607;3.883408;3.372922;3.027741;2.166257;2.553269;4.029772;3.454315;4.762128;3.886552;4.203888;2.646994;3.421911;2.628147;5.483567;3.642355;4.980921;6.195085;6.088196;9.314031;5.598291;4.560711;9.122460;5.211043;4.728962;4.886220;7.581542;6.638856;7.268859;7.058026;8.942153;8.882504;7.050265;5.376998;5.106787;8.958600;5.298677;4.213567;8.196218;7.337713;6.073598;6.120923;6.559674;7.309373;9.015489;7.273585;7.082924;5.213090;7.956568;7.406893;8.740523;3.678348;4.296346;7.063276;8.449145;5.890154;6.853535;7.157441;8.843595;8.210031;9.395504;7.092739;3.267441;7.492111;4.596392;8.046556;3.809833;7.446501;8.713529;7.519391;5.081192;6.038061;5.960863;9.286809;8.613329;7.025285;3.654060
1.700000;-3.832517;3.095712;3.493668;3.526946;2.985026;3.356332;1.825874;3.149940;4.114677;1.572929;5.328931;1.705816;3.272396;2.328304;3.615742;4.055175;2.336706;1.874071;2.941938;3.791050;5.345765;2.805128;3.813344;4.124717;1.667735;3.890695;3.459664;2.680238;3.501144;2.964168;4.814400;2.993680;4.507048;4.891596;4.791769;1.904754;2.971032;1.334939;3.562802;5.668965;4.925240;1.507990;5.126136;1.916381;5.015676;3.265700;4.032100;4.402688;5.599582;3.655876;2.756145;5.383854;2.707617;1.809930;3.113991;3.368426;3.861812;4.597056;1.863413;5.109442;1.428273;2.696905;1.689148;2.581188;4.130780;4.798075;3.454179;4.089839;3.190203;4.879572;5.123310;3.670913;4.278972;3.244449;2.108693;4.541666;2.148536;1.659712;1.576999;5.038981;1.856414;2.541857;4.164704;4.821713;1.498995;4.117663;2.760936;1.686638;4.825216;4.760676;4.884100;3.157378;4.751847;1.601732;3.610017;3.958275;1.621521;5.539253;6.030911;4.183799;3.860167;3.374836;3.014223;2.151784;2.543583;4.017645;3.437716;4.754752;3.883766;4.183908;2.646994;3.408443;2.616262;5.468804;3.610013;5.567524;6.185609;6.088054;9.305988;5.597044;4.555508;9.105472;5.191587;4.724118;4.893630;7.541985;6.732543;7.225224;7.199094;8.916284;8.858926;7.042516;5.359466;5.082390;8.930150;5.298677;4.493204;8.194570;7.319073;6.066231;6.064838;6.535781;7.237199;9.006243;7.273589;7.081295;5.208529;7.928986;7.390844;8.742153;3.679052;4.273955;7.053308;8.437168;5.880350;6.771871;7.149525;8.838090;8.142322;9.378173;7.074258;3.267441;7.485388;4.541492;8.042175;3.796523;7.414388;8.676758;7.489709;5.075718;5.986234;5.937793;9.252591;8.579977;7.023104;3.654061
1.700000;-1.644126;4.368275;3.485738;3.520238;2.978781;3.344652;2.036449;3.126377;4.110962;1.565936;5.324011;1.699983;3.262325;2.534456;3.632933;4.039908;2.621968;1.863890;2.937193;3.778059;5.338108;2.795804;3.810710;4.118117;1.658713;3.971247;3.451416;2.661689;3.491356;2.957145;4.814399;2.979383;4.502195;4.887564;4.789393;2.028691;2.961917;1.331036;3.550113;5.649413;4.917156;1.505474;5.122530;1.911841;5.002723;3.261963;4.030173;4.398656;5.588291;3.652637;2.748371;5.372410;2.703587;1.805040;3.104390;3.359488;3.853768;4.615963;1.857270;5.100526;1.522242;2.685018;1.679692;2.583851;4.124482;4.788887;3.448701;4.077488;3.187043;4.925125;5.115294;3.798409;4.261845;3.232442;2.102425;4.528156;2.140676;1.655759;1.574629;5.028163;1.850203;2.470071;4.162745;4.816624;1.496183;4.105544;2.755459;1.715969;4.743666;4.741296;4.875137;3.146080;4.749731;2.599909;3.606454;3.952804;1.616011;5.521253;6.014109;4.181612;3.847477;3.378282;3.006675;2.143720;2.538120;4.010849;3.428516;4.750566;3.882162;4.172926;2.646994;3.400929;2.609601;5.460587;3.592679;5.109508;6.180261;6.117733;9.301433;5.596323;4.552536;9.096059;5.180873;4.721348;4.887592;7.549655;6.621273;7.202364;7.045226;8.902233;8.846064;7.038122;5.360992;5.069097;8.914780;5.298677;4.529430;8.194907;7.104729;6.062047;6.036169;6.522753;7.201479;9.001025;7.273589;7.080353;5.205917;7.914064;7.381941;8.757614;3.685256;4.261705;7.047689;8.430458;5.874816;6.732205;7.145031;8.834948;8.108514;9.368589;7.064058;3.267441;7.571074;4.513369;8.039662;3.789087;7.397171;8.657233;7.473709;5.072594;5.959521;5.925189;9.234321;8.562142;7.021846;3.654061
1.700000;-8.425110;4.117374;3.492769;3.526190;2.984324;3.354969;1.864005;3.146741;4.114261;1.572140;5.328378;1.705159;3.271238;2.382540;4.126835;4.053319;2.621968;1.872898;2.941407;3.789510;5.344897;2.804062;3.813048;4.123973;1.666702;3.866971;3.458724;2.677887;3.500020;2.963375;4.814400;2.991964;4.506505;4.891145;4.791502;1.915799;2.969990;1.334502;3.561305;5.666461;4.924320;1.507709;5.125732;1.915872;5.014146;3.265282;4.031884;4.402235;5.598267;3.655512;2.755262;5.382523;2.707165;1.809382;3.112894;3.367406;3.872524;4.578059;1.862722;5.108425;1.349348;2.695514;1.688066;2.584064;4.130071;4.797026;3.453563;4.088389;3.189849;4.795867;5.122401;3.798409;4.276842;3.243042;2.107987;4.540058;2.147646;2.133044;1.576733;5.037725;1.855716;2.466841;4.164484;4.821141;1.498681;4.116245;2.760320;1.736677;4.496681;4.758193;4.883076;3.156063;4.751608;1.489308;3.609617;3.957663;1.620902;5.536987;6.028830;4.183551;3.858670;3.390074;3.013367;2.150869;2.542969;4.016879;3.436666;4.754282;3.883584;4.182637;2.646994;3.407598;2.615511;5.467872;3.607847;5.064713;6.185012;6.083622;9.305476;5.596963;4.555176;9.104392;5.190347;4.723809;4.925447;7.502809;6.521830;7.222147;7.180142;8.914602;8.857406;7.042023;5.360356;5.080809;8.928274;5.298676;4.283646;8.412535;7.099010;6.065760;6.060641;6.534239;7.231417;9.005658;7.273578;7.081188;5.208236;7.927184;7.389831;8.797487;3.679122;4.272516;7.052677;8.436407;5.879726;6.765077;7.149021;8.837736;8.136996;9.377075;7.073085;3.267442;7.494138;4.537411;8.041891;3.795683;7.412241;8.674250;7.487744;5.075368;5.982432;5.936306;9.250284;8.577738;7.022963;3.654061
1.700000;-2.901321;3.489593;3.482438;3.517498;2.976247;3.339514;1.853851;3.114108;4.109514;1.563068;5.322056;1.697634;3.257991;2.347066;3.641342;4.032838;2.555462;1.859505;2.935311;3.772237;5.334938;2.791844;3.809700;4.115425;1.654898;3.897053;3.447961;2.652691;3.487167;2.954262;4.814400;2.972853;4.500269;4.885982;4.788488;2.215759;2.958056;1.329511;3.544451;5.639787;4.913784;1.504512;5.121127;1.910048;4.996924;3.260507;4.029442;4.397073;5.583351;3.651385;2.745144;5.367394;2.702008;1.803098;3.100300;3.355713;3.961310;4.584978;1.854782;5.096760;1.404825;2.679773;1.675667;2.647721;4.121925;4.784988;3.446503;4.072003;3.185823;4.769317;5.111953;3.750783;4.253700;3.227138;2.099883;4.522054;2.137407;2.224908;1.573726;5.023468;1.847687;2.522029;4.162003;4.814601;1.495103;4.100178;2.753265;1.858649;4.395850;4.731783;4.871348;3.141140;4.748926;2.097139;3.605068;3.950610;1.613801;5.512591;6.006152;4.180780;3.841813;3.407619;3.003551;2.140357;2.535930;4.008067;3.424614;4.748919;3.881557;4.168139;2.646994;3.397817;2.606881;5.457153;3.584412;4.966434;6.178123;6.088992;9.299637;5.596055;4.551392;9.092057;5.176228;4.720285;4.881887;7.482244;6.506824;7.190581;7.050240;8.895847;8.840307;7.036391;5.361139;5.063114;8.907654;5.298676;4.328526;8.221087;7.231030;6.060408;6.020150;6.516911;7.179493;8.998940;7.273585;7.080002;5.204918;7.907187;7.378180;8.770928;3.715431;4.256274;7.045431;8.427706;5.872602;6.706447;7.143264;8.833733;8.088236;9.364501;7.059669;3.267442;7.499697;4.497772;8.038703;3.786017;7.388974;8.647628;7.466231;5.071386;5.944994;5.919571;9.225494;8.553578;7.021374;3.654060
1.700000;-8.317373;3.998387;3.516831;3.546523;3.003246;3.390573;2.098035;3.220434;4.125496;1.593338;5.343266;1.722825;3.301882;2.357144;3.653158;4.100132;2.485732;1.903882;2.955769;3.829184;5.368111;2.832391;3.821012;4.143975;1.694116;3.869472;3.483761;2.735149;3.529777;2.984667;4.814400;3.035722;4.521188;4.903344;4.798677;1.922119;2.997681;1.346305;3.600038;5.726964;4.948853;1.515314;5.136637;1.929609;5.053702;3.276584;4.037709;4.414436;5.632673;3.665303;2.778843;5.417395;2.719356;1.824181;3.142084;3.394557;3.996759;5.516739;1.881330;5.135504;1.349602;2.731757;1.716807;2.888558;4.149147;4.824955;3.470155;4.126072;3.199399;4.744888;5.146727;3.791012;4.329546;3.279654;2.126976;4.581356;2.171499;1.570885;1.583889;5.070654;1.874527;2.577547;4.170403;4.836535;1.507179;4.153225;2.776903;1.985471;4.492729;4.818138;4.910305;3.190482;4.758003;1.484538;3.620391;3.974231;1.637585;5.592484;6.080511;4.190156;3.897410;3.602146;3.036261;2.175337;2.559510;4.037478;3.464614;4.766947;3.888430;4.216090;2.646994;3.430399;2.635706;5.492815;3.661211;5.289865;6.201200;6.119219;9.319260;5.599142;4.564160;9.132993;5.222960;4.732181;4.882173;7.555493;6.515197;7.293496;7.068323;8.957585;8.896691;7.055318;5.363122;5.121424;8.975413;5.298676;4.361350;8.201629;7.155374;6.078415;6.151736;6.574033;7.348003;9.021460;7.273585;7.084033;5.216129;7.972920;7.416876;8.787434;3.726754;4.309886;7.069691;8.456764;5.896475;6.896759;7.162599;8.847238;8.246506;9.406223;7.104111;3.267442;7.513888;4.626630;8.049481;3.818235;7.465238;8.734678;7.536863;5.084816;6.066782;5.974778;9.306640;8.632710;7.026761;3.654061
1.700000;-5.349500;2.877114;3.499417;3.531726;2.989447;3.365235;1.838812;3.170586;4.117210;1.577934;5.332345;1.709921;3.279916;2.375045;3.635902;4.067335;2.365021;1.881685;2.945224;3.801112;5.351288;2.812015;3.815110;4.129413;1.674374;4.173615;3.465668;2.695595;3.508417;2.969194;4.814399;3.004935;4.510413;4.894359;4.793354;1.911207;2.977746;1.337606;3.572594;5.685347;4.931111;1.509674;5.128591;1.919514;5.025707;3.268249;4.033379;4.405450;5.608146;3.658067;2.761766;5.392549;2.710378;1.813323;3.121113;3.374997;4.009398;4.670067;1.867754;5.115993;1.369830;2.705986;1.696147;2.579988;4.135241;4.804854;3.458015;4.099331;3.192337;4.748664;5.129129;3.711290;4.292920;3.253634;2.113131;4.552200;2.154232;1.694822;1.578579;5.047131;1.860808;2.447493;4.166003;4.825252;1.500885;4.126960;2.764770;1.760469;4.370655;4.776875;4.890690;3.165944;4.753253;1.779177;3.612440;3.962107;1.625379;5.554062;6.044544;4.185252;3.869963;3.378670;3.019665;2.157640;2.547406;4.022494;3.444503;4.757627;3.884823;4.192211;2.646994;3.413867;2.621009;5.474786;3.624160;5.009140;6.189347;6.223948;9.309134;5.597512;4.557511;9.112431;5.199648;4.725980;4.940106;7.657382;6.504740;7.245092;7.106351;8.927311;8.868879;7.045543;5.360884;5.092725;8.942408;5.298678;4.257344;8.305356;7.210754;6.069103;6.091368;6.545879;7.272772;9.009884;7.273582;7.081908;5.210278;7.940825;7.397388;8.780320;3.678774;4.283355;7.057248;8.441955;5.884223;6.812982;7.152621;8.840212;8.175341;9.385285;7.081879;3.267442;7.541802;4.567375;8.043855;3.801877;7.428421;8.693104;7.502556;5.077829;6.010452;5.947509;9.267663;8.594621;7.023927;3.654063
1.700000;-6.545382;3.090038;3.494782;3.527888;2.985905;3.357967;1.867370;3.153281;4.115202;1.573911;5.329622;1.706636;3.273807;2.328551;3.631894;4.057306;2.343669;1.875498;2.942608;3.792863;5.346836;2.806432;3.813717;4.125645;1.669002;3.913145;3.460819;2.682838;3.502513;2.965153;4.814399;2.995675;4.507731;4.892166;4.792105;2.184146;2.972308;1.335492;3.564573;5.671714;4.926373;1.508347;5.126646;1.917022;5.017486;3.266229;4.032374;4.403258;5.601160;3.656334;2.757234;5.385453;2.708187;1.810620;3.115338;3.369679;4.019681;4.603448;1.864277;5.110691;1.350207;2.698565;1.690473;2.628890;4.131665;4.799362;3.454949;4.091564;3.190650;4.753664;5.124434;3.798409;4.281364;3.246124;2.109575;4.543552;2.149640;1.662475;1.577334;5.040488;1.857288;2.654115;4.164982;4.822430;1.499394;4.119362;2.761706;1.699916;4.384256;4.763397;4.885357;3.158957;4.752148;1.788246;3.610522;3.959047;1.622295;5.541774;6.033262;4.184108;3.861940;3.371824;3.015282;2.152913;2.544352;4.018600;3.439003;4.755343;3.883993;4.185439;2.646994;3.409498;2.617201;5.469957;3.612438;4.970366;6.186365;6.081791;9.306633;5.597147;4.555929;9.106788;5.193088;4.724513;4.906655;7.471972;6.519513;7.228460;7.053446;8.918243;8.860726;7.043137;5.414978;5.084245;8.932292;5.298677;4.303792;8.224212;7.115801;6.066820;6.068983;6.537601;7.242566;9.006982;7.273589;7.081429;5.208899;7.931077;7.392094;8.733728;3.681693;4.275668;7.054098;8.438117;5.881125;6.777980;7.150157;8.838535;8.147346;9.379518;7.075685;3.267442;7.499094;4.545550;8.042531;3.797566;7.416796;8.679495;7.491942;5.076161;5.990066;5.939556;9.255151;8.582474;7.023281;3.654059
1.700000;-3.898118;3.082079;3.503909;3.535531;2.992991;3.371825;1.847041;3.183635;4.119319;1.581895;5.335136;1.713230;3.285615;2.329828;3.883384;4.075908;2.621968;1.887443;2.947917;3.808430;5.355627;2.817291;3.816606;4.133157;1.679482;4.003006;3.470340;2.705956;3.513952;2.973177;4.814399;3.012971;4.513167;4.896650;4.794701;1.902309;2.982905;1.339823;3.579745;5.696252;4.935692;1.511104;5.130637;1.922091;5.033003;3.270371;4.034473;4.407740;5.614521;3.659904;2.766171;5.399009;2.712667;1.816099;3.126549;3.380057;3.998878;4.887825;1.871239;5.121041;1.349598;2.712694;1.701500;2.683691;4.138812;4.810057;3.461125;4.106294;3.194130;4.783492;5.133670;3.798409;4.302506;3.260406;2.116687;4.559804;2.158687;1.598110;1.579924;5.053240;1.864332;2.480765;4.167114;4.828138;1.502482;4.133795;2.767877;1.694115;4.483375;4.787685;4.895765;3.172323;4.754454;2.122922;3.614463;3.965213;1.628507;5.564121;6.053956;4.186493;3.877115;3.375856;3.023942;2.162206;2.550506;4.026347;3.449706;4.760003;3.885733;4.198411;2.646994;3.418129;2.624789;5.479443;3.633858;5.036600;6.192383;6.087946;9.311720;5.597922;4.559199;9.117758;5.205705;4.727551;4.905286;8.035959;6.606961;7.257772;7.116975;8.935219;8.876125;7.048037;5.359500;5.100210;8.951033;5.298678;4.239967;8.270109;7.195357;6.071477;6.107115;6.553219;7.292207;9.012845;7.273589;7.082444;5.211761;7.949215;7.402431;8.740682;3.717994;4.290263;7.060435;8.445763;5.887361;6.834469;7.155168;8.841996;8.193778;9.390708;7.087647;3.267442;7.525657;4.582839;8.045279;3.806093;7.438058;8.703997;7.511529;5.079601;6.025170;5.954616;9.277872;8.604593;7.024641;3.654061
1.700000;-3.382755;3.263572;3.489467;3.523383;2.981706;3.350190;1.843993;3.137621;4.112687;1.569219;5.326304;1.702709;3.267090;2.351579;3.669857;4.047180;2.585753;1.868705;2.939404;3.784232;5.341712;2.800208;3.811927;4.121210;1.662970;3.866448;3.455301;2.670544;3.495976;2.960441;4.814400;2.986187;4.504458;4.889439;4.790490;1.937866;2.966219;1.332848;3.556140;5.658750;4.920960;1.506637;5.124203;1.913955;5.008879;3.263699;4.031060;4.400528;5.593640;3.654137;2.752026;5.377836;2.705461;1.807320;3.108927;3.363704;3.844059;5.228186;1.860144;5.104731;1.351738;2.690659;1.684158;2.586628;4.127432;4.793215;3.451259;4.083351;3.188507;4.741954;5.119067;3.798409;4.270017;3.238138;2.105362;4.534580;2.144376;2.139985;1.575724;5.033282;1.853111;2.627853;4.163648;4.818999;1.497484;4.111290;2.758017;1.703390;4.743450;4.750549;4.879364;3.151435;4.750706;1.541754;3.608107;3.955360;1.618586;5.529844;6.022120;4.182620;3.853504;3.384923;3.010222;2.147513;2.540672;4.014038;3.432858;4.752512;3.882900;4.178124;2.646994;3.404454;2.612723;5.464458;3.600950;5.697732;6.182759;6.105845;9.303556;5.596653;4.553911;9.100503;5.185946;4.722630;4.935665;7.451445;6.489826;7.213276;7.137934;8.908919;8.852172;7.040167;5.367705;5.075415;8.922095;5.298678;5.071408;8.380669;7.104689;6.063993;6.049817;6.528945;7.218352;9.003460;7.273578;7.080784;5.207126;7.921173;7.386140;8.748587;3.680292;4.267522;7.050317;8.433604;5.877402;6.750850;7.147125;8.836401;8.124526;9.373119;7.068885;3.267442;7.506728;4.526760;8.040824;3.792583;7.405385;8.666551;7.481336;5.074039;5.972250;5.931175;9.243041;8.570652;7.022423;3.654060
1.700000;-6.941481;3.218790;3.517487;3.547035;3.003709;3.391743;1.842471;3.223777;4.125721;1.593884;5.343595;1.723245;3.302819;2.454743;3.633685;4.101878;2.621968;1.904836;2.956083;3.830552;5.368736;2.833224;3.821154;4.144479;1.694908;3.865952;3.484454;2.737492;3.530672;2.985216;4.814400;3.037308;4.521512;4.903595;4.798805;1.904267;2.998485;1.346547;3.601359;5.729498;4.949529;1.515449;5.136856;1.929904;5.055067;3.276810;4.037807;4.414688;5.633783;3.665490;2.779480;5.418525;2.719610;1.824508;3.142951;3.395339;3.828181;4.739077;1.881782;5.136284;1.350757;2.732956;1.717658;2.593769;4.149619;4.825768;3.470537;4.127338;3.199582;4.872861;5.147394;3.726925;4.331623;3.280869;2.127440;4.582808;2.172143;2.295847;1.584015;5.071696;1.874987;2.445762;4.170503;4.836882;1.507338;4.154463;2.777290;1.697425;4.591894;4.820638;4.911091;3.191591;4.758111;1.558342;3.620604;3.974616;1.637972;5.594723;6.082529;4.190270;3.898733;3.387620;3.036871;2.176008;2.559893;4.038001;3.465432;4.767211;3.888508;4.217157;2.646994;3.431008;2.636217;5.493505;3.663326;5.504822;6.201573;6.200692;9.319557;5.599174;4.564329;9.133836;5.223984;4.732335;4.928008;7.467781;6.646830;7.296686;7.085888;8.959116;8.898041;7.055601;5.360833;5.122841;8.977179;5.298678;4.403657;8.236539;7.105609;6.078677;6.156185;6.575408;7.354059;9.021819;7.273582;7.084076;5.216270;7.974604;7.417655;8.744596;3.678624;4.311137;7.070086;8.457280;5.896864;6.903748;7.162889;8.847418;8.252118;9.407090;7.105061;3.267441;7.536623;4.630952;8.049617;3.818829;7.467328;8.737205;7.538727;5.084995;6.070795;5.976087;9.308930;8.634914;7.026819;3.654061
1.700000;-5.336341;2.876235;3.513159;3.543357;3.000277;3.385450;1.908399;3.211397;4.123658;1.590052;5.340878;1.720036;3.297359;2.357505;3.684826;4.093728;2.600721;1.899321;2.953460;3.823578;5.364552;2.828165;3.819684;4.140857;1.690003;4.064570;3.479957;2.727660;3.525365;2.981368;4.814400;3.029656;4.518831;4.901357;4.797477;1.951805;2.993532;1.344380;3.594540;5.719159;4.945119;1.514044;5.134851;1.927391;5.048110;3.274736;4.036726;4.412450;5.627691;3.663688;2.775236;5.412353;2.717374;1.821807;3.137739;3.390477;3.941920;4.643561;1.878406;5.131434;1.353150;2.726553;1.712524;2.666952;4.146160;4.820777;3.467519;4.120696;3.197823;4.897042;5.143021;3.798409;4.322520;3.274404;2.123997;4.575563;2.167853;1.780952;1.582691;5.065844;1.871577;2.561932;4.169405;4.834073;1.505768;4.147934;2.774269;1.762963;4.473811;4.810384;4.906216;3.185494;4.756927;1.475836;3.618624;3.971599;1.634937;5.585176;6.073592;4.189049;3.891913;3.444628;3.032747;2.171610;2.556882;4.034276;3.460433;4.764891;3.887608;4.211219;2.646994;3.426896;2.632561;5.489023;3.654118;5.039768;6.198625;6.080711;9.317037;5.598766;4.562671;9.128725;5.218195;4.730790;4.908136;7.478564;6.508480;7.284661;7.047672;8.951606;8.891128;7.053168;5.370767;5.115712;8.968975;5.298677;4.587177;8.272977;7.112973;6.076360;6.141216;6.568413;7.335520;9.018936;7.273585;7.083546;5.214812;7.966628;7.412812;8.734814;3.839841;4.304545;7.066992;8.453593;5.893816;6.883206;7.160408;8.845668;8.234540;9.401887;7.099538;3.267442;7.541015;4.616251;8.048215;3.814765;7.458182;8.726874;7.530207;5.083254;6.056817;5.969311;9.299242;8.625449;7.026112;3.654061
1.700000;-7.653196;3.587037;3.493915;3.527162;2.985231;3.356652;1.832129;3.150450;4.114808;1.573154;5.329096;1.706010;3.272691;2.328533;3.664596;4.055552;2.582286;1.874367;2.942101;3.791393;5.346000;2.805404;3.813439;4.124931;1.668005;4.487932;3.459915;2.680664;3.501428;2.964393;4.814400;2.994045;4.507212;4.891738;4.791856;1.931655;2.971303;1.335076;3.563140;5.669408;4.925488;1.508083;5.126264;1.916537;5.016022;3.265833;4.032172;4.402829;5.599896;3.655992;2.756387;5.384172;2.707759;1.810097;3.114275;3.368695;3.949297;4.823499;1.863615;5.109711;1.349501;2.697231;1.689429;2.734339;4.130986;4.798351;3.454363;4.090176;3.190317;4.799843;5.123559;3.798409;4.279378;3.244775;2.108898;4.542017;2.148781;1.540547;1.577085;5.039283;1.856617;2.600275;4.164777;4.821885;1.499096;4.117997;2.761121;1.688205;4.434216;4.761115;4.884369;3.157693;4.751925;1.475836;3.610143;3.958459;1.621705;5.539671;6.031312;4.183877;3.860505;3.374130;3.014460;2.152033;2.543766;4.017865;3.437989;4.754897;3.883826;4.184218;2.646994;3.408678;2.616481;5.469059;3.610419;5.024611;6.185790;6.104590;9.306147;5.597072;4.555616;9.105750;5.191894;4.724220;4.922996;7.547151;6.514947;7.225720;7.045118;8.916649;8.859272;7.042670;5.359797;5.082737;8.930531;5.298676;4.211981;8.288059;7.389225;6.066376;6.065471;6.536127;7.238144;9.006422;7.273593;7.081330;5.208626;7.929361;7.391117;8.795006;3.680830;4.274288;7.053495;8.437394;5.880534;6.773094;7.149678;8.838203;8.143170;9.378460;7.074552;3.267442;7.655710;4.542114;8.042266;3.796758;7.414794;8.677201;7.490096;5.075830;5.986814;5.938133;9.253013;8.580392;7.023151;3.654061
1.700000;-5.882774;2.921175;3.526543;3.554631;3.010757;3.405421;1.821418;3.253544;4.129836;1.601816;5.349093;1.729806;3.314490;2.332540;3.645086;4.120174;2.621968;1.916645;2.961380;3.845896;5.377459;2.843973;3.824047;4.151946;1.705292;3.865258;3.493896;2.760188;3.541987;2.993185;4.814399;3.054334;4.526930;4.908073;4.801406;2.114117;3.008978;1.350874;3.616317;5.753581;4.958769;1.518209;5.140844;1.934963;5.070360;3.280950;4.039912;4.419165;5.646977;3.669061;2.788347;5.431909;2.724082;1.829972;3.154039;3.405617;3.964562;4.633056;1.888707;5.146534;1.379596;2.746894;1.728569;2.625915;4.156726;4.836357;3.476688;4.141862;3.203065;4.823707;5.156553;3.798409;4.352392;3.294959;2.134514;4.598819;2.181116;2.595062;1.586610;5.084290;1.881994;2.744937;4.172641;4.842577;1.510429;4.168700;2.783435;1.976210;4.348373;4.844479;4.921400;3.204790;4.760424;1.649915;3.624545;3.980755;1.644158;5.616671;6.102867;4.192660;3.913694;3.568865;3.045468;2.185223;2.566022;4.045702;3.476028;4.771865;3.890254;4.229965;2.646994;3.439570;2.643757;5.502908;3.684373;5.327396;6.207567;6.079861;9.324631;5.599954;4.567600;9.144692;5.236452;4.735379;4.884605;7.450767;6.880523;7.325438;7.221301;8.975831;8.913224;7.060491;5.359354;5.138572;8.995606;5.298677;4.209626;8.230128;7.143321;6.083323;6.193616;6.590801;7.402983;9.027667;7.273585;7.085096;5.219137;7.992455;7.427896;8.735661;3.698686;4.325539;7.076399;8.464885;5.903073;6.959604;7.167892;8.850882;8.297819;9.418163;7.116893;3.267442;7.545271;4.667554;8.052373;3.827293;7.488221;8.761246;7.557992;5.088438;6.105237;5.990938;9.331245;8.656638;7.028185;3.654061
1.700000;-5.220908;2.875221;3.477006;3.512860;2.971915;3.331743;1.821602;3.099882;4.106892;1.558246;5.318612;1.693576;3.251204;2.436507;3.617777;4.022971;2.367072;1.852647;2.931983;3.763686;5.329685;2.785526;3.807827;4.110859;1.648767;3.869808;3.442329;2.641023;3.480556;2.949419;4.814400;2.963540;4.496872;4.883142;4.786799;1.905045;2.951870;1.326758;3.536077;5.627576;4.908251;1.502722;5.118579;1.906861;4.988394;3.257869;4.028066;4.394233;5.575810;3.649091;2.739814;5.359766;2.699167;1.799674;3.093802;3.349637;3.842570;4.590270;1.850519;5.090698;1.349457;2.671879;1.669265;2.581782;4.117560;4.778750;3.442684;4.063832;3.183584;4.859976;5.106466;3.665274;4.242804;3.219171;2.095537;4.513197;2.132021;1.698292;1.572040;5.016221;1.843378;2.509334;4.160604;4.811042;1.493106;4.092141;2.749446;1.689393;4.311162;4.719677;4.865256;3.133600;4.747418;1.471660;3.602551;3.946794;1.609959;5.501215;5.995430;4.179224;3.833438;3.372324;2.998367;2.134841;2.532120;4.003373;3.418375;4.745975;3.880410;4.160788;2.646994;3.392645;2.602275;5.451535;3.573403;5.656171;6.174390;6.109787;9.296440;5.595535;4.549283;9.085679;5.169046;4.718319;4.883649;7.480912;6.484439;7.176706;7.045140;8.886675;8.831829;7.033302;5.377953;5.054385;8.897734;5.298678;4.505415;8.195579;7.107762;6.057464;6.003547;6.508338;7.159879;8.995293;7.273589;7.079324;5.203062;7.897518;7.372126;8.735609;3.695357;4.248162;7.041517;8.423070;5.868740;6.685284;7.140107;8.831507;8.069412;9.358018;7.052807;3.267442;7.685265;4.481407;8.036917;3.780905;7.378024;8.635437;7.455960;5.069172;5.929272;5.911250;9.213975;8.542294;7.020473;3.654061
1.700000;-5.404909;2.879297;3.500715;3.532868;2.990525;3.366914;1.858522;3.172597;4.117903;1.579110;5.333229;1.710939;3.281452;2.430982;3.692464;4.069251;2.366042;1.883233;2.946081;3.802891;5.352552;2.813471;3.815616;4.130540;1.675799;3.898839;3.467003;2.697619;3.509923;2.970378;4.814399;3.006796;4.511286;4.895103;4.793813;1.911397;2.979180;1.338331;3.574350;5.687392;4.932428;1.510159;5.129265;1.920340;5.027486;3.268945;4.033756;4.406194;5.609792;3.658678;2.763044;5.394209;2.711122;1.814203;3.122601;3.376411;4.069236;4.597624;1.868818;5.117405;1.383499;2.707683;1.697619;2.656207;4.136327;4.806301;3.458983;4.101065;3.192934;4.744497;5.130437;3.697200;4.294906;3.255339;2.114212;4.554012;2.155518;1.572365;1.579038;5.048731;1.861882;2.492125;4.166386;4.826160;1.501423;4.128676;2.765741;1.747283;4.546824;4.778914;4.892107;3.167591;4.753664;3.123330;3.613107;3.963074;1.626351;5.556074;6.046522;4.185677;3.871720;3.379021;3.020914;2.158949;2.548372;4.023648;3.445944;4.758395;3.885140;4.193825;2.646994;3.415113;2.622144;5.476119;3.626154;5.072163;6.190293;6.121818;9.309959;5.597660;4.558078;9.113893;5.201245;4.726510;4.893976;7.456623;6.506628;7.247119;7.095084;8.929159;8.870650;7.046346;5.364625;5.094522;8.944316;5.298677;7.081364;8.194745;7.120817;6.069870;6.093159;6.547661;7.273960;9.010814;7.273582;7.082098;5.210780;7.942727;7.398799;8.972793;3.765637;4.285082;7.058237;8.443096;5.885195;6.813678;7.153437;8.840808;8.176723;9.386768;7.083425;3.267441;7.484181;4.569197;8.044337;3.803115;7.430415;8.695141;7.504506;5.078422;6.012354;5.949260;9.269686;8.596630;7.024179;3.654060
1.700000;-3.838898;3.089108;3.483885;3.518652;2.977295;3.342004;1.820634;3.121130;4.110054;1.564292;5.322824;1.698592;3.260016;2.342732;3.620001;4.036514;2.621968;1.861556;2.936045;3.775143;5.336316;2.793661;3.810056;4.116553;1.656628;3.874048;3.449497;2.657594;3.489107;2.955489;4.814400;2.976193;4.501024;4.886580;4.788804;1.994870;2.959811;1.330084;3.547260;5.645094;4.915271;1.504848;5.121646;1.910741;4.999816;3.261050;4.029690;4.397671;5.585724;3.651840;2.746554;5.369816;2.702605;1.803861;3.102184;3.357421;3.981363;4.606307;1.855810;5.098463;1.368777;2.682331;1.677515;2.623050;4.122988;4.786763;3.447386;4.074705;3.186265;4.888448;5.113423;3.798409;4.258059;3.229731;2.100938;4.525131;2.138843;1.529695;1.574041;5.025698;1.848728;2.441525;4.162254;4.815403;1.495485;4.102803;2.754148;1.690662;4.313941;4.737020;4.873063;3.143516;4.749202;1.475836;3.605582;3.951494;1.614689;5.517276;6.010390;4.181065;3.844625;3.372156;3.004907;2.141839;2.536811;4.009242;3.426391;4.749547;3.881758;4.170424;2.646994;3.399160;2.608026;5.458673;3.588849;4.961131;6.178979;6.080885;9.300332;5.596138;4.551803;9.093895;5.178434;4.720662;4.903264;7.572137;6.521387;7.197290;7.098791;8.899103;8.843173;7.037055;5.363063;5.066118;8.911371;5.298678;4.508430;8.194791;7.159194;6.061033;6.029593;6.519830;7.192677;8.999769;7.273589;7.080114;5.205269;7.910747;7.379882;8.734911;3.710555;4.258945;7.046345;8.428868;5.873491;6.721910;7.143944;8.834173;8.100365;9.366385;7.061728;3.267441;7.504128;4.506949;8.039040;3.787343;7.393367;8.652920;7.470167;5.071823;5.953478;5.922355;9.230289;8.558205;7.021527;3.654061
1.700000;-2.755474;3.588829;3.499454;3.531813;2.989547;3.364997;1.825729;3.168261;4.117330;1.578008;5.332465;1.710030;3.279818;2.426044;3.616647;4.066658;2.621968;1.881579;2.945347;3.800731;5.351340;2.811974;3.815214;4.129503;1.674349;3.864556;3.465692;2.694369;3.508343;2.969270;4.814399;3.004392;4.510535;4.894482;4.793451;2.126503;2.977717;1.337729;3.572248;5.683925;4.931142;1.509776;5.128710;1.919637;5.025332;3.268370;4.033463;4.405573;5.607943;3.658181;2.761810;5.392333;2.710501;1.813445;3.121053;3.374977;3.839252;5.017834;1.867856;5.115974;1.384015;2.705726;1.696097;2.616832;4.135338;4.804819;3.458130;4.099022;3.192452;4.743587;5.129162;3.754074;4.291949;3.253362;2.113230;4.551756;2.154271;1.567632;1.578677;5.046973;1.860908;2.607521;4.166089;4.825371;1.500993;4.126675;2.764885;1.737761;4.338065;4.775489;4.890671;3.165743;4.753343;1.708941;3.612559;3.962222;1.625494;5.552938;6.043629;4.185345;3.869617;3.411916;3.019721;2.157669;2.547521;4.022576;3.444466;4.757749;3.884896;4.192035;2.646994;3.413921;2.621098;5.474809;3.623151;5.003573;6.189465;6.080333;9.309258;5.597550;4.557622;9.112382;5.199499;4.726088;4.925344;7.489119;6.487493;7.242937;7.201676;8.926799;8.868510;7.045667;5.361966;5.092309;8.941712;5.298676;4.959142;8.200823;7.098433;6.069223;6.087615;6.545494;7.266567;9.010001;7.273589;7.081957;5.210381;7.940198;7.397372;8.751895;3.678372;4.283059;7.057361;8.442037;5.884336;6.805171;7.152743;8.840327;8.169853;9.385221;7.081774;3.267442;7.548725;4.563784;8.043953;3.801936;7.427433;8.691693;7.501769;5.077941;6.007274;5.947173;9.266489;8.593524;7.023988;3.654062
1.700000;-6.283833;3.011305;3.500653;3.532848;2.990518;3.366664;1.835660;3.171288;4.117937;1.579083;5.333251;1.710944;3.281296;2.386888;3.793548;4.068746;2.621968;1.883065;2.946106;3.802555;5.352501;2.813351;3.815653;4.130524;1.675693;3.871281;3.466927;2.696829;3.509779;2.970347;4.814400;3.006368;4.511312;4.895136;4.793851;1.991717;2.979068;1.338364;3.574037;5.686500;4.932360;1.510196;5.129300;1.920367;5.027152;3.268981;4.033790;4.406229;5.609567;3.658716;2.762989;5.393973;2.711156;1.814225;3.122466;3.376306;3.939498;4.578113;1.868814;5.117302;1.353218;2.707420;1.697490;2.611066;4.136316;4.806183;3.458994;4.100770;3.192973;4.766337;5.130372;3.798409;4.294245;3.255069;2.114205;4.553642;2.155460;1.933489;1.579074;5.048534;1.861875;2.535675;4.166420;4.826180;1.501461;4.128398;2.765751;1.868499;4.397897;4.778044;4.892003;3.167364;4.753700;1.475836;3.613143;3.963086;1.626363;5.555335;6.045891;4.185713;3.871405;3.377216;3.020868;2.158885;2.548383;4.023624;3.445830;4.758426;3.885170;4.193617;2.646994;3.415066;2.622126;5.476046;3.625472;4.993596;6.190310;6.214050;9.309988;5.597675;4.558115;9.113769;5.201049;4.726547;4.882102;7.463202;6.509847;7.245885;7.268554;8.928745;8.870321;7.046373;5.365711;5.094165;8.943819;5.298677;4.893419;8.202635;7.628822;6.069901;6.091228;6.547324;7.271066;9.010830;7.273582;7.082119;5.210818;7.942244;7.398694;8.756273;3.690451;4.284796;7.058243;8.443080;5.885207;6.810198;7.153464;8.840845;8.174106;9.386638;7.083261;3.267442;7.753004;4.567336;8.044376;3.803069;7.429744;8.694257;7.503942;5.078460;6.010667;5.948953;9.268922;8.595903;7.024205;3.654061
1.700000;-7.968144;3.801887;3.480180;3.515571;2.974450;3.336252;1.830624;3.107687;4.108426;1.561066;5.320626;1.695950;3.255160;2.348264;3.618288;4.028634;2.522222;1.856638;2.933931;3.768631;5.332753;2.789211;3.808921;4.113530;1.652343;3.925464;3.445621;2.647621;3.484408;2.952250;4.814400;2.968904;4.498859;4.884804;4.787785;1.947621;2.955479;1.328367;3.540923;5.634448;4.911484;1.503767;5.120068;1.908726;4.993326;3.259411;4.028870;4.395895;5.580189;3.650432;2.742928;5.364196;2.700829;1.801678;3.097587;3.353181;4.060927;4.724027;1.853014;5.094237;1.379194;2.676462;1.672998;2.673066;4.120114;4.782387;3.444918;4.068565;3.184893;4.741405;5.109672;3.798409;4.249010;3.223791;2.098079;4.518313;2.135171;1.537717;1.573026;5.020434;1.845898;2.467578;4.161420;4.813123;1.494272;4.096797;2.751680;1.690989;4.415035;4.726495;4.868810;3.137978;4.748299;1.821168;3.604024;3.949027;1.612206;5.507662;6.001547;4.180133;3.838284;3.412832;3.001398;2.138062;2.534350;4.006118;3.422014;4.747697;3.881080;4.165061;2.646994;3.395667;2.604968;5.454815;3.579670;5.031341;6.176573;6.095546;9.298309;5.595839;4.550516;9.089398;5.173224;4.719468;4.888101;7.645024;6.568923;7.184357;7.156697;8.891960;8.836735;7.035109;5.362867;5.059431;8.903428;5.298676;7.141109;8.226966;7.110848;6.059187;6.012287;6.513295;7.169404;8.997430;7.273589;7.079720;5.204145;7.903073;7.375661;8.854164;3.687527;4.252865;7.043807;8.425785;5.870999;6.694980;7.141953;8.832808;8.078781;9.361794;7.056808;3.267441;7.508584;4.490065;8.037960;3.783894;7.384259;8.642297;7.461833;5.070467;5.937690;5.916067;9.220505;8.548700;7.020999;3.654061
1.700000;-5.642129;2.897897;3.493638;3.526883;2.984953;3.356509;1.840101;3.151753;4.114589;1.572875;5.328841;1.705735;3.272477;2.452375;3.633897;4.055685;2.548046;1.874155;2.941848;3.791332;5.345724;2.805161;3.813267;4.124652;1.667752;3.985191;3.459646;2.681175;3.501197;2.964113;4.814400;2.994086;4.506957;4.891507;4.791697;2.222834;2.971054;1.334849;3.563058;5.670057;4.925218;1.507915;5.126048;1.916290;5.015958;3.265612;4.032039;4.402598;5.599730;3.655791;2.756110;5.384014;2.707526;1.809840;3.114042;3.368439;4.512131;4.590840;1.863337;5.109454;1.383846;2.697098;1.689187;2.739664;4.130707;4.798102;3.454094;4.090069;3.190120;4.742578;5.123286;3.798409;4.279710;3.244649;2.108619;4.541996;2.148507;1.548139;1.576927;5.039098;1.856338;2.442102;4.164640;4.821625;1.498917;4.117881;2.760850;1.834487;4.334001;4.761738;4.884114;3.157527;4.751780;1.482081;3.609930;3.958192;1.621436;5.540110;6.031605;4.183730;3.860424;3.476574;3.014182;2.151761;2.543498;4.017583;3.437742;4.754661;3.883711;4.184040;2.646994;3.408402;2.616199;5.468788;3.610773;5.479152;6.185525;6.085028;9.305897;5.597018;4.555428;9.105505;5.191700;4.724041;4.887042;7.513124;6.567019;7.226895;7.075244;8.916669;8.859200;7.042426;5.388345;5.082698;8.930663;5.298678;4.229011;8.212509;7.100718;6.066137;6.067831;6.536069;7.242325;9.006158;7.273585;7.081261;5.208452;7.929460;7.390856;8.764719;3.715671;4.274178;7.053225;8.437106;5.880260;6.778430;7.149432;8.838006;8.146810;9.378222;7.074338;3.267441;7.485977;4.544349;8.042100;3.796478;7.415133;8.677838;7.490298;5.075634;5.988732;5.938040;9.253485;8.580809;7.023059;3.654060
1.700000;-4.550239;2.926953;3.499923;3.532220;2.989930;3.365632;1.819439;3.169335;4.117573;1.578430;5.332778;1.710390;3.280389;2.329177;3.648988;4.067440;2.621968;1.882152;2.945648;3.801426;5.351794;2.812507;3.815390;4.129905;1.674872;4.090692;3.466172;2.695274;3.508897;2.969693;4.814399;3.005138;4.510841;4.894742;4.793610;1.919878;2.978243;1.337982;3.572930;5.684870;4.931618;1.509944;5.128947;1.919927;5.026024;3.268614;4.033595;4.405835;5.608568;3.658395;2.762272;5.392962;2.710762;1.813754;3.121600;3.375494;3.857455;4.628675;1.868232;5.116492;1.375263;2.706376;1.696637;2.592808;4.135725;4.805347;3.458472;4.099689;3.192661;4.826714;5.129636;3.784865;4.292799;3.254014;2.113614;4.552472;2.154736;1.620733;1.578836;5.047573;1.861290;2.441853;4.166223;4.825692;1.501181;4.127335;2.765225;1.706773;4.423158;4.776421;4.891188;3.166363;4.753487;1.467113;3.612792;3.962563;1.625838;5.553822;6.044468;4.185492;3.870299;3.411462;3.020169;2.158148;2.547862;4.022988;3.444995;4.758019;3.885007;4.192644;2.646994;3.414366;2.621500;5.475292;3.624011;5.033246;6.189799;6.089109;9.309547;5.597600;4.557820;9.112921;5.200099;4.726274;4.882661;7.456281;6.704163;7.243998;7.056149;8.927533;8.869202;7.045948;5.361426;5.093012;8.942502;5.298678;4.485030;8.327289;7.334034;6.069494;6.088863;6.546191;7.268071;9.010329;7.273585;7.082022;5.210557;7.940968;7.397888;8.737818;3.711144;4.283725;7.057711;8.442447;5.884681;6.806846;7.153029;8.840534;8.171285;9.385770;7.082350;3.267442;7.500015;4.565022;8.044126;3.802381;7.428290;8.692627;7.502583;5.078150;6.008463;5.947851;9.267385;8.594406;7.024076;3.654061
1.700000;-5.500381;2.883303;3.516744;3.546410;3.003126;3.390618;1.923490;3.221133;4.125374;1.593229;5.343139;1.722702;3.301862;2.349583;4.036807;4.100349;2.219224;1.903872;2.955640;3.829287;5.368020;2.832343;3.820907;4.143863;1.694063;3.866352;3.483680;2.735555;3.529743;2.984559;4.814399;3.035893;4.521061;4.903221;4.798583;1.967242;2.997624;1.346181;3.600124;5.727439;4.948770;1.515213;5.136517;1.929481;5.053803;3.276463;4.037625;4.414310;5.632700;3.665187;2.778754;5.417427;2.719233;1.824054;3.142044;3.394496;4.096777;4.639859;1.881209;5.135443;1.357581;2.731808;1.716763;2.956888;4.149032;4.824903;3.470027;4.126146;3.199287;4.750816;5.146641;3.726349;4.329874;3.279709;2.126857;4.581482;2.171409;1.571759;1.583794;5.070662;1.874410;2.607577;4.170317;4.836411;1.507073;4.153292;2.776782;1.909472;4.320084;4.818591;4.910245;3.190507;4.757912;1.475836;3.620272;3.974104;1.637460;5.592857;6.080816;4.190065;3.897499;3.377285;3.036166;2.175252;2.559384;4.037365;3.464563;4.766820;3.888356;4.216106;2.646994;3.430302;2.635594;5.492733;3.661545;8.527106;6.201074;6.080512;9.319133;5.599106;4.564049;9.132945;5.222962;4.732075;4.882814;7.457382;6.506490;7.294146;7.072875;8.957731;8.896785;7.055191;5.361804;5.121540;8.975632;5.298678;4.503471;8.260791;7.160827;6.078287;6.152713;6.574134;7.349283;9.021335;7.273593;7.083986;5.216025;7.973114;7.416816;8.803810;3.720937;4.309951;7.069565;8.456647;5.896347;6.898154;7.162474;8.847124;8.247709;9.406179;7.104087;3.267442;7.494592;4.627565;8.049382;3.818134;7.465565;8.735134;7.537113;5.084703;6.067656;5.974859;9.307027;8.633067;7.026701;3.654061
1.700000;-4.031015;3.036873;3.494905;3.528014;2.986030;3.358031;1.820097;3.152630;4.115300;1.574039;5.329739;1.706760;3.273904;2.372531;3.779377;4.057239;2.621968;1.875596;2.942720;3.792889;5.346961;2.806545;3.813793;4.125772;1.669115;4.362996;3.460943;2.682584;3.502614;2.965281;4.814400;2.995649;4.507844;4.892270;4.792174;1.921564;2.972422;1.335591;3.564606;5.671391;4.926495;1.508420;5.126742;1.917132;5.017515;3.266326;4.032434;4.403360;5.601232;3.656422;2.757360;5.385525;2.708289;1.810734;3.115443;3.369794;3.827551;4.709655;1.864401;5.110807;1.441560;2.698624;1.690582;2.597963;4.131790;4.799482;3.455070;4.091609;3.190737;4.801397;5.124557;3.798409;4.281207;3.246181;2.109700;4.543558;2.149765;1.539081;1.577404;5.040577;1.857411;2.526545;4.165041;4.822547;1.499474;4.119412;2.761830;1.737492;4.352588;4.763086;4.885470;3.159030;4.752210;1.475836;3.610614;3.959166;1.622418;5.541554;6.033114;4.184173;3.861975;3.485966;3.015407;2.153038;2.544472;4.018726;3.439115;4.755447;3.884044;4.185529;2.646994;3.409625;2.617325;5.470079;3.612257;4.988136;6.186481;6.086260;9.306741;5.597171;4.556012;9.106896;5.193174;4.724590;4.883010;7.493006;6.483616;7.227869;7.125328;8.918232;8.860753;7.043244;5.410345;5.084258;8.932222;5.298677;4.358372;8.197474;7.367003;6.066926;6.067790;6.537626;7.240454;9.007094;7.273589;7.081460;5.208973;7.931017;7.392211;8.918585;3.703821;4.275715;7.054219;8.438240;5.881246;6.775266;7.150265;8.838622;8.145494;9.379626;7.075782;3.267442;7.497088;4.544423;8.042603;3.797694;7.416623;8.679175;7.491841;5.076247;5.989098;5.939591;9.254911;8.582266;7.023324;3.654061
1.700000;-7.114506;3.310540;3.494126;3.527410;2.985484;3.356622;1.950714;3.148439;4.115040;1.573395;5.329353;1.706268;3.272788;2.330209;3.871214;4.055104;2.341891;1.874456;2.942354;3.791227;5.346225;2.805552;3.813630;4.125181;1.668170;4.037829;3.460117;2.679692;3.501543;2.964633;4.814400;2.993727;4.507470;4.891977;4.792032;1.973637;2.971461;1.335314;3.563007;5.668251;4.925695;1.508267;5.126493;1.916789;5.015859;3.266066;4.032324;4.403069;5.599900;3.656207;2.756603;5.384160;2.707999;1.810353;3.114407;3.368860;3.838877;4.710413;1.863870;5.109877;1.371037;2.697176;1.689565;2.690512;4.131239;4.798506;3.454621;4.090075;3.190529;4.826207;5.123768;3.687589;4.278649;3.244712;2.109153;4.541793;2.148998;2.092669;1.577262;5.039324;1.856873;2.448833;4.164929;4.822142;1.499297;4.117923;2.761377;1.694974;5.103513;4.759989;4.884534;3.157694;4.752087;1.659525;3.610372;3.958718;1.621963;5.538799;6.030634;4.184046;3.860373;3.451207;3.014686;2.152239;2.544024;4.018108;3.438143;4.755142;3.883956;4.184246;2.646994;3.408909;2.616727;5.469258;3.609655;5.239583;6.186050;6.080535;9.306399;5.597136;4.555821;9.105887;5.191940;4.724417;4.900759;7.462130;6.540450;7.223869;7.045187;8.916354;8.859118;7.042916;5.367434;5.082536;8.930068;5.298676;4.523017;8.195298;7.122027;6.066616;6.062127;6.535957;7.232526;9.006680;7.273582;7.081413;5.208813;7.928957;7.391280;8.733303;3.681061;4.274200;7.053753;8.437633;5.880793;6.765993;7.149926;8.838414;8.138213;9.378585;7.074641;3.267441;7.485345;4.538921;8.042449;3.796987;7.414050;8.676040;7.489544;5.076042;5.984012;5.938003;9.252090;8.579545;7.023258;3.654061
